3.437500000000000000e-01
3.818179999999999907e-01
1.666670000000000096e-01
-2.396689999999999932e-01
3.870970000000000244e-01
3.818179999999999907e-01
1.578950000000000076e-01
-1.562500000000000000e-01
4.687500000000000000e-01
4.757279999999999842e-01
1.578950000000000076e-01
-1.562500000000000000e-01
2.258060000000000067e-01
4.423079999999999790e-01
1.304349999999999954e-01
-1.525420000000000109e-01
3.125000000000000000e-01
5.339810000000000390e-01
1.807229999999999948e-01
-1.382110000000000005e-01
3.230770000000000031e-01
3.592230000000000145e-01
2.222220000000000029e-01
-7.199999999999999456e-02
3.750000000000000000e-01
3.653850000000000153e-01
2.183910000000000018e-01
-1.833329999999999960e-01
2.615379999999999927e-01
4.059409999999999963e-01
9.473679999999999601e-02
-1.562500000000000000e-01
2.500000000000000000e-01
3.786410000000000053e-01
1.052630000000000059e-02
-2.187500000000000000e-01
