3.125000000000000000e-01
3.636360000000000148e-01
1.666670000000000096e-01
-1.735540000000000138e-01
2.258060000000000067e-01
3.636360000000000148e-01
1.578950000000000076e-01
-1.562500000000000000e-01
3.125000000000000000e-01
5.339810000000000390e-01
1.578950000000000076e-01
-9.375000000000000000e-02
2.903229999999999977e-01
3.653850000000000153e-01
-2.173910000000000078e-02
-2.203390000000000071e-01
3.750000000000000000e-01
3.786410000000000053e-01
2.048190000000000011e-01
-2.032519999999999882e-01
2.615379999999999927e-01
3.786410000000000053e-01
1.555559999999999998e-01
-1.360000000000000098e-01
2.500000000000000000e-01
3.076920000000000210e-01
-1.264369999999999938e-01
-3.333329999999999904e-01
1.384620000000000017e-01
1.881190000000000084e-01
-3.157890000000000003e-02
-3.593750000000000000e-01
-1.250000000000000000e-01
9.708740000000000425e-03
-3.052630000000000066e-01
-4.062500000000000000e-01
