-6.250000000000000000e-02
5.272729999999999917e-01
5.000000000000000000e-01
1.239669999999999939e-01
-1.290320000000000078e-01
5.272729999999999917e-01
4.526319999999999788e-01
1.562500000000000000e-02
-1.562500000000000000e-01
6.310679999999999623e-01
4.526319999999999788e-01
6.250000000000000000e-02
-9.677420000000000466e-02
6.923080000000000345e-01
4.565219999999999834e-01
1.016949999999999937e-01
-1.250000000000000000e-01
6.310679999999999623e-01
5.421690000000000120e-01
4.065040000000000320e-02
-2.307690000000000019e-01
6.310679999999999623e-01
4.444440000000000057e-01
1.039999999999999952e-01
-1.250000000000000000e-01
7.115380000000000038e-01
5.862070000000000336e-01
8.333329999999999904e-02
-2.307690000000000019e-01
6.831679999999999975e-01
5.157890000000000530e-01
9.375000000000000000e-02
-1.250000000000000000e-01
5.533979999999999455e-01
4.315789999999999904e-01
4.687500000000000000e-02
