-4.062500000000000000e-01
-5.454549999999999677e-02
-4.761900000000000160e-02
-2.066119999999999901e-01
-2.580649999999999888e-01
9.090910000000000657e-02
2.210529999999999995e-01
-6.250000000000000000e-02
-2.812500000000000000e-01
2.427179999999999893e-01
3.052630000000000066e-01
-6.250000000000000000e-02
-2.580649999999999888e-01
2.307690000000000019e-01
4.347829999999999750e-02
-3.389829999999999927e-02
-1.562500000000000000e-01
4.757279999999999842e-01
3.975899999999999990e-01
-2.439020000000000077e-02
-2.615379999999999927e-01
3.980580000000000229e-01
4.222219999999999862e-01
-2.400000000000000050e-02
-1.562500000000000000e-01
4.423079999999999790e-01
4.022990000000000177e-01
-6.666669999999999541e-02
-4.615380000000000177e-02
5.643559999999999688e-01
4.526319999999999788e-01
1.562500000000000000e-02
-1.562500000000000000e-01
5.339810000000000390e-01
2.631580000000000030e-01
-4.687500000000000000e-02
