-4.062500000000000000e-01
3.090910000000000046e-01
3.571429999999999882e-01
-2.479340000000000016e-02
-3.870970000000000244e-01
3.818179999999999907e-01
4.315789999999999904e-01
-1.562500000000000000e-02
-2.812500000000000000e-01
4.757279999999999842e-01
4.315789999999999904e-01
4.687500000000000000e-02
-2.580649999999999888e-01
2.307690000000000019e-01
1.956519999999999926e-01
-5.084749999999999687e-02
-2.812500000000000000e-01
4.174760000000000137e-01
1.566269999999999885e-01
-1.056909999999999933e-01
-1.692309999999999925e-01
4.174760000000000137e-01
3.777780000000000027e-01
8.000000000000000167e-03
-2.812500000000000000e-01
3.846149999999999847e-01
1.034479999999999983e-01
-1.333330000000000071e-01
-1.384620000000000017e-01
3.465349999999999819e-01
7.368420000000000525e-02
-1.562500000000000000e-01
-1.562500000000000000e-01
3.203880000000000061e-01
1.578950000000000076e-01
-2.187500000000000000e-01
