-5.937500000000000000e-01
-5.090909999999999602e-01
-5.476189999999999669e-01
-3.884299999999999975e-01
-5.806449999999999667e-01
-5.090909999999999602e-01
-5.578950000000000298e-01
-4.687500000000000000e-01
-5.000000000000000000e-01
-4.757279999999999842e-01
-5.578950000000000298e-01
-4.687500000000000000e-01
-5.161289999999999489e-01
-4.807690000000000019e-01
-3.043480000000000074e-01
-4.237290000000000223e-01
-5.312500000000000000e-01
-5.339810000000000390e-01
-5.662650000000000183e-01
-4.634150000000000214e-01
-5.076920000000000321e-01
-5.922330000000000094e-01
-5.555560000000000498e-01
-4.719999999999999751e-01
-4.062500000000000000e-01
-3.653850000000000153e-01
-5.402299999999999880e-01
-5.166669999999999874e-01
-3.846149999999999847e-01
-4.257429999999999826e-01
-4.526319999999999788e-01
-4.218750000000000000e-01
-4.062500000000000000e-01
-4.951459999999999750e-01
-4.526319999999999788e-01
-3.593750000000000000e-01
