5.625000000000000000e-01
7.454549999999999788e-01
8.333329999999999904e-01
1.570249999999999979e-01
4.838709999999999956e-01
8.363639999999999963e-01
7.473680000000000323e-01
2.187500000000000000e-01
5.625000000000000000e-01
8.640780000000000127e-01
6.210529999999999662e-01
1.562500000000000000e-01
5.161289999999999489e-01
8.269229999999999636e-01
6.739129999999999843e-01
1.525420000000000109e-01
6.250000000000000000e-01
9.417480000000000295e-01
9.036140000000000283e-01
1.544719999999999982e-01
6.307690000000000241e-01
8.446599999999999664e-01
7.777779999999999694e-01
2.159999999999999976e-01
5.312500000000000000e-01
8.846150000000000402e-01
7.471259999999999568e-01
1.666670000000000096e-01
6.615379999999999594e-01
9.405940000000000412e-01
6.631580000000000252e-01
1.718750000000000000e-01
7.812500000000000000e-01
9.029129999999999656e-01
5.578950000000000298e-01
1.250000000000000000e-01
