-1.250000000000000000e-01
-2.545450000000000212e-01
4.761900000000000160e-02
-1.404960000000000098e-01
-6.774189999999999934e-01
-7.818180000000000129e-01
4.315789999999999904e-01
6.093750000000000000e-01
-9.062500000000000000e-01
-9.611650000000000471e-01
7.473680000000000323e-01
7.812500000000000000e-01
1.290320000000000078e-01
1.538460000000000105e-01
-1.304349999999999954e-01
-2.881360000000000032e-01
-2.812500000000000000e-01
-3.980580000000000229e-01
1.566269999999999885e-01
7.317070000000000518e-02
-7.230769999999999698e-01
-8.640780000000000127e-01
7.333330000000000126e-01
7.279999999999999805e-01
3.125000000000000000e-01
3.269230000000000191e-01
1.724140000000000117e-01
-2.166669999999999985e-01
3.230770000000000031e-01
4.455450000000000244e-01
5.263160000000000061e-02
-1.250000000000000000e-01
1.875000000000000000e-01
1.650490000000000013e-01
-1.157890000000000030e-01
-2.343750000000000000e-01
