6.250000000000000000e-02
1.818180000000000074e-01
3.809520000000000128e-01
8.264459999999999515e-03
9.677420000000000466e-02
1.818180000000000074e-01
2.631580000000000030e-01
1.562500000000000000e-02
-6.250000000000000000e-02
1.844659999999999911e-01
3.473680000000000101e-01
6.250000000000000000e-02
-2.258060000000000067e-01
1.153850000000000015e-01
6.521739999999999482e-02
-1.694920000000000107e-02
-2.500000000000000000e-01
-2.912620000000000139e-02
2.048190000000000011e-01
4.065040000000000320e-02
-1.076919999999999961e-01
-1.844659999999999911e-01
3.555559999999999832e-01
1.039999999999999952e-01
-2.500000000000000000e-01
-2.115380000000000038e-01
1.724140000000000117e-01
-1.000000000000000056e-01
-2.307690000000000019e-01
-2.673269999999999813e-01
2.210529999999999995e-01
-1.562500000000000000e-02
-3.750000000000000000e-01
-3.398059999999999969e-01
2.210529999999999995e-01
9.375000000000000000e-02
