-6.250000000000000000e-02
-5.454549999999999677e-02
-4.761900000000000022e-01
-5.867769999999999930e-01
9.677420000000000466e-02
-5.454549999999999677e-02
-3.263159999999999950e-01
-4.375000000000000000e-01
-6.250000000000000000e-02
9.708740000000000425e-03
-3.263159999999999950e-01
-4.843750000000000000e-01
-9.677420000000000466e-02
-3.846150000000000263e-02
-4.565219999999999834e-01
-5.254240000000000022e-01
-1.250000000000000000e-01
-2.912620000000000139e-02
-5.662650000000000183e-01
-5.609760000000000302e-01
-1.076919999999999961e-01
-1.067960000000000020e-01
-3.777780000000000027e-01
-4.879999999999999893e-01
-1.250000000000000000e-01
-1.538460000000000105e-01
-4.942529999999999979e-01
-6.333330000000000348e-01
-1.076919999999999961e-01
-1.287129999999999941e-01
-6.421050000000000368e-01
-5.781250000000000000e-01
-1.250000000000000000e-01
-1.456310000000000104e-01
-5.578950000000000298e-01
-5.312500000000000000e-01
