-9.375000000000000000e-01
-9.454550000000000454e-01
1.666670000000000096e-01
3.223139999999999894e-01
-9.354839999999999822e-01
-9.454550000000000454e-01
1.578950000000000076e-01
3.593750000000000000e-01
-9.375000000000000000e-01
-9.029129999999999656e-01
1.578950000000000076e-01
2.500000000000000000e-01
-8.709679999999999644e-01
-9.615380000000000038e-01
1.304349999999999954e-01
4.576270000000000060e-01
-8.750000000000000000e-01
-9.611650000000000471e-01
8.433730000000000393e-02
3.170729999999999937e-01
-8.461539999999999617e-01
-8.640780000000000127e-01
2.222220000000000029e-01
2.000000000000000111e-01
-7.812500000000000000e-01
-8.076919999999999655e-01
2.183910000000000018e-01
3.666670000000000207e-01
-5.692310000000000425e-01
-5.643559999999999688e-01
1.052630000000000059e-02
1.562500000000000000e-02
-3.750000000000000000e-01
-2.427179999999999893e-01
-7.368420000000000525e-02
-2.187500000000000000e-01
