-1.562500000000000000e-01
-9.090910000000000657e-02
-5.476189999999999669e-01
-4.876030000000000086e-01
-1.290320000000000078e-01
-2.181819999999999871e-01
-6.210529999999999662e-01
-5.625000000000000000e-01
-4.062500000000000000e-01
-4.174760000000000137e-01
-8.947370000000000045e-01
-7.968750000000000000e-01
-4.516129999999999867e-01
-3.076920000000000210e-01
-7.826089999999999991e-01
-6.949149999999999494e-01
-5.937500000000000000e-01
-3.592230000000000145e-01
-8.313249999999999806e-01
-7.723579999999999890e-01
-4.461539999999999950e-01
-4.368929999999999758e-01
-8.666669999999999652e-01
-7.600000000000000089e-01
-5.937500000000000000e-01
-4.615380000000000038e-01
-8.390800000000000480e-01
-8.666669999999999652e-01
-4.461539999999999950e-01
-3.663370000000000237e-01
-7.052629999999999733e-01
-6.718750000000000000e-01
-3.750000000000000000e-01
-3.786410000000000053e-01
-6.421050000000000368e-01
-6.093750000000000000e-01
