-2.812500000000000000e-01
3.636360000000000287e-02
-1.190480000000000010e-01
-2.231400000000000050e-01
-2.580649999999999888e-01
-5.454549999999999677e-02
-1.789469999999999950e-01
-1.562500000000000000e-01
-1.562500000000000000e-01
1.844659999999999911e-01
1.578950000000000076e-01
-9.375000000000000000e-02
-3.548390000000000155e-01
3.846150000000000263e-02
-1.086960000000000010e-01
-2.203390000000000071e-01
-2.500000000000000000e-01
4.854370000000000213e-02
1.204820000000000023e-02
-2.032519999999999882e-01
-2.307690000000000019e-01
1.262139999999999929e-01
6.666669999999999541e-02
-1.360000000000000098e-01
-2.500000000000000000e-01
1.538460000000000105e-01
1.724140000000000117e-01
-1.499999999999999944e-01
-3.538459999999999939e-01
1.089109999999999939e-01
5.263160000000000061e-02
-1.250000000000000000e-01
-2.500000000000000000e-01
8.737860000000000071e-02
-3.157890000000000003e-02
-1.875000000000000000e-01
