6.250000000000000000e-02
5.636360000000000259e-01
5.714289999999999647e-01
1.074380000000000057e-01
-3.225809999999999789e-02
4.909089999999999843e-01
3.052630000000000066e-01
4.687500000000000000e-02
-1.875000000000000000e-01
4.174760000000000137e-01
2.210529999999999995e-01
-1.250000000000000000e-01
0.000000000000000000e+00
6.346150000000000402e-01
4.347829999999999750e-01
1.016949999999999937e-01
-1.562500000000000000e-01
6.504849999999999799e-01
5.180719999999999770e-01
4.065040000000000320e-02
-1.384620000000000017e-01
4.757279999999999842e-01
3.333329999999999904e-01
-2.400000000000000050e-02
-6.250000000000000000e-02
6.153849999999999598e-01
5.172409999999999508e-01
5.000000000000000278e-02
-1.384620000000000017e-01
6.633660000000000112e-01
4.526319999999999788e-01
1.562500000000000000e-02
-1.562500000000000000e-01
5.339810000000000390e-01
3.473680000000000101e-01
6.250000000000000000e-02
