9.375000000000000000e-02
1.818180000000000143e-02
-4.761900000000000160e-02
-2.396689999999999932e-01
1.290320000000000078e-01
1.636360000000000037e-01
-3.157890000000000003e-02
-1.562500000000000000e-01
2.187500000000000000e-01
1.650490000000000013e-01
-3.157890000000000003e-02
-2.812500000000000000e-01
2.258060000000000067e-01
2.307690000000000019e-01
-6.521739999999999482e-02
-2.372879999999999989e-01
-1.875000000000000000e-01
-1.456310000000000104e-01
-3.253010000000000068e-01
-2.845530000000000004e-01
-3.846149999999999847e-01
-3.009709999999999885e-01
-1.555559999999999998e-01
-2.800000000000000266e-01
3.437500000000000000e-01
1.730770000000000086e-01
1.149430000000000070e-02
-2.500000000000000000e-01
-1.384620000000000017e-01
-2.277230000000000087e-01
-3.263159999999999950e-01
-3.281250000000000000e-01
-2.812500000000000000e-01
-2.427179999999999893e-01
-3.894739999999999869e-01
-3.281250000000000000e-01
