4.375000000000000000e-01
3.272729999999999806e-01
2.380950000000000011e-01
-7.438019999999999354e-02
4.838709999999999956e-01
3.272729999999999806e-01
2.210529999999999995e-01
-6.250000000000000000e-02
1.875000000000000000e-01
4.174760000000000137e-01
3.052630000000000066e-01
-1.562500000000000000e-02
5.161289999999999489e-01
3.846149999999999847e-01
1.304349999999999954e-01
-1.016949999999999937e-01
2.187500000000000000e-01
3.980580000000000229e-01
1.807229999999999948e-01
-1.544719999999999982e-01
1.076919999999999961e-01
3.980580000000000229e-01
3.333329999999999904e-01
-2.400000000000000050e-02
1.875000000000000000e-01
2.500000000000000000e-01
1.034479999999999983e-01
-1.166670000000000068e-01
7.692309999999999426e-02
3.861390000000000100e-01
1.578950000000000076e-01
1.562500000000000000e-02
-1.562500000000000000e-01
3.592230000000000145e-01
2.631580000000000030e-01
1.562500000000000000e-02
