-3.125000000000000000e-02
-1.272729999999999972e-01
-2.619049999999999989e-01
-4.380169999999999897e-01
0.000000000000000000e+00
-1.272729999999999972e-01
-3.894739999999999869e-01
-4.687500000000000000e-01
-1.250000000000000000e-01
9.708740000000000425e-03
-3.052630000000000066e-01
-4.062500000000000000e-01
0.000000000000000000e+00
0.000000000000000000e+00
-3.043480000000000074e-01
-4.237290000000000223e-01
9.375000000000000000e-02
9.708740000000000425e-03
-3.975899999999999990e-01
-4.634150000000000214e-01
-1.538460000000000001e-02
9.708740000000000425e-03
-2.222220000000000029e-01
-4.719999999999999751e-01
6.250000000000000000e-02
7.692309999999999426e-02
-2.873560000000000003e-01
-4.000000000000000222e-01
7.692309999999999426e-02
2.970300000000000024e-02
-3.684209999999999985e-01
-4.218750000000000000e-01
-6.250000000000000000e-02
-6.796119999999999939e-02
-4.526319999999999788e-01
-4.687500000000000000e-01
