6.250000000000000000e-01
5.999999999999999778e-01
4.047620000000000107e-01
8.264459999999999515e-03
6.774189999999999934e-01
4.363639999999999741e-01
2.842109999999999914e-01
-9.375000000000000000e-02
5.000000000000000000e-01
4.563110000000000221e-01
1.789469999999999950e-01
-1.562500000000000000e-01
5.483869999999999578e-01
3.846149999999999847e-01
1.086960000000000010e-01
-6.779659999999999853e-02
2.500000000000000000e-01
3.980580000000000229e-01
1.566269999999999885e-01
-2.357720000000000093e-01
3.846149999999999847e-01
4.757279999999999842e-01
2.000000000000000111e-01
-1.680000000000000104e-01
3.750000000000000000e-01
3.846149999999999847e-01
1.724140000000000117e-01
-2.500000000000000000e-01
3.846149999999999847e-01
4.257429999999999826e-01
1.368419999999999914e-01
-2.187500000000000000e-01
5.000000000000000000e-01
3.980580000000000229e-01
2.421049999999999869e-01
-1.562500000000000000e-01
