-4.062500000000000000e-01
-5.090909999999999602e-01
-3.809520000000000128e-01
-3.553720000000000212e-01
-4.838709999999999956e-01
-6.181820000000000093e-01
-4.736839999999999939e-01
-4.531250000000000000e-01
-6.250000000000000000e-01
-5.922330000000000094e-01
-4.736839999999999939e-01
-5.156250000000000000e-01
-4.516129999999999867e-01
-3.653850000000000153e-01
-3.695649999999999769e-01
-3.220339999999999869e-01
-5.937500000000000000e-01
-4.951459999999999750e-01
-4.698800000000000199e-01
-3.658540000000000125e-01
-5.692310000000000425e-01
-6.310679999999999623e-01
-3.777780000000000027e-01
-3.599999999999999867e-01
-3.750000000000000000e-01
-3.269230000000000191e-01
-2.413790000000000102e-01
-4.333330000000000237e-01
-4.461539999999999950e-01
-5.049500000000000099e-01
-4.105260000000000020e-01
-3.281250000000000000e-01
-6.875000000000000000e-01
-6.310679999999999623e-01
-4.105260000000000020e-01
-2.656250000000000000e-01
