-7.500000000000000000e-01
-8.727270000000000305e-01
1.428570000000000118e-01
2.396689999999999932e-01
-7.419350000000000112e-01
-8.181819999999999649e-01
1.368419999999999914e-01
2.968750000000000000e-01
-8.750000000000000000e-01
-9.611650000000000471e-01
2.421049999999999869e-01
4.375000000000000000e-01
-8.064519999999999467e-01
-9.038460000000000383e-01
1.086960000000000010e-01
3.220339999999999869e-01
-9.062500000000000000e-01
-9.029129999999999656e-01
1.566269999999999885e-01
3.008129999999999971e-01
-7.846149999999999514e-01
-8.640780000000000127e-01
2.000000000000000111e-01
4.239999999999999880e-01
-8.125000000000000000e-01
-9.038460000000000383e-01
1.034479999999999983e-01
3.666670000000000207e-01
-7.846149999999999514e-01
-9.009899999999999576e-01
7.368420000000000525e-02
3.593750000000000000e-01
-9.375000000000000000e-01
-9.417480000000000295e-01
7.368420000000000525e-02
4.218750000000000000e-01
