3.125000000000000000e-01
3.636360000000000148e-01
7.142859999999999487e-02
-2.231400000000000050e-01
2.258060000000000067e-01
3.636360000000000148e-01
1.578950000000000076e-01
-2.031250000000000000e-01
1.875000000000000000e-01
3.592230000000000145e-01
7.368420000000000525e-02
-2.031250000000000000e-01
2.903229999999999977e-01
3.653850000000000153e-01
-2.173910000000000078e-02
-2.203390000000000071e-01
2.500000000000000000e-01
3.786410000000000053e-01
1.084340000000000026e-01
-3.170729999999999937e-01
3.846149999999999847e-01
3.009709999999999885e-01
6.666669999999999541e-02
-2.479999999999999982e-01
2.500000000000000000e-01
3.076920000000000210e-01
8.045979999999999799e-02
-2.666669999999999874e-01
2.615379999999999927e-01
4.257429999999999826e-01
5.263160000000000061e-02
-2.968750000000000000e-01
3.750000000000000000e-01
3.203880000000000061e-01
5.263160000000000061e-02
-2.343750000000000000e-01
