-7.500000000000000000e-01
-8.727270000000000305e-01
5.952380000000000448e-01
6.528929999999999456e-01
-7.419350000000000112e-01
-8.181819999999999649e-01
4.315789999999999904e-01
5.000000000000000000e-01
-7.500000000000000000e-01
-7.475730000000000430e-01
4.315789999999999904e-01
2.968750000000000000e-01
-8.064519999999999467e-01
-8.653849999999999598e-01
6.086960000000000148e-01
6.271189999999999820e-01
-7.187500000000000000e-01
-9.029129999999999656e-01
7.108430000000000026e-01
6.097559999999999647e-01
-7.846149999999999514e-01
-9.029129999999999656e-01
5.999999999999999778e-01
5.999999999999999778e-01
-8.125000000000000000e-01
-9.038460000000000383e-01
5.172409999999999508e-01
6.833329999999999682e-01
-7.846149999999999514e-01
-9.009899999999999576e-01
4.526319999999999788e-01
5.937500000000000000e-01
-8.125000000000000000e-01
-8.640780000000000127e-01
4.526319999999999788e-01
5.312500000000000000e-01
