-1.250000000000000000e-01
-1.272729999999999972e-01
-4.523809999999999776e-01
-4.380169999999999897e-01
0.000000000000000000e+00
-1.272729999999999972e-01
-3.894739999999999869e-01
-4.687500000000000000e-01
-3.125000000000000000e-02
9.708740000000000425e-03
-3.894739999999999869e-01
-4.687500000000000000e-01
0.000000000000000000e+00
-7.692309999999999426e-02
-5.434780000000000166e-01
-5.084750000000000103e-01
-1.562500000000000000e-01
-1.262139999999999929e-01
-6.626509999999999900e-01
-6.097559999999999647e-01
-1.384620000000000017e-01
-1.262139999999999929e-01
-4.666669999999999985e-01
-5.360000000000000320e-01
-4.062500000000000000e-01
-3.076920000000000210e-01
-7.011490000000000222e-01
-6.500000000000000222e-01
-3.846149999999999847e-01
-2.871290000000000231e-01
-5.157890000000000530e-01
-5.312500000000000000e-01
-2.812500000000000000e-01
-2.233009999999999995e-01
-5.157890000000000530e-01
-5.937500000000000000e-01
