-1.562500000000000000e-01
-5.454549999999999677e-02
-4.047620000000000107e-01
-5.206610000000000404e-01
-1.290320000000000078e-01
-1.818180000000000074e-01
-4.315789999999999904e-01
-5.468750000000000000e-01
-1.562500000000000000e-01
-6.796119999999999939e-02
-4.947369999999999823e-01
-5.468750000000000000e-01
-1.612899999999999889e-01
-7.692309999999999426e-02
-5.000000000000000000e-01
-4.915249999999999897e-01
-6.250000000000000000e-02
9.708740000000000425e-03
-3.253010000000000068e-01
-4.796750000000000180e-01
-1.692309999999999925e-01
-6.796119999999999939e-02
-4.888890000000000180e-01
-5.200000000000000178e-01
-2.812500000000000000e-01
-2.500000000000000000e-01
-6.551719999999999766e-01
-6.166669999999999652e-01
-1.384620000000000017e-01
-9.900990000000000138e-03
-4.736839999999999939e-01
-4.531250000000000000e-01
-3.125000000000000000e-02
4.854370000000000213e-02
-3.263159999999999950e-01
-4.531250000000000000e-01
