-5.937500000000000000e-01
-3.636360000000000148e-01
-4.761900000000000022e-01
-5.371899999999999453e-01
-3.548390000000000155e-01
-9.090910000000000657e-02
-3.263159999999999950e-01
-4.375000000000000000e-01
-2.500000000000000000e-01
4.854370000000000213e-02
-3.263159999999999950e-01
-3.906250000000000000e-01
-5.806449999999999667e-01
-4.230769999999999809e-01
-5.217389999999999528e-01
-4.915249999999999897e-01
-5.000000000000000000e-01
-2.038830000000000087e-01
-2.530120000000000147e-01
-5.284550000000000081e-01
-2.307690000000000019e-01
9.708740000000000425e-03
-1.777779999999999916e-01
-3.920000000000000151e-01
-6.562500000000000000e-01
-4.038459999999999828e-01
-3.563220000000000276e-01
-3.166669999999999763e-01
-5.076920000000000321e-01
-1.881190000000000084e-01
-1.789469999999999950e-01
-3.437500000000000000e-01
-2.812500000000000000e-01
1.650490000000000013e-01
-1.789469999999999950e-01
-3.437500000000000000e-01
