-1.250000000000000000e-01
-1.818180000000000143e-02
-3.809520000000000128e-01
-4.710739999999999927e-01
3.225809999999999789e-02
1.272729999999999972e-01
-7.368420000000000525e-02
-3.281250000000000000e-01
2.500000000000000000e-01
4.563110000000000221e-01
1.789469999999999950e-01
-9.375000000000000000e-02
-9.677420000000000466e-02
7.692309999999999426e-02
-3.478260000000000240e-01
-4.915249999999999897e-01
-1.250000000000000000e-01
8.737860000000000071e-02
-2.530120000000000147e-01
-4.634150000000000214e-01
1.384620000000000017e-01
2.427179999999999893e-01
2.222220000000000098e-02
-1.680000000000000104e-01
-3.125000000000000000e-02
0.000000000000000000e+00
-2.643679999999999919e-01
-4.500000000000000111e-01
-1.538460000000000001e-02
2.970300000000000024e-02
-2.631580000000000030e-01
-4.843750000000000000e-01
-3.125000000000000000e-02
8.737860000000000071e-02
-1.789469999999999950e-01
-4.062500000000000000e-01
