4.062500000000000000e-01
4.363639999999999741e-01
2.857140000000000235e-01
-5.785119999999999846e-02
5.806449999999999667e-01
4.363639999999999741e-01
3.473680000000000101e-01
-4.687500000000000000e-02
5.312500000000000000e-01
5.339810000000000390e-01
2.631580000000000030e-01
-4.687500000000000000e-02
4.193549999999999778e-01
4.423079999999999790e-01
6.521739999999999482e-02
-8.474579999999999613e-02
5.000000000000000000e-01
5.339810000000000390e-01
3.253010000000000068e-01
-1.382110000000000005e-01
5.076920000000000321e-01
5.339810000000000390e-01
3.555559999999999832e-01
-7.199999999999999456e-02
3.750000000000000000e-01
3.846149999999999847e-01
1.724140000000000117e-01
-1.499999999999999944e-01
3.846149999999999847e-01
5.049500000000000099e-01
3.263159999999999950e-01
-7.812500000000000000e-02
5.000000000000000000e-01
5.533979999999999455e-01
4.315789999999999904e-01
-7.812500000000000000e-02
