1.875000000000000000e-01
9.090910000000000657e-02
-3.333329999999999904e-01
-3.884299999999999975e-01
9.677420000000000466e-02
-5.454549999999999677e-02
-2.842109999999999914e-01
-4.687500000000000000e-01
-6.250000000000000000e-02
8.737860000000000071e-02
-2.842109999999999914e-01
-4.218750000000000000e-01
1.290320000000000078e-01
1.730770000000000086e-01
-4.347829999999999750e-02
-3.389829999999999788e-01
9.375000000000000000e-02
1.067960000000000020e-01
-1.084340000000000026e-01
-4.471539999999999959e-01
1.076919999999999961e-01
2.427179999999999893e-01
-1.111110000000000014e-01
-2.640000000000000124e-01
1.875000000000000000e-01
2.500000000000000000e-01
1.149430000000000070e-02
-2.333330000000000126e-01
2.000000000000000111e-01
2.871290000000000231e-01
-1.052630000000000059e-02
-2.031250000000000000e-01
1.875000000000000000e-01
2.621359999999999801e-01
7.368420000000000525e-02
-1.562500000000000000e-01
