-8.750000000000000000e-01
-8.727270000000000305e-01
6.190480000000000427e-01
6.528929999999999456e-01
-8.709679999999999644e-01
-8.727270000000000305e-01
5.578950000000000298e-01
6.718750000000000000e-01
-8.750000000000000000e-01
-8.640780000000000127e-01
6.631580000000000252e-01
7.343750000000000000e-01
-7.741940000000000488e-01
-9.230770000000000364e-01
6.956520000000000481e-01
7.288139999999999619e-01
-8.750000000000000000e-01
-8.640780000000000127e-01
8.072289999999999743e-01
7.073169999999999735e-01
-7.538460000000000161e-01
-8.640780000000000127e-01
9.111110000000000042e-01
7.600000000000000089e-01
-9.062500000000000000e-01
-9.230770000000000364e-01
8.390800000000000480e-01
8.166670000000000318e-01
-8.769230000000000080e-01
-9.603960000000000274e-01
7.473680000000000323e-01
7.812500000000000000e-01
-8.125000000000000000e-01
-9.223299999999999832e-01
7.473680000000000323e-01
8.906250000000000000e-01
