-9.062500000000000000e-01
-9.272730000000000139e-01
1.428570000000000118e-01
3.388430000000000053e-01
-9.032259999999999733e-01
-9.636360000000000481e-01
3.263159999999999950e-01
3.281250000000000000e-01
-9.062500000000000000e-01
-9.611650000000000471e-01
2.210529999999999995e-01
3.281250000000000000e-01
-8.709679999999999644e-01
-8.653849999999999598e-01
1.086960000000000010e-01
2.033899999999999875e-01
-8.750000000000000000e-01
-9.029129999999999656e-01
2.771080000000000210e-01
1.382110000000000005e-01
-9.384620000000000184e-01
-9.029129999999999656e-01
3.111110000000000264e-01
3.280000000000000138e-01
-9.062500000000000000e-01
-9.615380000000000038e-01
1.724140000000000117e-01
2.166669999999999985e-01
-8.769230000000000080e-01
-9.009899999999999576e-01
5.263160000000000061e-02
2.187500000000000000e-01
-9.062500000000000000e-01
-9.029129999999999656e-01
5.263160000000000061e-02
1.562500000000000000e-01
