4.375000000000000000e-01
5.636360000000000259e-01
5.714289999999999647e-01
1.074380000000000057e-01
4.838709999999999956e-01
6.545450000000000434e-01
5.157890000000000530e-01
1.093750000000000000e-01
3.125000000000000000e-01
5.922330000000000094e-01
3.052630000000000066e-01
-1.562500000000000000e-02
5.161289999999999489e-01
6.346150000000000402e-01
4.347829999999999750e-01
1.016949999999999937e-01
2.187500000000000000e-01
4.757279999999999842e-01
3.975899999999999990e-01
-8.943089999999999373e-02
-1.538460000000000001e-02
3.203880000000000061e-01
3.333329999999999904e-01
-2.400000000000000050e-02
-6.250000000000000000e-02
5.192309999999999981e-01
4.022990000000000177e-01
-6.666669999999999541e-02
-1.384620000000000017e-01
4.851489999999999969e-01
3.473680000000000101e-01
1.562500000000000000e-02
-2.812500000000000000e-01
3.592230000000000145e-01
1.578950000000000076e-01
-9.375000000000000000e-02
