6.250000000000000000e-01
4.727270000000000083e-01
3.809520000000000128e-01
-1.239669999999999939e-01
5.161289999999999489e-01
3.818179999999999907e-01
1.578950000000000076e-01
-1.093750000000000000e-01
4.687500000000000000e-01
4.757279999999999842e-01
1.578950000000000076e-01
-1.562500000000000000e-01
5.806449999999999667e-01
6.153849999999999598e-01
2.391300000000000092e-01
-3.389829999999999927e-02
5.312500000000000000e-01
5.339810000000000390e-01
3.975899999999999990e-01
-8.943089999999999373e-02
5.384619999999999962e-01
6.310679999999999623e-01
4.222219999999999862e-01
4.000000000000000083e-02
6.250000000000000000e-01
6.153849999999999598e-01
4.252870000000000261e-01
-5.000000000000000278e-02
6.307690000000000241e-01
6.633660000000000112e-01
4.736839999999999939e-01
-3.125000000000000000e-02
6.250000000000000000e-01
7.087379999999999791e-01
4.736839999999999939e-01
1.562500000000000000e-02
