-6.562500000000000000e-01
-6.727269999999999639e-01
-5.714289999999999647e-01
-5.206610000000000404e-01
-5.161289999999999489e-01
-5.636360000000000259e-01
-4.947369999999999823e-01
-4.843750000000000000e-01
-4.062500000000000000e-01
-3.980580000000000229e-01
-4.315789999999999904e-01
-4.062500000000000000e-01
-7.096770000000000023e-01
-7.500000000000000000e-01
-6.521739999999999482e-02
-5.084749999999999687e-02
-6.250000000000000000e-01
-6.310679999999999623e-01
-4.216869999999999785e-01
-5.284550000000000081e-01
-5.999999999999999778e-01
-6.310679999999999623e-01
-4.222219999999999862e-01
-4.079999999999999738e-01
-8.125000000000000000e-01
-9.038460000000000383e-01
1.954019999999999924e-01
3.166669999999999763e-01
-6.923080000000000345e-01
-6.435640000000000249e-01
-3.263159999999999950e-01
-3.281250000000000000e-01
-6.250000000000000000e-01
-7.087379999999999791e-01
-3.894739999999999869e-01
-3.281250000000000000e-01
