-1.562500000000000000e-01
3.636360000000000287e-02
-1.190480000000000010e-01
-3.553720000000000212e-01
0.000000000000000000e+00
-1.818180000000000143e-02
-1.578950000000000076e-01
-3.281250000000000000e-01
-3.125000000000000000e-02
4.854370000000000213e-02
-3.263159999999999950e-01
-2.812500000000000000e-01
-1.290320000000000078e-01
9.615379999999999761e-02
-4.347829999999999750e-02
-2.033899999999999875e-01
-1.562500000000000000e-01
1.067960000000000020e-01
-1.084340000000000026e-01
-3.170729999999999937e-01
-1.384620000000000017e-01
1.067960000000000020e-01
-1.333330000000000071e-01
-2.959999999999999853e-01
-2.500000000000000000e-01
1.923080000000000067e-01
1.264369999999999938e-01
-2.500000000000000000e-01
-2.307690000000000019e-01
6.930690000000000461e-02
-2.421049999999999869e-01
-3.281250000000000000e-01
-1.250000000000000000e-01
4.854370000000000213e-02
-2.421049999999999869e-01
-3.906250000000000000e-01
