-6.250000000000000000e-02
3.272729999999999806e-01
3.333329999999999904e-01
-2.479340000000000016e-02
-3.225809999999999789e-02
3.272729999999999806e-01
3.052630000000000066e-01
4.687500000000000000e-02
-1.875000000000000000e-01
4.951459999999999750e-01
5.157890000000000530e-01
4.687500000000000000e-02
1.290320000000000078e-01
5.576919999999999655e-01
4.347829999999999750e-01
1.016949999999999937e-01
9.375000000000000000e-02
4.757279999999999842e-01
5.180719999999999770e-01
4.065040000000000320e-02
-1.538460000000000001e-02
3.980580000000000229e-01
4.222219999999999862e-01
1.039999999999999952e-01
6.250000000000000000e-02
5.192309999999999981e-01
4.022990000000000177e-01
5.000000000000000278e-02
-4.615380000000000177e-02
6.633660000000000112e-01
4.526319999999999788e-01
6.250000000000000000e-02
-6.250000000000000000e-02
4.563110000000000221e-01
3.473680000000000101e-01
1.562500000000000000e-02
