-2.812500000000000000e-01
2.363639999999999908e-01
1.428570000000000118e-01
-1.735540000000000138e-01
-2.580649999999999888e-01
2.363639999999999908e-01
2.421049999999999869e-01
-1.562500000000000000e-02
9.375000000000000000e-02
3.980580000000000229e-01
4.315789999999999904e-01
4.687500000000000000e-02
-3.870970000000000244e-01
1.538460000000000105e-01
2.173910000000000078e-02
-1.864409999999999956e-01
-1.875000000000000000e-01
2.427179999999999893e-01
3.493979999999999864e-01
-1.056909999999999933e-01
-4.615380000000000177e-02
3.398059999999999969e-01
3.777780000000000027e-01
8.000000000000000167e-03
-7.187500000000000000e-01
-5.384619999999999962e-01
1.034479999999999983e-01
1.166670000000000068e-01
-4.769229999999999858e-01
-8.910890000000000477e-02
-1.052630000000000059e-02
-2.187500000000000000e-01
-2.812500000000000000e-01
1.844659999999999911e-01
1.578950000000000076e-01
-1.562500000000000000e-01
