-6.250000000000000000e-02
1.090909999999999935e-01
-3.095240000000000213e-01
-4.710739999999999927e-01
-1.290320000000000078e-01
-1.272729999999999972e-01
-4.105260000000000020e-01
-4.843750000000000000e-01
-2.812500000000000000e-01
-1.456310000000000104e-01
-4.947369999999999823e-01
-4.843750000000000000e-01
-2.258060000000000067e-01
-1.153850000000000015e-01
-4.565219999999999834e-01
-5.254240000000000022e-01
-2.500000000000000000e-01
-1.067960000000000020e-01
-4.698800000000000199e-01
-5.609760000000000302e-01
-1.076919999999999961e-01
-1.067960000000000020e-01
-3.777780000000000027e-01
-5.520000000000000462e-01
-3.125000000000000000e-02
-7.692309999999999426e-02
-4.022990000000000177e-01
-5.833329999999999904e-01
-1.076919999999999961e-01
-4.950500000000000039e-02
-4.736839999999999939e-01
-5.312500000000000000e-01
-1.250000000000000000e-01
-6.796119999999999939e-02
-4.736839999999999939e-01
-5.312500000000000000e-01
