-1.875000000000000000e-01
-2.000000000000000111e-01
-3.333329999999999904e-01
-3.884299999999999975e-01
-1.612899999999999889e-01
-2.000000000000000111e-01
-3.684209999999999985e-01
-4.218750000000000000e-01
-1.875000000000000000e-01
-1.456310000000000104e-01
-3.684209999999999985e-01
-4.218750000000000000e-01
-2.580649999999999888e-01
-1.730770000000000086e-01
-2.826089999999999991e-01
-2.881360000000000032e-01
-2.812500000000000000e-01
-1.650490000000000013e-01
-3.734939999999999927e-01
-3.821140000000000092e-01
-2.615379999999999927e-01
-2.427179999999999893e-01
-2.888890000000000069e-01
-3.760000000000000009e-01
-1.562500000000000000e-01
0.000000000000000000e+00
-8.045979999999999799e-02
-2.999999999999999889e-01
-4.615380000000000177e-02
-4.950500000000000039e-02
-1.789469999999999950e-01
-2.656250000000000000e-01
-1.562500000000000000e-01
9.708740000000000425e-03
-1.789469999999999950e-01
-2.656250000000000000e-01
