-5.937500000000000000e-01
5.454549999999999677e-02
9.523810000000000608e-02
-1.735540000000000138e-01
-6.774189999999999934e-01
-1.636360000000000037e-01
-1.578950000000000076e-01
-2.656250000000000000e-01
-6.875000000000000000e-01
-1.844659999999999911e-01
-2.421049999999999869e-01
-3.281250000000000000e-01
-6.774189999999999934e-01
-7.692309999999999426e-02
-6.521739999999999482e-02
-2.372879999999999989e-01
-6.875000000000000000e-01
-1.456310000000000104e-01
-1.566269999999999885e-01
-2.845530000000000004e-01
-6.615379999999999594e-01
-2.038830000000000087e-01
-1.777779999999999916e-01
-2.800000000000000266e-01
-6.562500000000000000e-01
-2.884619999999999962e-01
-2.643679999999999919e-01
-3.166669999999999763e-01
-7.230769999999999698e-01
-3.267329999999999957e-01
-3.473680000000000101e-01
-4.062500000000000000e-01
-7.500000000000000000e-01
-2.815529999999999977e-01
-2.631580000000000030e-01
-3.437500000000000000e-01
