5.000000000000000000e-01
7.818180000000000129e-01
7.857140000000000235e-01
1.404960000000000098e-01
5.483869999999999578e-01
7.818180000000000129e-01
8.105259999999999687e-01
2.500000000000000000e-01
5.000000000000000000e-01
9.029129999999999656e-01
8.105259999999999687e-01
1.875000000000000000e-01
6.774189999999999934e-01
8.076919999999999655e-01
6.304349999999999676e-01
1.864409999999999956e-01
5.000000000000000000e-01
8.252429999999999488e-01
7.349400000000000377e-01
5.691059999999999869e-02
6.307690000000000241e-01
7.281549999999999967e-01
5.999999999999999778e-01
1.199999999999999956e-01
6.562500000000000000e-01
7.115380000000000038e-01
6.091950000000000420e-01
3.333330000000000320e-02
5.076920000000000321e-01
6.633660000000000112e-01
4.315789999999999904e-01
-1.562500000000000000e-02
5.000000000000000000e-01
6.310679999999999623e-01
3.263159999999999950e-01
-1.562500000000000000e-02
