-8.750000000000000000e-01
-9.090909999999999824e-01
7.142859999999999765e-01
7.851240000000000441e-01
-8.709679999999999644e-01
-9.090909999999999824e-01
6.421050000000000368e-01
6.875000000000000000e-01
-8.750000000000000000e-01
-9.029129999999999656e-01
6.421050000000000368e-01
6.250000000000000000e-01
-2.580649999999999888e-01
-4.423079999999999790e-01
1.086960000000000010e-01
6.779659999999999853e-02
-7.187500000000000000e-01
-8.640780000000000127e-01
4.698800000000000199e-01
5.447149999999999492e-01
-7.846149999999999514e-01
-8.640780000000000127e-01
3.777780000000000027e-01
5.999999999999999778e-01
9.375000000000000000e-02
3.846150000000000263e-02
-8.045979999999999799e-02
-2.500000000000000000e-01
-4.769229999999999858e-01
-6.435640000000000249e-01
1.578950000000000076e-01
1.875000000000000000e-01
-7.187500000000000000e-01
-8.058250000000000135e-01
3.473680000000000101e-01
4.218750000000000000e-01
