6.250000000000000000e-02
-5.454549999999999677e-02
-3.333329999999999904e-01
-4.545449999999999768e-01
-3.225809999999999789e-02
-5.454549999999999677e-02
-3.684209999999999985e-01
-4.687500000000000000e-01
-2.812500000000000000e-01
-2.233009999999999995e-01
-5.999999999999999778e-01
-6.406250000000000000e-01
-1.290320000000000078e-01
-3.846150000000000263e-02
-5.217389999999999528e-01
-4.745759999999999978e-01
-1.562500000000000000e-01
-1.650490000000000013e-01
-7.108430000000000026e-01
-6.260160000000000169e-01
-3.846149999999999847e-01
-4.174760000000000137e-01
-8.888890000000000402e-01
-7.920000000000000373e-01
-4.687500000000000000e-01
-3.076920000000000210e-01
-7.701149999999999940e-01
-7.166670000000000540e-01
-5.692310000000000425e-01
-3.465349999999999819e-01
-7.263159999999999616e-01
-7.031250000000000000e-01
-4.687500000000000000e-01
-4.368929999999999758e-01
-8.736840000000000162e-01
-7.656250000000000000e-01
