1.250000000000000000e-01
1.636360000000000037e-01
4.761900000000000160e-02
-2.066119999999999901e-01
1.612899999999999889e-01
3.090910000000000046e-01
1.368419999999999914e-01
-1.875000000000000000e-01
2.500000000000000000e-01
3.980580000000000229e-01
1.368419999999999914e-01
-2.343750000000000000e-01
1.290320000000000078e-01
1.538460000000000105e-01
-6.521739999999999482e-02
-2.203390000000000071e-01
2.187500000000000000e-01
3.980580000000000229e-01
6.024100000000000288e-02
-2.682930000000000037e-01
2.307690000000000019e-01
3.203880000000000061e-01
1.111110000000000014e-01
-2.000000000000000111e-01
-2.812500000000000000e-01
-2.307690000000000019e-01
-7.011490000000000222e-01
-6.500000000000000222e-01
-2.615379999999999927e-01
-2.079209999999999947e-01
-5.157890000000000530e-01
-5.312500000000000000e-01
-6.250000000000000000e-02
8.737860000000000071e-02
-2.000000000000000111e-01
-3.593750000000000000e-01
