-6.875000000000000000e-01
-2.909089999999999732e-01
-2.857140000000000235e-01
-2.892560000000000131e-01
-5.806449999999999667e-01
-2.909089999999999732e-01
-3.263159999999999950e-01
-2.656250000000000000e-01
-3.750000000000000000e-01
-1.067960000000000020e-01
-2.421049999999999869e-01
-2.656250000000000000e-01
-5.806449999999999667e-01
-3.461540000000000172e-01
-4.347829999999999750e-01
-4.237290000000000223e-01
-5.000000000000000000e-01
-2.038830000000000087e-01
-3.493979999999999864e-01
-3.495929999999999871e-01
-2.307690000000000019e-01
8.737860000000000071e-02
1.111110000000000014e-01
-1.039999999999999952e-01
-6.562500000000000000e-01
-3.461540000000000172e-01
-4.482760000000000078e-01
-3.833329999999999793e-01
-6.307690000000000241e-01
-1.881190000000000084e-01
-3.473680000000000101e-01
-3.437500000000000000e-01
-4.062500000000000000e-01
-1.262139999999999929e-01
-2.631580000000000030e-01
-2.812500000000000000e-01
