6.250000000000000000e-02
1.090909999999999935e-01
-1.190480000000000010e-01
-2.892560000000000131e-01
-1.290320000000000078e-01
-1.272729999999999972e-01
-9.473679999999999601e-02
-2.031250000000000000e-01
-4.687500000000000000e-01
-3.009709999999999885e-01
-1.052630000000000059e-02
-4.687500000000000000e-02
-4.516129999999999867e-01
-5.769229999999999636e-01
2.608699999999999908e-01
2.881360000000000032e-01
-6.875000000000000000e-01
-7.475730000000000430e-01
6.626509999999999900e-01
5.284550000000000081e-01
-7.538460000000000161e-01
-8.640780000000000127e-01
6.666670000000000096e-01
6.959999999999999520e-01
-8.125000000000000000e-01
-8.653849999999999598e-01
8.390800000000000480e-01
8.666669999999999652e-01
-7.846149999999999514e-01
-9.207920000000000549e-01
8.736840000000000162e-01
7.812500000000000000e-01
-8.125000000000000000e-01
-9.223299999999999832e-01
7.473680000000000323e-01
8.281250000000000000e-01
