-2.812500000000000000e-01
-2.909089999999999732e-01
-6.190480000000000427e-01
-5.537189999999999612e-01
-2.580649999999999888e-01
-2.181819999999999871e-01
-5.368420000000000414e-01
-5.156250000000000000e-01
-1.562500000000000000e-01
-1.650490000000000013e-01
-4.736839999999999939e-01
-5.625000000000000000e-01
-2.580649999999999888e-01
-1.538460000000000105e-01
-5.434780000000000166e-01
-5.084750000000000103e-01
-2.812500000000000000e-01
-1.456310000000000104e-01
-4.698800000000000199e-01
-5.447149999999999492e-01
-1.384620000000000017e-01
-1.456310000000000104e-01
-3.777780000000000027e-01
-4.719999999999999751e-01
-1.250000000000000000e-01
-3.846150000000000263e-02
-5.172409999999999508e-01
-5.500000000000000444e-01
-1.076919999999999961e-01
-8.910890000000000477e-02
-4.105260000000000020e-01
-4.375000000000000000e-01
-1.250000000000000000e-01
-1.844659999999999911e-01
-4.947369999999999823e-01
-5.625000000000000000e-01
