-1.562500000000000000e-01
5.454550000000000232e-01
6.190480000000000427e-01
7.438019999999999354e-02
-2.580649999999999888e-01
5.454550000000000232e-01
5.578950000000000298e-01
7.812500000000000000e-02
-2.812500000000000000e-01
5.728159999999999918e-01
5.578950000000000298e-01
1.250000000000000000e-01
-2.580649999999999888e-01
6.153849999999999598e-01
5.434780000000000166e-01
8.474579999999999613e-02
-2.812500000000000000e-01
8.058250000000000135e-01
6.385539999999999550e-01
8.943089999999999373e-02
-2.615379999999999927e-01
7.087379999999999791e-01
6.444440000000000168e-01
1.519999999999999962e-01
-2.500000000000000000e-01
6.923080000000000345e-01
6.551719999999999766e-01
6.666669999999999541e-02
-2.307690000000000019e-01
7.425739999999999563e-01
5.789469999999999894e-01
1.406250000000000000e-01
-2.500000000000000000e-01
7.087379999999999791e-01
5.789469999999999894e-01
7.812500000000000000e-02
