-6.250000000000000000e-02
-1.272729999999999972e-01
-3.809520000000000128e-01
-4.049590000000000134e-01
-1.290320000000000078e-01
-5.454549999999999677e-02
-3.263159999999999950e-01
-3.750000000000000000e-01
-6.250000000000000000e-02
9.708740000000000425e-03
-2.631580000000000030e-01
-3.125000000000000000e-01
-9.677420000000000466e-02
-1.923080000000000067e-01
-2.826089999999999991e-01
-2.711859999999999826e-01
-1.250000000000000000e-01
-1.844659999999999911e-01
-2.771080000000000210e-01
-3.821140000000000092e-01
-1.076919999999999961e-01
-1.067960000000000020e-01
-2.000000000000000111e-01
-3.119999999999999996e-01
-2.500000000000000000e-01
-1.538460000000000105e-01
-2.183910000000000018e-01
-3.333329999999999904e-01
-2.307690000000000019e-01
-1.287129999999999941e-01
-2.210529999999999995e-01
-2.343750000000000000e-01
-1.250000000000000000e-01
-1.456310000000000104e-01
-2.210529999999999995e-01
-2.968750000000000000e-01
