6.250000000000000000e-01
4.545449999999999768e-01
3.571429999999999882e-01
-2.479340000000000016e-02
8.387099999999999556e-01
5.454550000000000232e-01
4.315789999999999904e-01
4.687500000000000000e-02
9.062500000000000000e-01
7.281549999999999967e-01
5.157890000000000530e-01
4.687500000000000000e-02
5.483869999999999578e-01
6.153849999999999598e-01
3.043480000000000074e-01
0.000000000000000000e+00
6.562500000000000000e-01
7.281549999999999967e-01
4.939760000000000262e-01
-5.691059999999999869e-02
7.846149999999999514e-01
8.252429999999999488e-01
6.222220000000000528e-01
7.199999999999999456e-02
7.187500000000000000e-01
7.500000000000000000e-01
4.712640000000000162e-01
3.333330000000000320e-02
8.461539999999999617e-01
8.019800000000000262e-01
5.157890000000000530e-01
4.687500000000000000e-02
7.187500000000000000e-01
7.669899999999999496e-01
5.157890000000000530e-01
4.687500000000000000e-02
