5.000000000000000000e-01
4.545449999999999768e-01
3.571429999999999882e-01
-2.479340000000000016e-02
7.096770000000000023e-01
5.272729999999999917e-01
4.315789999999999904e-01
-9.375000000000000000e-02
5.000000000000000000e-01
5.533979999999999455e-01
2.421049999999999869e-01
-9.375000000000000000e-02
6.129029999999999756e-01
6.538460000000000383e-01
5.000000000000000000e-01
6.779659999999999853e-02
5.625000000000000000e-01
6.699030000000000262e-01
3.493979999999999864e-01
-5.691059999999999869e-02
5.692310000000000425e-01
6.699030000000000262e-01
3.777780000000000027e-01
8.000000000000000167e-03
6.250000000000000000e-01
5.576919999999999655e-01
5.172409999999999508e-01
-6.666669999999999541e-02
6.307690000000000241e-01
5.049500000000000099e-01
1.578950000000000076e-01
-1.562500000000000000e-01
3.437500000000000000e-01
3.980580000000000229e-01
7.368420000000000525e-02
-1.562500000000000000e-01
