9.375000000000000000e-02
9.090910000000000657e-02
-1.190480000000000010e-01
-3.719009999999999816e-01
1.290320000000000078e-01
9.090910000000000657e-02
-9.473679999999999601e-02
-4.062500000000000000e-01
2.187500000000000000e-01
2.427179999999999893e-01
-9.473679999999999601e-02
-3.437500000000000000e-01
2.258060000000000067e-01
1.538460000000000105e-01
-1.521740000000000037e-01
-3.050849999999999951e-01
6.250000000000000000e-02
1.650490000000000013e-01
-3.614459999999999895e-02
-3.495929999999999871e-01
7.692309999999999426e-02
1.650490000000000013e-01
-1.555559999999999998e-01
-2.800000000000000266e-01
2.187500000000000000e-01
1.730770000000000086e-01
-8.045979999999999799e-02
-3.666670000000000207e-01
1.076919999999999961e-01
2.673269999999999813e-01
-1.052630000000000059e-02
-3.281250000000000000e-01
9.375000000000000000e-02
1.844659999999999911e-01
-1.578950000000000076e-01
-3.281250000000000000e-01
