-1.250000000000000000e-01
1.818180000000000143e-02
4.761900000000000160e-02
-1.404960000000000098e-01
0.000000000000000000e+00
2.363639999999999908e-01
2.210529999999999995e-01
-7.812500000000000000e-02
-3.125000000000000000e-02
4.757279999999999842e-01
3.263159999999999950e-01
-1.562500000000000000e-02
0.000000000000000000e+00
5.384619999999999962e-01
3.043480000000000074e-01
0.000000000000000000e+00
-3.125000000000000000e-02
4.757279999999999842e-01
4.939760000000000262e-01
-5.691059999999999869e-02
-1.538460000000000001e-02
5.533979999999999455e-01
5.111109999999999820e-01
7.199999999999999456e-02
-1.875000000000000000e-01
4.807690000000000019e-01
3.563220000000000276e-01
-3.333330000000000320e-02
-1.692309999999999925e-01
6.237620000000000386e-01
4.105260000000000020e-01
-1.562500000000000000e-02
-6.250000000000000000e-02
4.951459999999999750e-01
4.105260000000000020e-01
-1.562500000000000000e-02
