-2.500000000000000000e-01
5.454550000000000232e-01
5.714289999999999647e-01
9.090910000000000657e-02
-9.677420000000000466e-02
4.545449999999999768e-01
4.315789999999999904e-01
4.687500000000000000e-02
-1.250000000000000000e-01
6.504849999999999799e-01
5.157890000000000530e-01
1.562500000000000000e-01
0.000000000000000000e+00
5.384619999999999962e-01
4.130429999999999935e-01
6.779659999999999853e-02
-3.125000000000000000e-02
5.533979999999999455e-01
4.939760000000000262e-01
8.130079999999999599e-03
-1.538460000000000001e-02
6.310679999999999623e-01
5.111109999999999820e-01
1.360000000000000098e-01
-1.875000000000000000e-01
5.769229999999999636e-01
5.862070000000000336e-01
3.333330000000000320e-02
-1.692309999999999925e-01
5.247519999999999962e-01
5.157890000000000530e-01
4.687500000000000000e-02
-1.875000000000000000e-01
6.699030000000000262e-01
4.105260000000000020e-01
1.093750000000000000e-01
