-4.687500000000000000e-01
-5.999999999999999778e-01
3.095240000000000213e-01
2.561979999999999813e-01
-6.774189999999999934e-01
-7.636359999999999815e-01
5.789469999999999894e-01
5.468750000000000000e-01
-7.812500000000000000e-01
-8.640780000000000127e-01
5.789469999999999894e-01
6.562500000000000000e-01
-8.064519999999999467e-01
-8.653849999999999598e-01
7.391299999999999537e-01
9.152540000000000120e-01
-8.125000000000000000e-01
-9.223299999999999832e-01
1.000000000000000000e+00
7.723579999999999890e-01
-7.846149999999999514e-01
-9.223299999999999832e-01
8.444439999999999724e-01
8.719999999999999973e-01
-8.750000000000000000e-01
-8.076919999999999655e-01
7.241379999999999484e-01
7.166670000000000540e-01
-9.384620000000000184e-01
-9.009899999999999576e-01
8.736840000000000162e-01
8.906250000000000000e-01
-8.750000000000000000e-01
-9.029129999999999656e-01
8.736840000000000162e-01
9.531250000000000000e-01
