-6.562500000000000000e-01
-6.727269999999999639e-01
-3.095240000000000213e-01
-3.719009999999999816e-01
-6.451609999999999845e-01
-6.727269999999999639e-01
-4.947369999999999823e-01
-4.843750000000000000e-01
-5.312500000000000000e-01
-5.339810000000000390e-01
-4.947369999999999823e-01
-4.843750000000000000e-01
-9.032259999999999733e-01
-9.615380000000000038e-01
3.913039999999999852e-01
6.949149999999999494e-01
-7.187500000000000000e-01
-7.475730000000000430e-01
-3.614459999999999895e-02
-1.056909999999999933e-01
-5.999999999999999778e-01
-6.310679999999999623e-01
-3.333329999999999904e-01
-4.560000000000000164e-01
-9.375000000000000000e-01
-9.807690000000000019e-01
5.172409999999999508e-01
5.500000000000000444e-01
-7.846149999999999514e-01
-9.009899999999999576e-01
1.578950000000000076e-01
3.125000000000000000e-01
-7.187500000000000000e-01
-6.504849999999999799e-01
-3.263159999999999950e-01
-3.281250000000000000e-01
