3.125000000000000000e-01
2.545450000000000212e-01
4.761900000000000160e-02
-2.561979999999999813e-01
6.129029999999999756e-01
4.000000000000000222e-01
3.052630000000000066e-01
-1.250000000000000000e-01
5.625000000000000000e-01
5.922330000000000094e-01
3.052630000000000066e-01
-6.250000000000000000e-02
3.870970000000000244e-01
3.076920000000000210e-01
4.347829999999999750e-02
-2.203390000000000071e-01
4.687500000000000000e-01
4.757279999999999842e-01
1.807229999999999948e-01
-2.032519999999999882e-01
4.769229999999999858e-01
4.757279999999999842e-01
3.333329999999999904e-01
-1.360000000000000098e-01
4.062500000000000000e-01
3.461540000000000172e-01
1.954019999999999924e-01
-2.333330000000000126e-01
4.153850000000000042e-01
5.643559999999999688e-01
1.578950000000000076e-01
-1.562500000000000000e-01
4.062500000000000000e-01
4.563110000000000221e-01
7.368420000000000525e-02
-1.562500000000000000e-01
