-1.562500000000000000e-01
3.090910000000000046e-01
3.809520000000000128e-01
-5.785119999999999846e-02
-2.580649999999999888e-01
3.090910000000000046e-01
3.473680000000000101e-01
-4.687500000000000000e-02
-4.062500000000000000e-01
2.427179999999999893e-01
7.368420000000000525e-02
-4.687500000000000000e-02
-4.516129999999999867e-01
3.461540000000000172e-01
2.391300000000000092e-01
3.389829999999999927e-02
-5.937500000000000000e-01
1.844659999999999911e-01
8.433730000000000393e-02
-2.032519999999999882e-01
-6.615379999999999594e-01
-1.456310000000000104e-01
-1.333330000000000071e-01
-2.479999999999999982e-01
-5.937500000000000000e-01
1.153850000000000015e-01
1.264369999999999938e-01
-1.833329999999999960e-01
-6.615379999999999594e-01
-8.910890000000000477e-02
-1.578950000000000076e-01
-2.656250000000000000e-01
-6.875000000000000000e-01
-1.844659999999999911e-01
-2.421049999999999869e-01
-3.281250000000000000e-01
