-9.062500000000000000e-01
-8.363639999999999963e-01
1.428570000000000118e-01
3.388430000000000053e-01
-8.064519999999999467e-01
-8.727270000000000305e-01
2.210529999999999995e-01
4.375000000000000000e-01
-1.000000000000000000e+00
-9.223299999999999832e-01
1.368419999999999914e-01
5.000000000000000000e-01
-8.709679999999999644e-01
-8.653849999999999598e-01
2.173910000000000009e-01
3.389829999999999788e-01
-9.687500000000000000e-01
-8.058250000000000135e-01
1.566269999999999885e-01
3.333329999999999904e-01
-9.384620000000000184e-01
-9.029129999999999656e-01
2.000000000000000111e-01
4.719999999999999751e-01
-8.125000000000000000e-01
-9.038460000000000383e-01
2.643679999999999919e-01
3.333329999999999904e-01
-7.846149999999999514e-01
-9.009899999999999576e-01
5.263160000000000061e-02
2.187500000000000000e-01
-8.125000000000000000e-01
-8.640780000000000127e-01
1.368419999999999914e-01
2.187500000000000000e-01
