-6.250000000000000000e-02
4.000000000000000222e-01
3.333329999999999904e-01
4.132229999999999931e-02
-3.225809999999999789e-02
3.272729999999999806e-01
3.052630000000000066e-01
-1.562500000000000000e-02
-6.250000000000000000e-02
4.174760000000000137e-01
3.052630000000000066e-01
4.687500000000000000e-02
0.000000000000000000e+00
5.576919999999999655e-01
3.260870000000000157e-01
3.389829999999999927e-02
9.375000000000000000e-02
5.728159999999999918e-01
5.180719999999999770e-01
4.065040000000000320e-02
1.076919999999999961e-01
4.757279999999999842e-01
5.333329999999999460e-01
1.039999999999999952e-01
-6.250000000000000000e-02
5.192309999999999981e-01
4.022990000000000177e-01
0.000000000000000000e+00
7.692309999999999426e-02
5.643559999999999688e-01
3.473680000000000101e-01
6.250000000000000000e-02
-6.250000000000000000e-02
6.310679999999999623e-01
4.526319999999999788e-01
6.250000000000000000e-02
