5.000000000000000000e-01
4.545449999999999768e-01
3.571429999999999882e-01
-1.404960000000000098e-01
5.483869999999999578e-01
3.818179999999999907e-01
2.210529999999999995e-01
-1.250000000000000000e-01
5.000000000000000000e-01
5.533979999999999455e-01
3.263159999999999950e-01
-7.812500000000000000e-02
5.483869999999999578e-01
4.615380000000000038e-01
2.173910000000000009e-01
-1.525420000000000109e-01
5.000000000000000000e-01
5.533979999999999455e-01
2.771080000000000210e-01
-1.382110000000000005e-01
5.076920000000000321e-01
6.310679999999999623e-01
3.111110000000000264e-01
8.000000000000000167e-03
5.625000000000000000e-01
4.807690000000000019e-01
2.643679999999999919e-01
-1.499999999999999944e-01
5.692310000000000425e-01
5.247519999999999962e-01
3.052630000000000066e-01
-1.250000000000000000e-01
5.625000000000000000e-01
5.922330000000000094e-01
4.105260000000000020e-01
-1.250000000000000000e-01
