5.000000000000000000e-01
5.272729999999999917e-01
5.238099999999999978e-01
8.264459999999999515e-03
1.612899999999999889e-01
1.272729999999999972e-01
9.473679999999999601e-02
-2.656250000000000000e-01
-2.500000000000000000e-01
-2.912620000000000139e-02
-7.368420000000000525e-02
-2.656250000000000000e-01
4.193549999999999778e-01
6.346150000000000402e-01
5.000000000000000000e-01
6.779659999999999853e-02
-3.125000000000000000e-02
8.737860000000000071e-02
-3.614459999999999895e-02
-1.707319999999999949e-01
-2.307690000000000019e-01
9.708740000000000425e-03
2.222220000000000098e-02
-1.680000000000000104e-01
3.750000000000000000e-01
4.615380000000000038e-01
4.942529999999999979e-01
-3.333330000000000320e-02
-1.538460000000000001e-02
2.970300000000000024e-02
-3.157890000000000003e-02
-2.187500000000000000e-01
-2.812500000000000000e-01
-6.796119999999999939e-02
-3.157890000000000003e-02
-1.562500000000000000e-01
