-2.500000000000000000e-01
1.636360000000000037e-01
2.380950000000000011e-01
-9.090910000000000657e-02
0.000000000000000000e+00
1.636360000000000037e-01
4.315789999999999904e-01
-1.562500000000000000e-02
1.250000000000000000e-01
3.203880000000000061e-01
5.157890000000000530e-01
9.375000000000000000e-02
-2.580649999999999888e-01
3.076920000000000210e-01
2.173910000000000009e-01
0.000000000000000000e+00
9.375000000000000000e-02
3.980580000000000229e-01
4.939760000000000262e-01
8.130079999999999599e-03
1.076919999999999961e-01
3.980580000000000229e-01
5.111109999999999820e-01
7.199999999999999456e-02
-1.875000000000000000e-01
2.307690000000000019e-01
3.563220000000000276e-01
-8.333329999999999904e-02
-4.615380000000000177e-02
3.663370000000000237e-01
3.052630000000000066e-01
-1.562500000000000000e-02
-6.250000000000000000e-02
3.398059999999999969e-01
4.105260000000000020e-01
-1.562500000000000000e-02
