-8.125000000000000000e-01
-8.727270000000000305e-01
6.904759999999999787e-01
5.867769999999999930e-01
-7.096770000000000023e-01
-9.090909999999999824e-01
6.210529999999999662e-01
6.250000000000000000e-01
-8.125000000000000000e-01
-9.029129999999999656e-01
5.157890000000000530e-01
5.625000000000000000e-01
-8.064519999999999467e-01
-9.038460000000000383e-01
4.347829999999999750e-01
7.288139999999999619e-01
-8.125000000000000000e-01
-9.029129999999999656e-01
5.180719999999999770e-01
5.772359999999999713e-01
-7.846149999999999514e-01
-8.640780000000000127e-01
5.333329999999999460e-01
5.679999999999999494e-01
-8.750000000000000000e-01
-8.653849999999999598e-01
6.321839999999999682e-01
6.999999999999999556e-01
-8.461539999999999617e-01
-8.613859999999999850e-01
4.526319999999999788e-01
6.250000000000000000e-01
-8.750000000000000000e-01
-8.058250000000000135e-01
3.473680000000000101e-01
5.625000000000000000e-01
