-8.125000000000000000e-01
-6.181820000000000093e-01
-4.761900000000000160e-02
1.570249999999999979e-01
-9.032259999999999733e-01
-8.363639999999999963e-01
1.368419999999999914e-01
4.375000000000000000e-01
-9.062500000000000000e-01
-8.640780000000000127e-01
4.315789999999999904e-01
6.093750000000000000e-01
-6.451609999999999845e-01
-6.538460000000000383e-01
3.043480000000000074e-01
5.593219999999999859e-01
-8.750000000000000000e-01
-9.611650000000000471e-01
6.144579999999999487e-01
6.097559999999999647e-01
-8.461539999999999617e-01
-8.058250000000000135e-01
5.111109999999999820e-01
6.640000000000000346e-01
-4.062500000000000000e-01
0.000000000000000000e+00
4.712640000000000162e-01
2.166669999999999985e-01
-7.846149999999999514e-01
-6.831679999999999975e-01
3.052630000000000066e-01
4.531250000000000000e-01
-7.187500000000000000e-01
-5.728159999999999918e-01
3.052630000000000066e-01
3.906250000000000000e-01
