-8.125000000000000000e-01
-9.454550000000000454e-01
5.000000000000000000e-01
7.520660000000000123e-01
-9.354839999999999822e-01
-9.090909999999999824e-01
3.473680000000000101e-01
6.562500000000000000e-01
-9.375000000000000000e-01
-9.417480000000000295e-01
2.631580000000000030e-01
7.187500000000000000e-01
-8.709679999999999644e-01
-9.230770000000000364e-01
3.260870000000000157e-01
8.135590000000000321e-01
-8.750000000000000000e-01
-9.223299999999999832e-01
3.975899999999999990e-01
6.097559999999999647e-01
-8.461539999999999617e-01
-9.223299999999999832e-01
4.222219999999999862e-01
6.640000000000000346e-01
-7.812500000000000000e-01
-8.653849999999999598e-01
3.333329999999999904e-01
5.666670000000000318e-01
-8.461539999999999617e-01
-8.613859999999999850e-01
3.684209999999999985e-01
5.468750000000000000e-01
-8.750000000000000000e-01
-9.223299999999999832e-01
3.684209999999999985e-01
5.937500000000000000e-01
