-2.500000000000000000e-01
4.363639999999999741e-01
5.238099999999999978e-01
8.264459999999999515e-03
-2.258060000000000067e-01
3.636360000000000148e-01
3.684209999999999985e-01
1.562500000000000000e-02
-2.500000000000000000e-01
4.563110000000000221e-01
3.684209999999999985e-01
1.562500000000000000e-02
-2.258060000000000067e-01
4.615380000000000038e-01
4.130429999999999935e-01
0.000000000000000000e+00
-2.500000000000000000e-01
5.533979999999999455e-01
3.734939999999999927e-01
8.130079999999999599e-03
-2.307690000000000019e-01
5.533979999999999455e-01
5.999999999999999778e-01
8.000000000000000167e-03
-4.062500000000000000e-01
3.846149999999999847e-01
3.793099999999999805e-01
-3.333330000000000320e-02
-3.846149999999999847e-01
5.049500000000000099e-01
4.315789999999999904e-01
-1.562500000000000000e-02
-2.812500000000000000e-01
4.757279999999999842e-01
4.315789999999999904e-01
4.687500000000000000e-02
