-8.125000000000000000e-01
-9.636360000000000481e-01
9.523810000000000331e-01
9.504129999999999523e-01
-7.096770000000000023e-01
-9.090909999999999824e-01
8.526319999999999455e-01
9.062500000000000000e-01
-8.125000000000000000e-01
-9.611650000000000471e-01
8.526319999999999455e-01
9.062500000000000000e-01
-8.064519999999999467e-01
-7.500000000000000000e-01
4.347829999999999750e-01
7.966100000000000403e-01
-9.375000000000000000e-01
-9.417480000000000295e-01
9.036140000000000283e-01
1.000000000000000000e+00
-9.076920000000000543e-01
-9.417480000000000295e-01
1.000000000000000000e+00
9.360000000000000542e-01
-6.875000000000000000e-01
-6.923080000000000345e-01
3.103449999999999820e-01
3.499999999999999778e-01
-8.461539999999999617e-01
-8.613859999999999850e-01
6.631580000000000252e-01
7.812500000000000000e-01
-9.375000000000000000e-01
-9.611650000000000471e-01
7.894740000000000091e-01
8.906250000000000000e-01
