-2.812500000000000000e-01
1.818180000000000074e-01
1.666670000000000096e-01
-1.074380000000000057e-01
-2.580649999999999888e-01
1.818180000000000074e-01
1.578950000000000076e-01
-9.375000000000000000e-02
-3.750000000000000000e-01
2.621359999999999801e-01
2.631580000000000030e-01
-4.687500000000000000e-02
-2.258060000000000067e-01
2.884619999999999962e-01
2.608699999999999908e-01
-1.694920000000000107e-02
-3.750000000000000000e-01
3.009709999999999885e-01
3.253010000000000068e-01
-7.317070000000000518e-02
-2.307690000000000019e-01
3.786410000000000053e-01
3.555559999999999832e-01
-8.000000000000000167e-03
-1.250000000000000000e-01
5.384619999999999962e-01
3.793099999999999805e-01
-3.333330000000000320e-02
-1.076919999999999961e-01
5.841579999999999551e-01
4.315789999999999904e-01
-1.562500000000000000e-02
-1.250000000000000000e-01
4.757279999999999842e-01
4.315789999999999904e-01
-1.562500000000000000e-02
