-2.500000000000000000e-01
5.454549999999999677e-02
-9.523810000000000608e-02
-1.735540000000000138e-01
-2.258060000000000067e-01
5.454549999999999677e-02
1.052630000000000059e-02
-1.562500000000000000e-01
-1.250000000000000000e-01
2.038830000000000087e-01
9.473679999999999601e-02
-9.375000000000000000e-02
-3.548390000000000155e-01
7.692309999999999426e-02
-6.521739999999999482e-02
-1.864409999999999956e-01
-2.500000000000000000e-01
1.650490000000000013e-01
1.566269999999999885e-01
-1.707319999999999949e-01
-1.076919999999999961e-01
2.427179999999999893e-01
2.000000000000000111e-01
-5.600000000000000117e-02
9.375000000000000000e-02
3.076920000000000210e-01
1.724140000000000117e-01
-1.166670000000000068e-01
-1.538460000000000001e-02
3.465349999999999819e-01
1.368419999999999914e-01
-9.375000000000000000e-02
9.375000000000000000e-02
2.427179999999999893e-01
2.421049999999999869e-01
-1.562500000000000000e-02
