-2.812500000000000000e-01
-5.454549999999999677e-02
-2.380950000000000011e-01
-2.561979999999999813e-01
-4.838709999999999956e-01
-3.454550000000000121e-01
-2.842109999999999914e-01
-3.593750000000000000e-01
-4.062500000000000000e-01
-2.233009999999999995e-01
-2.842109999999999914e-01
-2.968750000000000000e-01
-3.870970000000000244e-01
-1.153850000000000015e-01
-1.304349999999999954e-01
-2.881360000000000032e-01
-2.812500000000000000e-01
-1.067960000000000020e-01
-1.084340000000000026e-01
-3.333329999999999904e-01
-3.846149999999999847e-01
4.854370000000000213e-02
-4.444440000000000196e-02
-2.000000000000000111e-01
-2.812500000000000000e-01
2.500000000000000000e-01
1.954019999999999924e-01
-1.166670000000000068e-01
-2.615379999999999927e-01
2.871290000000000231e-01
1.578950000000000076e-01
-9.375000000000000000e-02
-3.750000000000000000e-01
2.621359999999999801e-01
2.631580000000000030e-01
-4.687500000000000000e-02
