5.000000000000000000e-01
4.545449999999999768e-01
3.571429999999999882e-01
-9.090910000000000657e-02
5.483869999999999578e-01
4.545449999999999768e-01
2.210529999999999995e-01
-7.812500000000000000e-02
5.000000000000000000e-01
5.533979999999999455e-01
3.263159999999999950e-01
-1.562500000000000000e-02
4.193549999999999778e-01
5.384619999999999962e-01
2.173910000000000009e-01
0.000000000000000000e+00
5.000000000000000000e-01
5.533979999999999455e-01
2.771080000000000210e-01
-1.382110000000000005e-01
3.846149999999999847e-01
5.533979999999999455e-01
3.111110000000000264e-01
8.000000000000000167e-03
4.375000000000000000e-01
4.807690000000000019e-01
2.643679999999999919e-01
-8.333329999999999904e-02
4.461539999999999950e-01
6.237620000000000386e-01
3.052630000000000066e-01
-6.250000000000000000e-02
3.125000000000000000e-01
4.951459999999999750e-01
3.052630000000000066e-01
-6.250000000000000000e-02
