-1.562500000000000000e-01
-1.636360000000000037e-01
-1.904760000000000064e-01
-3.057849999999999735e-01
-1.290320000000000078e-01
-1.636360000000000037e-01
-1.578950000000000076e-01
-2.812500000000000000e-01
-2.812500000000000000e-01
-1.650490000000000013e-01
-2.421049999999999869e-01
-2.812500000000000000e-01
-1.290320000000000078e-01
-7.692309999999999426e-02
-2.173910000000000009e-01
-2.711859999999999826e-01
-1.562500000000000000e-01
-6.796119999999999939e-02
-2.048190000000000011e-01
-2.520330000000000070e-01
-1.384620000000000017e-01
9.708740000000000425e-03
-4.444440000000000196e-02
-2.479999999999999982e-01
0.000000000000000000e+00
1.153850000000000015e-01
-5.747130000000000294e-02
-1.833329999999999960e-01
2.615379999999999927e-01
3.267329999999999957e-01
9.473679999999999601e-02
-1.562500000000000000e-01
2.500000000000000000e-01
3.009709999999999885e-01
9.473679999999999601e-02
-1.562500000000000000e-01
