3.125000000000000000e-01
2.545450000000000212e-01
-4.761900000000000160e-02
-2.066119999999999901e-01
3.548390000000000155e-01
2.545450000000000212e-01
5.263160000000000061e-02
-2.343750000000000000e-01
3.125000000000000000e-01
3.398059999999999969e-01
5.263160000000000061e-02
-2.343750000000000000e-01
6.774189999999999934e-01
4.615380000000000038e-01
2.391300000000000092e-01
-3.389829999999999927e-02
3.437500000000000000e-01
3.203880000000000061e-01
1.807229999999999948e-01
-2.682930000000000037e-01
3.538459999999999939e-01
3.203880000000000061e-01
1.333330000000000071e-01
-2.000000000000000111e-01
6.562500000000000000e-01
5.192309999999999981e-01
4.022990000000000177e-01
0.000000000000000000e+00
5.384619999999999962e-01
3.861390000000000100e-01
7.368420000000000525e-02
-2.031250000000000000e-01
4.062500000000000000e-01
3.592230000000000145e-01
1.578950000000000076e-01
-2.031250000000000000e-01
