4.687500000000000000e-01
2.363639999999999908e-01
7.142859999999999487e-02
-1.735540000000000138e-01
3.870970000000000244e-01
3.090910000000000046e-01
7.368420000000000525e-02
-1.562500000000000000e-01
4.687500000000000000e-01
4.757279999999999842e-01
2.631580000000000030e-01
-4.687500000000000000e-02
4.516129999999999867e-01
2.500000000000000000e-01
1.304349999999999954e-01
-1.525420000000000109e-01
5.312500000000000000e-01
4.563110000000000221e-01
3.012050000000000005e-01
-1.382110000000000005e-01
4.153850000000000042e-01
4.563110000000000221e-01
4.222219999999999862e-01
-7.199999999999999456e-02
3.750000000000000000e-01
4.423079999999999790e-01
3.333329999999999904e-01
-1.166670000000000068e-01
5.076920000000000321e-01
5.643559999999999688e-01
9.473679999999999601e-02
-3.125000000000000000e-02
3.750000000000000000e-01
3.786410000000000053e-01
9.473679999999999601e-02
-9.375000000000000000e-02
