-1.250000000000000000e-01
1.636360000000000037e-01
1.428570000000000118e-01
-9.090910000000000657e-02
-9.677420000000000466e-02
1.636360000000000037e-01
1.368419999999999914e-01
-1.250000000000000000e-01
-1.250000000000000000e-01
1.650490000000000013e-01
1.368419999999999914e-01
-7.812500000000000000e-02
1.290320000000000078e-01
2.307690000000000019e-01
2.173910000000000009e-01
0.000000000000000000e+00
9.375000000000000000e-02
3.203880000000000061e-01
1.566269999999999885e-01
-1.382110000000000005e-01
-1.384620000000000017e-01
8.737860000000000071e-02
2.222220000000000098e-02
-2.000000000000000111e-01
-1.875000000000000000e-01
7.692309999999999426e-02
-1.149430000000000070e-02
-2.166669999999999985e-01
-1.692309999999999925e-01
1.881190000000000084e-01
1.368419999999999914e-01
-6.250000000000000000e-02
-6.250000000000000000e-02
3.398059999999999969e-01
1.368419999999999914e-01
-6.250000000000000000e-02
