-8.125000000000000000e-01
-9.636360000000000481e-01
8.333329999999999904e-01
7.685950000000000282e-01
-8.064519999999999467e-01
-9.090909999999999824e-01
6.210529999999999662e-01
6.250000000000000000e-01
-8.125000000000000000e-01
-9.029129999999999656e-01
5.157890000000000530e-01
5.000000000000000000e-01
-8.064519999999999467e-01
-9.423080000000000345e-01
5.434780000000000166e-01
7.288139999999999619e-01
-8.125000000000000000e-01
-9.029129999999999656e-01
6.385539999999999550e-01
5.772359999999999713e-01
-7.846149999999999514e-01
-8.640780000000000127e-01
7.777779999999999694e-01
6.320000000000000062e-01
-8.750000000000000000e-01
-8.653849999999999598e-01
6.321839999999999682e-01
8.166670000000000318e-01
-8.461539999999999617e-01
-8.613859999999999850e-01
4.526319999999999788e-01
6.718750000000000000e-01
-9.375000000000000000e-01
-8.640780000000000127e-01
4.526319999999999788e-01
5.625000000000000000e-01
