1.250000000000000000e-01
9.090910000000000657e-02
-1.666670000000000096e-01
-3.884299999999999975e-01
1.612899999999999889e-01
1.636360000000000037e-01
-3.157890000000000003e-02
-2.968750000000000000e-01
1.250000000000000000e-01
3.980580000000000229e-01
1.368419999999999914e-01
-1.250000000000000000e-01
1.290320000000000078e-01
1.538460000000000105e-01
-2.173910000000000009e-01
-2.881360000000000032e-01
2.187500000000000000e-01
2.427179999999999893e-01
-3.614459999999999895e-02
-3.333329999999999904e-01
3.846149999999999847e-01
4.757279999999999842e-01
3.111110000000000264e-01
-1.360000000000000098e-01
3.125000000000000000e-01
2.307690000000000019e-01
-1.149430000000000070e-02
-2.666669999999999874e-01
2.000000000000000111e-01
2.673269999999999813e-01
-3.157890000000000003e-02
-2.343750000000000000e-01
3.125000000000000000e-01
4.951459999999999750e-01
3.052630000000000066e-01
-1.250000000000000000e-01
