-6.875000000000000000e-01
-2.000000000000000111e-01
-2.142860000000000043e-01
-2.892560000000000131e-01
-6.774189999999999934e-01
-1.272729999999999972e-01
-1.789469999999999950e-01
-2.031250000000000000e-01
-5.937500000000000000e-01
1.067960000000000020e-01
-1.052630000000000059e-02
-2.031250000000000000e-01
-3.548390000000000155e-01
-1.153850000000000015e-01
-2.826089999999999991e-01
-2.711859999999999826e-01
-3.750000000000000000e-01
-2.912620000000000139e-02
-8.433730000000000393e-02
-2.682930000000000037e-01
-3.538459999999999939e-01
2.038830000000000087e-01
6.666669999999999541e-02
-1.360000000000000098e-01
-2.500000000000000000e-01
7.692309999999999426e-02
8.045979999999999799e-02
-1.499999999999999944e-01
-2.307690000000000019e-01
3.465349999999999819e-01
1.368419999999999914e-01
-1.250000000000000000e-01
-2.500000000000000000e-01
3.980580000000000229e-01
3.263159999999999950e-01
-1.562500000000000000e-02
