3.750000000000000000e-01
3.818179999999999907e-01
3.571429999999999882e-01
-2.479340000000000016e-02
5.483869999999999578e-01
3.818179999999999907e-01
2.421049999999999869e-01
-1.562500000000000000e-02
3.750000000000000000e-01
4.757279999999999842e-01
2.421049999999999869e-01
-1.562500000000000000e-02
4.838709999999999956e-01
4.038459999999999828e-01
1.956519999999999926e-01
-5.084749999999999687e-02
4.375000000000000000e-01
4.174760000000000137e-01
2.530120000000000147e-01
-1.056909999999999933e-01
2.000000000000000111e-01
4.174760000000000137e-01
3.777780000000000027e-01
8.000000000000000167e-03
4.687500000000000000e-01
3.846149999999999847e-01
1.954019999999999924e-01
-1.333330000000000071e-01
2.307690000000000019e-01
4.257429999999999826e-01
1.578950000000000076e-01
-1.093750000000000000e-01
9.375000000000000000e-02
3.980580000000000229e-01
2.631580000000000030e-01
-4.687500000000000000e-02
