2.187500000000000000e-01
2.363639999999999908e-01
7.142859999999999487e-02
-2.396689999999999932e-01
3.870970000000000244e-01
2.363639999999999908e-01
7.368420000000000525e-02
-2.187500000000000000e-01
3.437500000000000000e-01
3.203880000000000061e-01
1.578950000000000076e-01
-1.562500000000000000e-01
4.516129999999999867e-01
3.461540000000000172e-01
-4.347829999999999750e-02
-2.033899999999999875e-01
4.062500000000000000e-01
5.339810000000000390e-01
1.807229999999999948e-01
-2.520330000000000070e-01
6.615379999999999594e-01
6.310679999999999623e-01
4.222219999999999862e-01
-2.400000000000000050e-02
5.000000000000000000e-01
5.192309999999999981e-01
2.183910000000000018e-01
-1.166670000000000068e-01
6.307690000000000241e-01
7.425739999999999563e-01
3.684209999999999985e-01
1.562500000000000000e-02
6.250000000000000000e-01
8.058250000000000135e-01
5.789469999999999894e-01
7.812500000000000000e-02
