-9.062500000000000000e-01
-1.000000000000000000e+00
5.714289999999999647e-01
6.528929999999999456e-01
-9.032259999999999733e-01
-1.000000000000000000e+00
4.105260000000000020e-01
5.625000000000000000e-01
-9.062500000000000000e-01
-9.611650000000000471e-01
4.105260000000000020e-01
6.250000000000000000e-01
-9.354839999999999822e-01
-9.423080000000000345e-01
5.434780000000000166e-01
7.288139999999999619e-01
-9.375000000000000000e-01
-9.417480000000000295e-01
5.180719999999999770e-01
5.121949999999999559e-01
-9.076920000000000543e-01
-9.805829999999999824e-01
5.333329999999999460e-01
5.679999999999999494e-01
-8.750000000000000000e-01
-9.615380000000000038e-01
5.172409999999999508e-01
6.500000000000000222e-01
-8.461539999999999617e-01
-8.613859999999999850e-01
2.631580000000000030e-01
3.437500000000000000e-01
-7.812500000000000000e-01
-8.058250000000000135e-01
7.368420000000000525e-02
1.250000000000000000e-01
