-6.562500000000000000e-01
9.090910000000000657e-02
4.761900000000000160e-02
-1.074380000000000057e-01
-6.451609999999999845e-01
1.818180000000000143e-02
1.368419999999999914e-01
-1.562500000000000000e-01
-7.500000000000000000e-01
-6.796119999999999939e-02
-3.157890000000000003e-02
-2.812500000000000000e-01
-6.129029999999999756e-01
0.000000000000000000e+00
-1.521740000000000037e-01
-2.372879999999999989e-01
-7.187500000000000000e-01
8.737860000000000071e-02
-3.614459999999999895e-02
-2.357720000000000093e-01
-6.923080000000000345e-01
9.708740000000000425e-03
2.222220000000000098e-02
-2.159999999999999976e-01
-6.250000000000000000e-01
-3.846150000000000263e-02
-8.045979999999999799e-02
-2.500000000000000000e-01
-5.999999999999999778e-01
-8.910890000000000477e-02
-1.578950000000000076e-01
-2.812500000000000000e-01
-8.125000000000000000e-01
-1.067960000000000020e-01
-1.578950000000000076e-01
-2.812500000000000000e-01
