-2.500000000000000000e-01
-2.363639999999999908e-01
-5.714289999999999647e-01
-5.371899999999999453e-01
-2.258060000000000067e-01
-2.909089999999999732e-01
-6.421050000000000368e-01
-6.093750000000000000e-01
-2.500000000000000000e-01
-1.844659999999999911e-01
-4.947369999999999823e-01
-5.000000000000000000e-01
-3.548390000000000155e-01
-2.884619999999999962e-01
-5.217389999999999528e-01
-4.915249999999999897e-01
-2.500000000000000000e-01
-2.038830000000000087e-01
-4.457829999999999848e-01
-5.934960000000000235e-01
-2.307690000000000019e-01
-2.038830000000000087e-01
-5.333329999999999460e-01
-5.679999999999999494e-01
-5.312500000000000000e-01
-4.038459999999999828e-01
-6.091950000000000420e-01
-6.666670000000000096e-01
-2.615379999999999927e-01
-1.881190000000000084e-01
-4.315789999999999904e-01
-4.843750000000000000e-01
-1.562500000000000000e-01
-1.262139999999999929e-01
-4.947369999999999823e-01
-5.468750000000000000e-01
