-1.562500000000000000e-01
4.727270000000000083e-01
5.000000000000000000e-01
1.239669999999999939e-01
-1.290320000000000078e-01
4.727270000000000083e-01
4.526319999999999788e-01
7.812500000000000000e-02
-1.562500000000000000e-01
6.504849999999999799e-01
4.526319999999999788e-01
7.812500000000000000e-02
-1.290320000000000078e-01
6.153849999999999598e-01
5.434780000000000166e-01
3.389829999999999927e-02
-1.562500000000000000e-01
6.310679999999999623e-01
5.180719999999999770e-01
2.439020000000000077e-02
-1.384620000000000017e-01
6.310679999999999623e-01
6.444440000000000168e-01
4.000000000000000083e-02
0.000000000000000000e+00
6.153849999999999598e-01
5.402299999999999880e-01
6.666669999999999541e-02
1.538460000000000001e-02
6.633660000000000112e-01
4.736839999999999939e-01
7.812500000000000000e-02
0.000000000000000000e+00
6.310679999999999623e-01
5.789469999999999894e-01
7.812500000000000000e-02
