-2.812500000000000000e-01
-2.000000000000000111e-01
-4.761900000000000022e-01
-6.363640000000000407e-01
-1.290320000000000078e-01
-2.000000000000000111e-01
-4.105260000000000020e-01
-5.468750000000000000e-01
-2.812500000000000000e-01
-6.796119999999999939e-02
-4.105260000000000020e-01
-5.468750000000000000e-01
-2.258060000000000067e-01
-1.153850000000000015e-01
-5.434780000000000166e-01
-5.932199999999999696e-01
-2.500000000000000000e-01
-1.067960000000000020e-01
-5.662650000000000183e-01
-5.609760000000000302e-01
-2.307690000000000019e-01
-1.067960000000000020e-01
-2.888890000000000069e-01
-4.879999999999999893e-01
-2.500000000000000000e-01
-7.692309999999999426e-02
-4.942529999999999979e-01
-5.166669999999999874e-01
-1.076919999999999961e-01
-4.950500000000000039e-02
-3.894739999999999869e-01
-5.781250000000000000e-01
-1.250000000000000000e-01
-6.796119999999999939e-02
-4.736839999999999939e-01
-5.312500000000000000e-01
