5.000000000000000000e-01
3.818179999999999907e-01
3.571429999999999882e-01
-1.404960000000000098e-01
5.483869999999999578e-01
3.090910000000000046e-01
1.368419999999999914e-01
-1.250000000000000000e-01
3.750000000000000000e-01
3.980580000000000229e-01
1.368419999999999914e-01
-1.250000000000000000e-01
4.193549999999999778e-01
3.846149999999999847e-01
2.173910000000000009e-01
-1.525420000000000109e-01
3.750000000000000000e-01
4.757279999999999842e-01
1.566269999999999885e-01
-2.032519999999999882e-01
5.076920000000000321e-01
3.980580000000000229e-01
1.111110000000000014e-01
-2.000000000000000111e-01
4.375000000000000000e-01
4.038459999999999828e-01
1.724140000000000117e-01
-2.166669999999999985e-01
3.230770000000000031e-01
3.663370000000000237e-01
5.263160000000000061e-02
-1.875000000000000000e-01
3.125000000000000000e-01
4.174760000000000137e-01
2.210529999999999995e-01
-1.875000000000000000e-01
