-2.500000000000000000e-01
-1.272729999999999972e-01
-4.523809999999999776e-01
-6.198350000000000248e-01
-2.258060000000000067e-01
-1.272729999999999972e-01
-3.894739999999999869e-01
-5.312500000000000000e-01
-2.500000000000000000e-01
-6.796119999999999939e-02
-3.894739999999999869e-01
-5.312500000000000000e-01
-2.580649999999999888e-01
-1.346150000000000124e-01
-4.782609999999999917e-01
-5.762709999999999777e-01
-1.562500000000000000e-01
-6.796119999999999939e-02
-4.939760000000000262e-01
-6.097559999999999647e-01
-1.384620000000000017e-01
-6.796119999999999939e-02
-4.000000000000000222e-01
-5.360000000000000320e-01
-1.875000000000000000e-01
-7.692309999999999426e-02
-3.793099999999999805e-01
-5.833329999999999904e-01
-1.692309999999999925e-01
2.970300000000000024e-02
-4.526319999999999788e-01
-5.312500000000000000e-01
-6.250000000000000000e-02
9.708740000000000425e-03
-4.526319999999999788e-01
-5.312500000000000000e-01
