-9.375000000000000000e-01
-8.727270000000000305e-01
2.857140000000000235e-01
4.380169999999999897e-01
-8.064519999999999467e-01
-8.727270000000000305e-01
2.631580000000000030e-01
3.593750000000000000e-01
-7.187500000000000000e-01
-8.640780000000000127e-01
2.631580000000000030e-01
3.593750000000000000e-01
-8.709679999999999644e-01
-9.230770000000000364e-01
3.260870000000000157e-01
5.084750000000000103e-01
-7.812500000000000000e-01
-8.640780000000000127e-01
3.975899999999999990e-01
4.959350000000000147e-01
-7.538460000000000161e-01
-8.058250000000000135e-01
4.222219999999999862e-01
4.879999999999999893e-01
-7.812500000000000000e-01
-9.230770000000000364e-01
6.551719999999999766e-01
5.666670000000000318e-01
-7.538460000000000161e-01
-9.207920000000000549e-01
4.736839999999999939e-01
4.843750000000000000e-01
-7.812500000000000000e-01
-8.640780000000000127e-01
3.684209999999999985e-01
4.218750000000000000e-01
