6.250000000000000000e-01
5.999999999999999778e-01
5.238099999999999978e-01
1.404960000000000098e-01
8.387099999999999556e-01
5.999999999999999778e-01
5.789469999999999894e-01
1.406250000000000000e-01
6.250000000000000000e-01
5.339810000000000390e-01
3.684209999999999985e-01
-3.125000000000000000e-02
8.387099999999999556e-01
8.076919999999999655e-01
6.304349999999999676e-01
1.864409999999999956e-01
5.000000000000000000e-01
7.281549999999999967e-01
5.903610000000000246e-01
8.130079999999999599e-03
6.307690000000000241e-01
4.757279999999999842e-01
2.888890000000000069e-01
-1.680000000000000104e-01
2.187500000000000000e-01
6.153849999999999598e-01
6.091950000000000420e-01
1.000000000000000056e-01
2.307690000000000019e-01
5.841579999999999551e-01
4.315789999999999904e-01
-1.562500000000000000e-02
9.375000000000000000e-02
5.533979999999999455e-01
3.263159999999999950e-01
-1.562500000000000000e-02
