-2.500000000000000000e-01
6.181820000000000093e-01
5.714289999999999647e-01
9.090910000000000657e-02
-2.258060000000000067e-01
7.090910000000000268e-01
5.157890000000000530e-01
4.687500000000000000e-02
-2.500000000000000000e-01
7.281549999999999967e-01
5.157890000000000530e-01
9.375000000000000000e-02
-1.290320000000000078e-01
7.115380000000000038e-01
5.217389999999999528e-01
1.355929999999999913e-01
-3.125000000000000000e-02
6.310679999999999623e-01
7.349400000000000377e-01
7.317070000000000518e-02
-1.384620000000000017e-01
6.310679999999999623e-01
6.222220000000000528e-01
7.199999999999999456e-02
-1.875000000000000000e-01
6.538460000000000383e-01
7.011490000000000222e-01
1.000000000000000056e-01
-1.692309999999999925e-01
7.029699999999999838e-01
5.157890000000000530e-01
1.093750000000000000e-01
-1.875000000000000000e-01
6.699030000000000262e-01
6.210529999999999662e-01
1.093750000000000000e-01
