3.750000000000000000e-01
4.363639999999999741e-01
4.047620000000000107e-01
-1.074380000000000057e-01
5.483869999999999578e-01
4.363639999999999741e-01
2.842109999999999914e-01
-9.375000000000000000e-02
5.000000000000000000e-01
5.339810000000000390e-01
1.789469999999999950e-01
-9.375000000000000000e-02
5.483869999999999578e-01
4.615380000000000038e-01
1.956519999999999926e-01
-1.186439999999999995e-01
5.000000000000000000e-01
4.757279999999999842e-01
3.734939999999999927e-01
-1.707319999999999949e-01
5.076920000000000321e-01
3.980580000000000229e-01
2.000000000000000111e-01
-1.039999999999999952e-01
3.750000000000000000e-01
4.615380000000000038e-01
1.724140000000000117e-01
-1.833329999999999960e-01
3.846149999999999847e-01
4.257429999999999826e-01
2.421049999999999869e-01
-1.562500000000000000e-01
3.750000000000000000e-01
4.757279999999999842e-01
1.368419999999999914e-01
-1.562500000000000000e-01
