-1.562500000000000000e-01
-1.272729999999999972e-01
-4.761900000000000022e-01
-5.867769999999999930e-01
-2.580649999999999888e-01
-1.272729999999999972e-01
-4.105260000000000020e-01
-5.937500000000000000e-01
-2.812500000000000000e-01
-1.456310000000000104e-01
-4.947369999999999823e-01
-5.937500000000000000e-01
-2.258060000000000067e-01
-1.923080000000000067e-01
-5.434780000000000166e-01
-5.932199999999999696e-01
-2.500000000000000000e-01
-1.844659999999999911e-01
-5.662650000000000183e-01
-6.260160000000000169e-01
-2.307690000000000019e-01
-1.067960000000000020e-01
-4.666669999999999985e-01
-4.879999999999999893e-01
-1.250000000000000000e-01
-7.692309999999999426e-02
-5.862070000000000336e-01
-6.333330000000000348e-01
-1.076919999999999961e-01
-1.287129999999999941e-01
-4.736839999999999939e-01
-5.781250000000000000e-01
-1.250000000000000000e-01
-1.456310000000000104e-01
-4.736839999999999939e-01
-5.781250000000000000e-01
