5.625000000000000000e-01
4.909089999999999843e-01
4.523809999999999776e-01
-7.438019999999999354e-02
6.129029999999999756e-01
5.636360000000000259e-01
3.052630000000000066e-01
-1.562500000000000000e-02
5.625000000000000000e-01
6.699030000000000262e-01
3.052630000000000066e-01
-1.562500000000000000e-02
8.064519999999999467e-01
6.346150000000000402e-01
3.260870000000000157e-01
-3.389829999999999927e-02
7.500000000000000000e-01
6.504849999999999799e-01
5.180719999999999770e-01
-8.943089999999999373e-02
6.307690000000000241e-01
5.728159999999999918e-01
5.333329999999999460e-01
-2.400000000000000050e-02
7.812500000000000000e-01
6.153849999999999598e-01
4.022990000000000177e-01
0.000000000000000000e+00
6.615379999999999594e-01
7.425739999999999563e-01
3.473680000000000101e-01
1.562500000000000000e-02
6.562500000000000000e-01
7.087379999999999791e-01
4.526319999999999788e-01
1.562500000000000000e-02
