-1.875000000000000000e-01
3.272729999999999806e-01
2.380950000000000011e-01
-7.438019999999999354e-02
-1.612899999999999889e-01
2.545450000000000212e-01
-3.157890000000000003e-02
-1.250000000000000000e-01
-2.812500000000000000e-01
1.650490000000000013e-01
-3.157890000000000003e-02
-2.343750000000000000e-01
-1.290320000000000078e-01
4.615380000000000038e-01
3.260870000000000157e-01
-3.389829999999999927e-02
-2.812500000000000000e-01
2.427179999999999893e-01
1.807229999999999948e-01
-2.032519999999999882e-01
-2.615379999999999927e-01
1.844659999999999911e-01
-1.111110000000000014e-01
-2.640000000000000124e-01
-2.812500000000000000e-01
5.192309999999999981e-01
5.172409999999999508e-01
0.000000000000000000e+00
-2.615379999999999927e-01
3.861390000000000100e-01
1.578950000000000076e-01
-9.375000000000000000e-02
-2.812500000000000000e-01
1.844659999999999911e-01
-1.052630000000000059e-02
-1.562500000000000000e-01
