2.500000000000000000e-01
3.636360000000000148e-01
1.904760000000000064e-01
-1.074380000000000057e-01
1.612899999999999889e-01
1.272729999999999972e-01
1.052630000000000059e-02
-2.187500000000000000e-01
-1.250000000000000000e-01
-1.067960000000000020e-01
-1.578950000000000076e-01
-2.187500000000000000e-01
1.612899999999999889e-01
2.307690000000000019e-01
-6.521739999999999482e-02
-1.864409999999999956e-01
2.500000000000000000e-01
3.203880000000000061e-01
6.024100000000000288e-02
-2.357720000000000093e-01
1.384620000000000017e-01
8.737860000000000071e-02
2.222220000000000098e-02
-1.680000000000000104e-01
-3.125000000000000000e-02
7.692309999999999426e-02
-1.724140000000000117e-01
-4.500000000000000111e-01
1.076919999999999961e-01
1.881190000000000084e-01
-3.157890000000000003e-02
-2.812500000000000000e-01
2.187500000000000000e-01
2.427179999999999893e-01
-3.157890000000000003e-02
-2.187500000000000000e-01
