9.375000000000000000e-02
2.363639999999999908e-01
1.428570000000000118e-01
-1.074380000000000057e-01
-1.290320000000000078e-01
1.818180000000000143e-02
-3.157890000000000003e-02
-2.187500000000000000e-01
-4.062500000000000000e-01
-1.262139999999999929e-01
-2.631580000000000030e-01
-3.437500000000000000e-01
-1.612899999999999889e-01
1.538460000000000105e-01
1.086960000000000010e-01
-5.084749999999999687e-02
-6.250000000000000000e-02
3.398059999999999969e-01
1.566269999999999885e-01
-1.056909999999999933e-01
-2.615379999999999927e-01
9.708740000000000425e-03
-1.555559999999999998e-01
-2.159999999999999976e-01
-4.062500000000000000e-01
-3.846150000000000263e-02
-1.494250000000000023e-01
-3.166669999999999763e-01
-3.846149999999999847e-01
-8.910890000000000477e-02
-1.052630000000000059e-02
-2.187500000000000000e-01
-4.062500000000000000e-01
-1.067960000000000020e-01
-9.473679999999999601e-02
-2.812500000000000000e-01
