-1.875000000000000000e-01
2.545450000000000212e-01
2.380950000000000011e-01
-2.479340000000000016e-02
-2.580649999999999888e-01
9.090910000000000657e-02
5.263160000000000061e-02
-1.875000000000000000e-01
-2.812500000000000000e-01
1.650490000000000013e-01
1.368419999999999914e-01
-1.875000000000000000e-01
-3.870970000000000244e-01
2.307690000000000019e-01
1.304349999999999954e-01
-1.016949999999999937e-01
-4.062500000000000000e-01
2.427179999999999893e-01
8.433730000000000393e-02
-1.544719999999999982e-01
-3.846149999999999847e-01
3.203880000000000061e-01
3.333329999999999904e-01
-2.400000000000000050e-02
-4.687500000000000000e-01
1.730770000000000086e-01
1.034479999999999983e-01
-1.166670000000000068e-01
-4.461539999999999950e-01
2.079209999999999947e-01
7.368420000000000525e-02
-1.562500000000000000e-01
-4.687500000000000000e-01
1.844659999999999911e-01
1.578950000000000076e-01
-1.562500000000000000e-01
