-6.875000000000000000e-01
-2.727269999999999972e-01
-3.095240000000000213e-01
-2.892560000000000131e-01
-6.774189999999999934e-01
-2.000000000000000111e-01
-1.789469999999999950e-01
-2.656250000000000000e-01
-6.875000000000000000e-01
-6.796119999999999939e-02
-1.789469999999999950e-01
-2.031250000000000000e-01
-5.806449999999999667e-01
-2.500000000000000000e-01
-3.695649999999999769e-01
-2.711859999999999826e-01
-3.750000000000000000e-01
-1.067960000000000020e-01
-2.771080000000000210e-01
-3.170729999999999937e-01
-3.538459999999999939e-01
-2.912620000000000139e-02
-2.222220000000000098e-02
-2.000000000000000111e-01
-5.000000000000000000e-01
-2.115380000000000038e-01
-3.103449999999999820e-01
-3.333329999999999904e-01
-2.307690000000000019e-01
1.089109999999999939e-01
5.263160000000000061e-02
-1.250000000000000000e-01
-2.500000000000000000e-01
3.203880000000000061e-01
1.368419999999999914e-01
-1.250000000000000000e-01
