-2.500000000000000000e-01
5.454550000000000232e-01
5.714289999999999647e-01
4.132229999999999931e-02
-2.258060000000000067e-01
5.454550000000000232e-01
5.157890000000000530e-01
9.375000000000000000e-02
-1.250000000000000000e-01
5.533979999999999455e-01
5.157890000000000530e-01
4.687500000000000000e-02
-1.290320000000000078e-01
5.384619999999999962e-01
5.217389999999999528e-01
6.779659999999999853e-02
-1.562500000000000000e-01
6.310679999999999623e-01
6.144579999999999487e-01
8.130079999999999599e-03
-1.384620000000000017e-01
6.310679999999999623e-01
6.222220000000000528e-01
1.360000000000000098e-01
-2.812500000000000000e-01
3.269230000000000191e-01
3.563220000000000276e-01
-1.499999999999999944e-01
-2.615379999999999927e-01
6.237620000000000386e-01
5.157890000000000530e-01
4.687500000000000000e-02
-1.875000000000000000e-01
6.699030000000000262e-01
6.210529999999999662e-01
1.093750000000000000e-01
