-1.875000000000000000e-01
1.636360000000000037e-01
4.761900000000000160e-02
-2.066119999999999901e-01
-2.580649999999999888e-01
9.090910000000000657e-02
5.263160000000000061e-02
-1.875000000000000000e-01
-2.812500000000000000e-01
1.650490000000000013e-01
1.368419999999999914e-01
-1.250000000000000000e-01
-4.838709999999999956e-01
3.846150000000000263e-02
-1.956519999999999926e-01
-2.203390000000000071e-01
-6.250000000000000000e-01
-2.912620000000000139e-02
-1.807229999999999948e-01
-3.333329999999999904e-01
-5.999999999999999778e-01
1.067960000000000020e-01
2.222220000000000029e-01
-8.799999999999999489e-02
-4.687500000000000000e-01
9.615379999999999761e-02
1.034479999999999983e-01
-2.333330000000000126e-01
-6.615379999999999594e-01
2.970300000000000024e-02
7.368420000000000525e-02
-2.656250000000000000e-01
-6.875000000000000000e-01
-6.796119999999999939e-02
-1.052630000000000059e-02
-2.656250000000000000e-01
