6.250000000000000000e-02
1.636360000000000037e-01
-1.428570000000000118e-01
-3.884299999999999975e-01
2.258060000000000067e-01
1.636360000000000037e-01
-3.157890000000000003e-02
-2.968750000000000000e-01
6.250000000000000000e-02
1.650490000000000013e-01
-1.157890000000000030e-01
-3.593750000000000000e-01
3.870970000000000244e-01
2.307690000000000019e-01
-4.347829999999999750e-02
-3.389829999999999788e-01
2.187500000000000000e-01
2.427179999999999893e-01
-1.084340000000000026e-01
-3.821140000000000092e-01
2.307690000000000019e-01
2.427179999999999893e-01
-1.111110000000000014e-01
-3.760000000000000009e-01
1.875000000000000000e-01
2.500000000000000000e-01
-8.045979999999999799e-02
-3.499999999999999778e-01
7.692309999999999426e-02
2.871290000000000231e-01
-9.473679999999999601e-02
-3.750000000000000000e-01
1.875000000000000000e-01
1.844659999999999911e-01
-1.052630000000000059e-02
-3.125000000000000000e-01
