5.312500000000000000e-01
3.636360000000000148e-01
1.666670000000000096e-01
-1.074380000000000057e-01
4.516129999999999867e-01
3.636360000000000148e-01
2.631580000000000030e-01
-9.375000000000000000e-02
4.062500000000000000e-01
4.563110000000000221e-01
2.631580000000000030e-01
1.562500000000000000e-02
4.193549999999999778e-01
4.423079999999999790e-01
1.521740000000000037e-01
-1.694920000000000107e-02
5.000000000000000000e-01
5.339810000000000390e-01
3.253010000000000068e-01
-7.317070000000000518e-02
5.076920000000000321e-01
5.339810000000000390e-01
3.555559999999999832e-01
1.039999999999999952e-01
3.750000000000000000e-01
3.846149999999999847e-01
3.793099999999999805e-01
-1.000000000000000056e-01
3.846149999999999847e-01
4.257429999999999826e-01
2.210529999999999995e-01
-1.562500000000000000e-02
3.750000000000000000e-01
5.533979999999999455e-01
3.263159999999999950e-01
4.687500000000000000e-02
