-6.250000000000000000e-02
-5.454549999999999677e-02
-3.809520000000000128e-01
-5.206610000000000404e-01
-1.290320000000000078e-01
-1.272729999999999972e-01
-4.947369999999999823e-01
-4.843750000000000000e-01
-3.750000000000000000e-01
-3.009709999999999885e-01
-4.947369999999999823e-01
-5.468750000000000000e-01
3.225809999999999789e-02
3.846150000000000263e-02
-2.826089999999999991e-01
-4.067799999999999749e-01
0.000000000000000000e+00
-2.912620000000000139e-02
-4.698800000000000199e-01
-5.609760000000000302e-01
-2.307690000000000019e-01
-1.067960000000000020e-01
-4.666669999999999985e-01
-5.520000000000000462e-01
-3.125000000000000000e-02
0.000000000000000000e+00
-3.103449999999999820e-01
-4.500000000000000111e-01
-1.538460000000000001e-02
2.970300000000000024e-02
-3.894739999999999869e-01
-4.062500000000000000e-01
-3.125000000000000000e-02
8.737860000000000071e-02
-3.894739999999999869e-01
-4.687500000000000000e-01
