-1.875000000000000000e-01
-1.272729999999999972e-01
-5.238099999999999978e-01
-5.702479999999999771e-01
-1.612899999999999889e-01
-1.272729999999999972e-01
-2.842109999999999914e-01
-4.687500000000000000e-01
-1.875000000000000000e-01
9.708740000000000425e-03
-3.684209999999999985e-01
-5.312500000000000000e-01
-1.290320000000000078e-01
-3.846150000000000263e-02
-5.217389999999999528e-01
-5.423729999999999940e-01
-2.812500000000000000e-01
-1.067960000000000020e-01
-3.734939999999999927e-01
-6.260160000000000169e-01
-2.615379999999999927e-01
-2.912620000000000139e-02
-3.555559999999999832e-01
-5.040000000000000036e-01
-2.812500000000000000e-01
-7.692309999999999426e-02
-4.252870000000000261e-01
-6.500000000000000222e-01
-1.384620000000000017e-01
-4.950500000000000039e-02
-4.105260000000000020e-01
-5.468750000000000000e-01
-1.562500000000000000e-01
-1.456310000000000104e-01
-4.105260000000000020e-01
-5.468750000000000000e-01
