-3.750000000000000000e-01
2.363639999999999908e-01
3.571429999999999882e-01
-2.479340000000000016e-02
-5.806449999999999667e-01
2.363639999999999908e-01
2.210529999999999995e-01
-7.812500000000000000e-02
-6.875000000000000000e-01
8.737860000000000071e-02
1.368419999999999914e-01
-1.250000000000000000e-01
-6.451609999999999845e-01
1.538460000000000105e-01
2.173910000000000078e-02
-8.474579999999999613e-02
-6.562500000000000000e-01
8.737860000000000071e-02
1.566269999999999885e-01
-2.032519999999999882e-01
-7.230769999999999698e-01
-6.796119999999999939e-02
2.222220000000000098e-02
-2.640000000000000124e-01
-6.250000000000000000e-01
0.000000000000000000e+00
-1.034479999999999983e-01
-2.666669999999999874e-01
-6.923080000000000345e-01
1.089109999999999939e-01
-3.157890000000000003e-02
-1.875000000000000000e-01
-7.187500000000000000e-01
9.708740000000000425e-03
-3.157890000000000003e-02
-2.343750000000000000e-01
