-6.875000000000000000e-01
-6.727269999999999639e-01
3.571429999999999882e-01
2.231400000000000050e-01
-6.774189999999999934e-01
-8.727270000000000305e-01
5.157890000000000530e-01
6.562500000000000000e-01
-9.062500000000000000e-01
-9.611650000000000471e-01
7.473680000000000323e-01
6.562500000000000000e-01
-7.419350000000000112e-01
-8.076919999999999655e-01
4.130429999999999935e-01
4.067799999999999749e-01
-6.562500000000000000e-01
-7.087379999999999791e-01
2.771080000000000210e-01
1.382110000000000005e-01
-5.076920000000000321e-01
-8.058250000000000135e-01
4.000000000000000222e-01
3.920000000000000151e-01
-9.062500000000000000e-01
-9.038460000000000383e-01
5.862070000000000336e-01
5.833329999999999904e-01
-6.923080000000000345e-01
-8.613859999999999850e-01
5.157890000000000530e-01
5.625000000000000000e-01
-5.000000000000000000e-01
-5.728159999999999918e-01
2.210529999999999995e-01
1.093750000000000000e-01
