-2.812500000000000000e-01
-1.272729999999999972e-01
-5.714289999999999647e-01
-5.867769999999999930e-01
-2.580649999999999888e-01
-1.818180000000000074e-01
-4.947369999999999823e-01
-6.093750000000000000e-01
-2.812500000000000000e-01
-2.038830000000000087e-01
-5.789469999999999894e-01
-5.468750000000000000e-01
-1.612899999999999889e-01
-1.538460000000000105e-01
-5.652169999999999694e-01
-6.271189999999999820e-01
-1.875000000000000000e-01
-1.456310000000000104e-01
-5.180719999999999770e-01
-6.585370000000000390e-01
-2.615379999999999927e-01
-1.456310000000000104e-01
-4.222219999999999862e-01
-5.839999999999999636e-01
-1.562500000000000000e-01
-1.153850000000000015e-01
-5.632179999999999964e-01
-6.166669999999999652e-01
-2.615379999999999927e-01
-1.485150000000000081e-01
-5.368420000000000414e-01
-5.625000000000000000e-01
-2.812500000000000000e-01
-1.067960000000000020e-01
-5.368420000000000414e-01
-5.156250000000000000e-01
