2.500000000000000000e-01
2.181819999999999871e-01
-9.523810000000000608e-02
-3.553720000000000212e-01
2.903229999999999977e-01
2.181819999999999871e-01
-7.368420000000000525e-02
-3.281250000000000000e-01
2.500000000000000000e-01
2.038830000000000087e-01
-1.578950000000000076e-01
-3.906250000000000000e-01
2.903229999999999977e-01
2.307690000000000019e-01
-1.739130000000000120e-01
-3.728810000000000180e-01
-3.125000000000000000e-02
2.427179999999999893e-01
-3.614459999999999895e-02
-3.495929999999999871e-01
1.384620000000000017e-01
2.427179999999999893e-01
2.222220000000000098e-02
-3.439999999999999725e-01
-3.125000000000000000e-02
7.692309999999999426e-02
-1.149430000000000070e-02
-3.166669999999999763e-01
-1.384620000000000017e-01
-1.089109999999999939e-01
-3.157890000000000003e-02
-1.562500000000000000e-01
-4.062500000000000000e-01
-3.980580000000000229e-01
1.368419999999999914e-01
1.093750000000000000e-01
