-9.062500000000000000e-01
-9.272730000000000139e-01
2.380950000000000011e-01
3.884299999999999975e-01
-1.000000000000000000e+00
-9.636360000000000481e-01
2.210529999999999995e-01
4.375000000000000000e-01
-9.062500000000000000e-01
-9.223299999999999832e-01
1.368419999999999914e-01
3.750000000000000000e-01
-7.419350000000000112e-01
-8.076919999999999655e-01
1.086960000000000010e-01
3.389829999999999788e-01
-8.750000000000000000e-01
-9.611650000000000471e-01
2.771080000000000210e-01
4.146340000000000026e-01
-8.461539999999999617e-01
-9.611650000000000471e-01
2.000000000000000111e-01
4.719999999999999751e-01
-9.062500000000000000e-01
-9.038460000000000383e-01
1.724140000000000117e-01
3.333329999999999904e-01
-7.846149999999999514e-01
-8.613859999999999850e-01
1.368419999999999914e-01
3.906250000000000000e-01
-8.125000000000000000e-01
-8.640780000000000127e-01
1.368419999999999914e-01
3.281250000000000000e-01
