7.812500000000000000e-01
7.090910000000000268e-01
7.142859999999999765e-01
1.570249999999999979e-01
5.483869999999999578e-01
6.181820000000000093e-01
5.157890000000000530e-01
4.687500000000000000e-02
6.250000000000000000e-01
4.757279999999999842e-01
2.210529999999999995e-01
-1.875000000000000000e-01
2.580649999999999888e-01
6.153849999999999598e-01
5.217389999999999528e-01
1.355929999999999913e-01
2.187500000000000000e-01
5.533979999999999455e-01
4.939760000000000262e-01
-5.691059999999999869e-02
1.076919999999999961e-01
5.533979999999999455e-01
4.000000000000000222e-01
8.000000000000000167e-03
-2.812500000000000000e-01
3.269230000000000191e-01
1.724140000000000117e-01
-8.333329999999999904e-02
-1.692309999999999925e-01
4.455450000000000244e-01
2.210529999999999995e-01
-1.562500000000000000e-02
-2.812500000000000000e-01
4.174760000000000137e-01
4.105260000000000020e-01
4.687500000000000000e-02
