5.000000000000000000e-01
4.545449999999999768e-01
3.571429999999999882e-01
-9.090910000000000657e-02
6.774189999999999934e-01
3.818179999999999907e-01
3.263159999999999950e-01
-7.812500000000000000e-02
5.000000000000000000e-01
5.533979999999999455e-01
2.210529999999999995e-01
-1.562500000000000000e-02
5.483869999999999578e-01
5.384619999999999962e-01
3.043480000000000074e-01
0.000000000000000000e+00
6.562500000000000000e-01
6.310679999999999623e-01
4.939760000000000262e-01
-1.382110000000000005e-01
5.076920000000000321e-01
5.533979999999999455e-01
3.111110000000000264e-01
-7.199999999999999456e-02
5.625000000000000000e-01
6.538460000000000383e-01
5.862070000000000336e-01
3.333330000000000320e-02
5.692310000000000425e-01
7.029699999999999838e-01
3.052630000000000066e-01
-1.562500000000000000e-02
5.625000000000000000e-01
6.699030000000000262e-01
3.052630000000000066e-01
-1.562500000000000000e-02
