-8.125000000000000000e-01
-9.090909999999999824e-01
6.190480000000000427e-01
7.520660000000000123e-01
-8.064519999999999467e-01
-9.090909999999999824e-01
5.578950000000000298e-01
7.187500000000000000e-01
-9.375000000000000000e-01
-8.640780000000000127e-01
5.578950000000000298e-01
6.562500000000000000e-01
-8.709679999999999644e-01
-8.653849999999999598e-01
5.434780000000000166e-01
8.135590000000000321e-01
-8.750000000000000000e-01
-8.640780000000000127e-01
7.590360000000000440e-01
7.235770000000000257e-01
-8.461539999999999617e-01
-8.640780000000000127e-01
6.444440000000000168e-01
7.119999999999999662e-01
-7.812500000000000000e-01
-8.653849999999999598e-01
7.931030000000000024e-01
7.500000000000000000e-01
-8.461539999999999617e-01
-9.207920000000000549e-01
8.105259999999999687e-01
7.187500000000000000e-01
-8.750000000000000000e-01
-9.223299999999999832e-01
5.789469999999999894e-01
7.187500000000000000e-01
