6.250000000000000000e-01
4.727270000000000083e-01
3.809520000000000128e-01
-5.785119999999999846e-02
5.161289999999999489e-01
3.818179999999999907e-01
1.578950000000000076e-01
-1.562500000000000000e-01
3.437500000000000000e-01
3.980580000000000229e-01
7.368420000000000525e-02
-2.187500000000000000e-01
8.387099999999999556e-01
6.153849999999999598e-01
4.347829999999999750e-01
3.389829999999999927e-02
6.562500000000000000e-01
5.339810000000000390e-01
3.975899999999999990e-01
-8.943089999999999373e-02
5.384619999999999962e-01
5.339810000000000390e-01
1.333330000000000071e-01
-1.839999999999999969e-01
5.000000000000000000e-01
6.153849999999999598e-01
3.333329999999999904e-01
-1.166670000000000068e-01
6.307690000000000241e-01
5.643559999999999688e-01
3.684209999999999985e-01
-3.125000000000000000e-02
5.000000000000000000e-01
4.563110000000000221e-01
2.842109999999999914e-01
-1.562500000000000000e-01
