-1.000000000000000000e+00
-9.636360000000000481e-01
2.380950000000000011e-01
4.545449999999999768e-01
-9.032259999999999733e-01
-9.272730000000000139e-01
1.368419999999999914e-01
3.750000000000000000e-01
-6.875000000000000000e-01
-7.087379999999999791e-01
-3.157890000000000003e-02
4.687500000000000000e-02
-8.709679999999999644e-01
-9.615380000000000038e-01
2.173910000000000009e-01
4.915249999999999897e-01
-8.750000000000000000e-01
-9.611650000000000471e-01
1.566269999999999885e-01
4.146340000000000026e-01
-8.461539999999999617e-01
-9.029129999999999656e-01
2.000000000000000111e-01
3.920000000000000151e-01
-8.125000000000000000e-01
-8.653849999999999598e-01
1.724140000000000117e-01
4.000000000000000222e-01
-7.846149999999999514e-01
-8.613859999999999850e-01
1.368419999999999914e-01
3.281250000000000000e-01
-1.000000000000000000e+00
-9.611650000000000471e-01
3.052630000000000066e-01
4.531250000000000000e-01
