-6.250000000000000000e-01
-5.454549999999999677e-02
-4.761900000000000160e-02
-2.561979999999999813e-01
-6.129029999999999756e-01
-5.454549999999999677e-02
-1.157890000000000030e-01
-1.875000000000000000e-01
-6.250000000000000000e-01
-1.456310000000000104e-01
-2.842109999999999914e-01
-2.968750000000000000e-01
-6.129029999999999756e-01
-1.730770000000000086e-01
-3.695649999999999769e-01
-2.881360000000000032e-01
-7.187500000000000000e-01
-2.427179999999999893e-01
-2.771080000000000210e-01
-3.333329999999999904e-01
-5.999999999999999778e-01
-2.427179999999999893e-01
-2.000000000000000111e-01
-3.119999999999999996e-01
-5.937500000000000000e-01
-1.538460000000000105e-01
-1.724140000000000117e-01
-3.499999999999999778e-01
-6.615379999999999594e-01
-1.287129999999999941e-01
-1.789469999999999950e-01
-3.125000000000000000e-01
-6.875000000000000000e-01
-1.456310000000000104e-01
-2.631580000000000030e-01
-3.125000000000000000e-01
