7.500000000000000000e-01
5.454550000000000232e-01
5.000000000000000000e-01
8.264459999999999515e-03
8.064519999999999467e-01
6.363640000000000407e-01
3.473680000000000101e-01
1.562500000000000000e-02
6.250000000000000000e-01
5.728159999999999918e-01
3.473680000000000101e-01
1.562500000000000000e-02
8.387099999999999556e-01
6.923080000000000345e-01
3.260870000000000157e-01
3.389829999999999927e-02
7.812500000000000000e-01
7.087379999999999791e-01
3.975899999999999990e-01
-8.943089999999999373e-02
6.615379999999999594e-01
6.310679999999999623e-01
4.222219999999999862e-01
-7.199999999999999456e-02
5.000000000000000000e-01
5.192309999999999981e-01
3.333329999999999904e-01
-1.166670000000000068e-01
5.076920000000000321e-01
4.851489999999999969e-01
1.789469999999999950e-01
-1.562500000000000000e-01
3.750000000000000000e-01
3.786410000000000053e-01
1.789469999999999950e-01
-1.562500000000000000e-01
