1.875000000000000000e-01
1.636360000000000037e-01
-1.428570000000000118e-01
-3.884299999999999975e-01
9.677420000000000466e-02
1.636360000000000037e-01
-1.157890000000000030e-01
-3.593750000000000000e-01
1.875000000000000000e-01
2.427179999999999893e-01
-3.157890000000000003e-02
-2.968750000000000000e-01
3.870970000000000244e-01
2.307690000000000019e-01
-4.347829999999999750e-02
-3.389829999999999788e-01
3.437500000000000000e-01
2.427179999999999893e-01
-1.204820000000000023e-02
-3.821140000000000092e-01
2.307690000000000019e-01
2.427179999999999893e-01
-4.444440000000000196e-02
-3.119999999999999996e-01
3.125000000000000000e-01
2.500000000000000000e-01
-8.045979999999999799e-02
-2.999999999999999889e-01
2.000000000000000111e-01
2.871290000000000231e-01
-9.473679999999999601e-02
-3.125000000000000000e-01
6.250000000000000000e-02
2.621359999999999801e-01
-9.473679999999999601e-02
-3.750000000000000000e-01
