-3.750000000000000000e-01
-4.000000000000000222e-01
-3.809520000000000128e-01
-4.710739999999999927e-01
-3.548390000000000155e-01
-4.000000000000000222e-01
-3.263159999999999950e-01
-3.750000000000000000e-01
-4.687500000000000000e-01
-3.592230000000000145e-01
-3.263159999999999950e-01
-3.125000000000000000e-01
-4.516129999999999867e-01
-3.846149999999999847e-01
-4.565219999999999834e-01
-4.067799999999999749e-01
-3.750000000000000000e-01
-3.786410000000000053e-01
-3.734939999999999927e-01
-4.471539999999999959e-01
-3.538459999999999939e-01
-3.203880000000000061e-01
-2.000000000000000111e-01
-3.760000000000000009e-01
-5.000000000000000000e-01
-4.807690000000000019e-01
-3.103449999999999820e-01
-4.000000000000000222e-01
-4.769229999999999858e-01
-4.059409999999999963e-01
-3.894739999999999869e-01
-3.593750000000000000e-01
-2.500000000000000000e-01
-3.398059999999999969e-01
-3.052630000000000066e-01
-3.593750000000000000e-01
