-5.312500000000000000e-01
-5.636360000000000259e-01
-7.380949999999999456e-01
-7.190079999999999805e-01
-6.451609999999999845e-01
-5.636360000000000259e-01
-5.789469999999999894e-01
-6.718750000000000000e-01
-5.312500000000000000e-01
-5.339810000000000390e-01
-6.421050000000000368e-01
-6.093750000000000000e-01
-6.129029999999999756e-01
-5.769229999999999636e-01
-9.347830000000000306e-01
-1.000000000000000000e+00
-6.250000000000000000e-01
-5.728159999999999918e-01
-7.590360000000000440e-01
-8.373979999999999757e-01
-5.999999999999999778e-01
-4.368929999999999758e-01
-5.777780000000000138e-01
-5.839999999999999636e-01
-6.250000000000000000e-01
-5.384619999999999962e-01
-7.931030000000000024e-01
-8.666669999999999652e-01
-6.923080000000000345e-01
-5.841579999999999551e-01
-6.210529999999999662e-01
-6.875000000000000000e-01
-7.187500000000000000e-01
-4.757279999999999842e-01
-6.210529999999999662e-01
-6.250000000000000000e-01
