-4.687500000000000000e-01
3.636360000000000287e-02
-1.190480000000000010e-01
-2.892560000000000131e-01
-4.516129999999999867e-01
-1.272729999999999972e-01
-3.263159999999999950e-01
-3.125000000000000000e-01
-5.937500000000000000e-01
-1.456310000000000104e-01
-4.105260000000000020e-01
-3.125000000000000000e-01
-3.548390000000000155e-01
2.884619999999999962e-01
1.521740000000000037e-01
-8.474579999999999613e-02
-3.750000000000000000e-01
4.854370000000000213e-02
-8.433730000000000393e-02
-3.170729999999999937e-01
-4.461539999999999950e-01
-1.067960000000000020e-01
-1.111110000000000014e-01
-2.479999999999999982e-01
-1.250000000000000000e-01
3.846149999999999847e-01
4.942529999999999979e-01
-1.000000000000000056e-01
-3.538459999999999939e-01
2.673269999999999813e-01
1.368419999999999914e-01
-1.250000000000000000e-01
-2.500000000000000000e-01
3.203880000000000061e-01
2.210529999999999995e-01
-7.812500000000000000e-02
