4.062500000000000000e-01
2.727269999999999972e-01
2.857140000000000235e-01
-1.735540000000000138e-01
4.516129999999999867e-01
3.636360000000000148e-01
1.578950000000000076e-01
-2.031250000000000000e-01
4.062500000000000000e-01
4.563110000000000221e-01
1.578950000000000076e-01
-1.562500000000000000e-01
2.903229999999999977e-01
2.884619999999999962e-01
-2.173910000000000078e-02
-2.203390000000000071e-01
3.750000000000000000e-01
3.786410000000000053e-01
1.084340000000000026e-01
-2.032519999999999882e-01
3.846149999999999847e-01
3.786410000000000053e-01
1.555559999999999998e-01
-2.000000000000000111e-01
3.750000000000000000e-01
3.076920000000000210e-01
8.045979999999999799e-02
-2.166669999999999985e-01
5.076920000000000321e-01
4.257429999999999826e-01
1.368419999999999914e-01
-1.875000000000000000e-01
2.500000000000000000e-01
3.203880000000000061e-01
1.368419999999999914e-01
-1.875000000000000000e-01
