-9.375000000000000000e-01
-9.454550000000000454e-01
2.857140000000000235e-01
7.520660000000000123e-01
-9.354839999999999822e-01
-9.454550000000000454e-01
3.473680000000000101e-01
6.562500000000000000e-01
-8.125000000000000000e-01
-8.640780000000000127e-01
2.631580000000000030e-01
4.843750000000000000e-01
-8.709679999999999644e-01
-9.230770000000000364e-01
3.260870000000000157e-01
6.949149999999999494e-01
-8.750000000000000000e-01
-9.223299999999999832e-01
3.012050000000000005e-01
6.097559999999999647e-01
-8.461539999999999617e-01
-9.611650000000000471e-01
4.222219999999999862e-01
7.119999999999999662e-01
-8.750000000000000000e-01
-9.230770000000000364e-01
4.252870000000000261e-01
6.166669999999999652e-01
-8.461539999999999617e-01
-9.207920000000000549e-01
3.684209999999999985e-01
5.937500000000000000e-01
-7.812500000000000000e-01
-9.223299999999999832e-01
2.842109999999999914e-01
4.843750000000000000e-01
