-2.812500000000000000e-01
1.090909999999999935e-01
1.666670000000000096e-01
-5.785119999999999846e-02
-1.290320000000000078e-01
2.727269999999999972e-01
3.473680000000000101e-01
-4.687500000000000000e-02
-6.250000000000000000e-02
5.339810000000000390e-01
3.473680000000000101e-01
1.562500000000000000e-02
-2.258060000000000067e-01
1.153850000000000015e-01
-2.173910000000000078e-02
-1.525420000000000109e-01
-1.250000000000000000e-01
2.038830000000000087e-01
1.084340000000000026e-01
-1.382110000000000005e-01
-2.307690000000000019e-01
3.786410000000000053e-01
3.555559999999999832e-01
-8.000000000000000167e-03
-2.500000000000000000e-01
1.538460000000000105e-01
1.724140000000000117e-01
-1.499999999999999944e-01
-1.076919999999999961e-01
2.673269999999999813e-01
1.368419999999999914e-01
-7.812500000000000000e-02
-1.250000000000000000e-01
2.427179999999999893e-01
1.368419999999999914e-01
-1.250000000000000000e-01
