-3.125000000000000000e-02
3.636360000000000287e-02
-2.857140000000000235e-01
-4.214879999999999738e-01
-1.290320000000000078e-01
-1.818180000000000143e-02
-2.421049999999999869e-01
-4.531250000000000000e-01
-1.562500000000000000e-01
4.854370000000000213e-02
-2.421049999999999869e-01
-4.531250000000000000e-01
2.258060000000000067e-01
1.730770000000000086e-01
-1.304349999999999954e-01
-3.220339999999999869e-01
-6.250000000000000000e-02
9.708740000000000425e-03
-1.084340000000000026e-01
-4.959350000000000147e-01
-4.615380000000000177e-02
9.708740000000000425e-03
-2.222220000000000029e-01
-4.719999999999999751e-01
2.500000000000000000e-01
1.923080000000000067e-01
-5.747130000000000294e-02
-3.666670000000000207e-01
1.384620000000000017e-01
1.485150000000000081e-01
-7.368420000000000525e-02
-3.906250000000000000e-01
-1.250000000000000000e-01
-2.912620000000000139e-02
-3.263159999999999950e-01
-4.375000000000000000e-01
