3.125000000000000000e-01
1.090909999999999935e-01
-2.380950000000000080e-02
-3.388430000000000053e-01
2.258060000000000067e-01
1.818180000000000074e-01
-1.052630000000000059e-02
-3.125000000000000000e-01
1.875000000000000000e-01
1.844659999999999911e-01
-9.473679999999999601e-02
-3.125000000000000000e-01
2.903229999999999977e-01
2.884619999999999962e-01
-1.086960000000000010e-01
-3.389829999999999788e-01
2.500000000000000000e-01
2.038830000000000087e-01
-1.807229999999999948e-01
-4.471539999999999959e-01
2.615379999999999927e-01
2.038830000000000087e-01
-1.111110000000000014e-01
-3.119999999999999996e-01
-3.125000000000000000e-02
2.307690000000000019e-01
-1.149430000000000070e-02
-3.333329999999999904e-01
1.384620000000000017e-01
2.673269999999999813e-01
-3.157890000000000003e-02
-3.593750000000000000e-01
-3.125000000000000000e-02
9.708740000000000425e-03
-3.157890000000000003e-02
-2.968750000000000000e-01
