-6.250000000000000000e-01
-5.272729999999999917e-01
-5.952380000000000448e-01
-5.041320000000000245e-01
-6.129029999999999756e-01
-4.727270000000000083e-01
-5.157890000000000530e-01
-4.218750000000000000e-01
-5.000000000000000000e-01
-4.368929999999999758e-01
-2.842109999999999914e-01
-2.343750000000000000e-01
-3.870970000000000244e-01
-3.653850000000000153e-01
-1.304349999999999954e-01
-2.203390000000000071e-01
-2.812500000000000000e-01
-1.650490000000000013e-01
-1.204820000000000023e-02
-2.032519999999999882e-01
-1.384620000000000017e-01
-2.912620000000000139e-02
4.444440000000000196e-02
-1.360000000000000098e-01
3.125000000000000000e-01
2.500000000000000000e-01
1.954019999999999924e-01
-6.666669999999999541e-02
5.384619999999999962e-01
5.643559999999999688e-01
3.473680000000000101e-01
1.562500000000000000e-02
6.562500000000000000e-01
7.087379999999999791e-01
5.578950000000000298e-01
6.250000000000000000e-02
