-2.812500000000000000e-01
1.636360000000000037e-01
4.761900000000000160e-02
-3.057849999999999735e-01
-1.290320000000000078e-01
3.818179999999999907e-01
3.263159999999999950e-01
-9.375000000000000000e-02
-3.125000000000000000e-02
6.310679999999999623e-01
4.315789999999999904e-01
-1.562500000000000000e-02
-2.580649999999999888e-01
1.538460000000000105e-01
-1.521740000000000037e-01
-1.864409999999999956e-01
-1.875000000000000000e-01
4.951459999999999750e-01
3.493979999999999864e-01
-1.056909999999999933e-01
-1.692309999999999925e-01
4.951459999999999750e-01
3.777780000000000027e-01
8.000000000000000167e-03
-2.812500000000000000e-01
3.846149999999999847e-01
3.103449999999999820e-01
-1.333330000000000071e-01
-1.384620000000000017e-01
6.039600000000000524e-01
4.526319999999999788e-01
7.812500000000000000e-02
-3.125000000000000000e-02
6.504849999999999799e-01
4.526319999999999788e-01
1.562500000000000000e-02
