-8.125000000000000000e-01
-9.090909999999999824e-01
6.190480000000000427e-01
7.520660000000000123e-01
-9.354839999999999822e-01
-8.727270000000000305e-01
5.578950000000000298e-01
6.562500000000000000e-01
-8.125000000000000000e-01
-8.058250000000000135e-01
4.526319999999999788e-01
5.937500000000000000e-01
-8.709679999999999644e-01
-8.653849999999999598e-01
4.347829999999999750e-01
7.457629999999999537e-01
-8.750000000000000000e-01
-8.640780000000000127e-01
7.590360000000000440e-01
6.585370000000000390e-01
-8.461539999999999617e-01
-9.223299999999999832e-01
6.444440000000000168e-01
7.119999999999999662e-01
-7.812500000000000000e-01
-9.230770000000000364e-01
6.551719999999999766e-01
6.833329999999999682e-01
-8.461539999999999617e-01
-9.207920000000000549e-01
5.789469999999999894e-01
6.562500000000000000e-01
-8.750000000000000000e-01
-9.223299999999999832e-01
5.789469999999999894e-01
6.562500000000000000e-01
