-8.125000000000000000e-01
-9.272730000000000139e-01
9.761900000000000022e-01
8.181819999999999649e-01
-6.774189999999999934e-01
-9.272730000000000139e-01
7.473680000000000323e-01
6.562500000000000000e-01
-6.875000000000000000e-01
-9.223299999999999832e-01
6.421050000000000368e-01
6.093750000000000000e-01
-8.709679999999999644e-01
-9.038460000000000383e-01
7.608700000000000463e-01
7.627119999999999456e-01
-8.750000000000000000e-01
-9.029129999999999656e-01
8.795180000000000220e-01
6.747969999999999802e-01
-7.230769999999999698e-01
-8.640780000000000127e-01
7.333330000000000126e-01
6.640000000000000346e-01
-8.125000000000000000e-01
-9.038460000000000383e-01
8.390800000000000480e-01
6.999999999999999556e-01
-7.846149999999999514e-01
-9.009899999999999576e-01
7.473680000000000323e-01
6.718750000000000000e-01
-8.125000000000000000e-01
-9.029129999999999656e-01
6.210529999999999662e-01
6.718750000000000000e-01
