5.000000000000000000e-01
4.545449999999999768e-01
2.619049999999999989e-01
-2.479340000000000016e-02
5.483869999999999578e-01
4.545449999999999768e-01
2.421049999999999869e-01
-9.375000000000000000e-02
5.000000000000000000e-01
5.533979999999999455e-01
2.421049999999999869e-01
-9.375000000000000000e-02
6.129029999999999756e-01
4.807690000000000019e-01
2.826089999999999991e-01
-5.084749999999999687e-02
4.375000000000000000e-01
4.951459999999999750e-01
2.530120000000000147e-01
-1.056909999999999933e-01
5.692310000000000425e-01
4.951459999999999750e-01
2.888890000000000069e-01
8.000000000000000167e-03
6.250000000000000000e-01
5.576919999999999655e-01
3.103449999999999820e-01
-1.333330000000000071e-01
6.307690000000000241e-01
6.039600000000000524e-01
2.631580000000000030e-01
-1.093750000000000000e-01
6.250000000000000000e-01
4.757279999999999842e-01
1.578950000000000076e-01
-1.093750000000000000e-01
