2.187500000000000000e-01
2.363639999999999908e-01
1.666670000000000096e-01
-1.735540000000000138e-01
1.290320000000000078e-01
3.636360000000000287e-02
-1.578950000000000076e-01
-3.906250000000000000e-01
-2.812500000000000000e-01
-2.427179999999999893e-01
-6.210529999999999662e-01
-6.875000000000000000e-01
3.548390000000000155e-01
4.423079999999999790e-01
3.260870000000000157e-01
-3.389829999999999927e-02
6.250000000000000000e-02
2.621359999999999801e-01
-1.204820000000000023e-02
-2.520330000000000070e-01
-4.615380000000000177e-02
9.708740000000000425e-03
-2.888890000000000069e-01
-4.239999999999999880e-01
3.750000000000000000e-01
5.192309999999999981e-01
4.252870000000000261e-01
-5.000000000000000278e-02
3.846149999999999847e-01
4.851489999999999969e-01
2.842109999999999914e-01
-9.375000000000000000e-02
2.500000000000000000e-01
3.009709999999999885e-01
9.473679999999999601e-02
-1.562500000000000000e-01
