1.875000000000000000e-01
2.545450000000000212e-01
-4.761900000000000160e-02
-2.561979999999999813e-01
2.258060000000000067e-01
1.636360000000000037e-01
-1.157890000000000030e-01
-3.593750000000000000e-01
6.250000000000000000e-02
2.427179999999999893e-01
-1.157890000000000030e-01
-3.593750000000000000e-01
3.870970000000000244e-01
3.076920000000000210e-01
-1.304349999999999954e-01
-2.881360000000000032e-01
3.437500000000000000e-01
2.427179999999999893e-01
-1.204820000000000023e-02
-3.821140000000000092e-01
3.538459999999999939e-01
2.427179999999999893e-01
4.444440000000000196e-02
-3.119999999999999996e-01
1.875000000000000000e-01
3.461540000000000172e-01
1.034479999999999983e-01
-2.333330000000000126e-01
3.230770000000000031e-01
2.871290000000000231e-01
-9.473679999999999601e-02
-2.656250000000000000e-01
1.875000000000000000e-01
2.621359999999999801e-01
-9.473679999999999601e-02
-3.125000000000000000e-01
