-2.500000000000000000e-01
5.454549999999999677e-02
0.000000000000000000e+00
-1.735540000000000138e-01
-2.258060000000000067e-01
5.454549999999999677e-02
9.473679999999999601e-02
-1.562500000000000000e-01
-3.750000000000000000e-01
4.854370000000000213e-02
-1.578950000000000076e-01
-2.656250000000000000e-01
-2.258060000000000067e-01
7.692309999999999426e-02
-6.521739999999999482e-02
-1.864409999999999956e-01
-3.750000000000000000e-01
1.650490000000000013e-01
1.566269999999999885e-01
-1.707319999999999949e-01
-3.538459999999999939e-01
2.427179999999999893e-01
2.888890000000000069e-01
-1.039999999999999952e-01
-2.812500000000000000e-01
2.307690000000000019e-01
1.724140000000000117e-01
-1.833329999999999960e-01
-1.384620000000000017e-01
3.465349999999999819e-01
2.421049999999999869e-01
-1.562500000000000000e-02
-3.125000000000000000e-02
4.757279999999999842e-01
3.263159999999999950e-01
-1.562500000000000000e-02
