7.187500000000000000e-01
7.454549999999999788e-01
6.904759999999999787e-01
1.074380000000000057e-01
3.548390000000000155e-01
3.272729999999999806e-01
2.210529999999999995e-01
-1.250000000000000000e-01
3.125000000000000000e-01
4.174760000000000137e-01
2.210529999999999995e-01
-1.875000000000000000e-01
8.064519999999999467e-01
9.230770000000000364e-01
6.739129999999999843e-01
2.203390000000000071e-01
6.250000000000000000e-01
5.728159999999999918e-01
3.975899999999999990e-01
-1.544719999999999982e-01
3.538459999999999939e-01
4.757279999999999842e-01
2.222220000000000029e-01
-1.360000000000000098e-01
6.562500000000000000e-01
9.807690000000000019e-01
7.471259999999999568e-01
1.166670000000000068e-01
5.384619999999999962e-01
8.415839999999999987e-01
6.631580000000000252e-01
6.250000000000000000e-02
1.875000000000000000e-01
5.339810000000000390e-01
2.631580000000000030e-01
-9.375000000000000000e-02
