1.875000000000000000e-01
1.090909999999999935e-01
-1.190480000000000010e-01
-3.388430000000000053e-01
3.548390000000000155e-01
1.818180000000000074e-01
-9.473679999999999601e-02
-3.125000000000000000e-01
1.875000000000000000e-01
1.844659999999999911e-01
-9.473679999999999601e-02
-3.125000000000000000e-01
2.903229999999999977e-01
1.923080000000000067e-01
-1.956519999999999926e-01
-3.389829999999999788e-01
2.500000000000000000e-01
1.262139999999999929e-01
-1.807229999999999948e-01
-4.471539999999999959e-01
1.538460000000000001e-02
1.262139999999999929e-01
-2.222220000000000098e-02
-3.119999999999999996e-01
-3.125000000000000000e-02
0.000000000000000000e+00
-1.149430000000000070e-02
-3.333329999999999904e-01
-1.076919999999999961e-01
-1.881190000000000084e-01
5.263160000000000061e-02
-7.812500000000000000e-02
-5.000000000000000000e-01
-4.757279999999999842e-01
2.210529999999999995e-01
1.562500000000000000e-01
