-1.250000000000000000e-01
-2.363639999999999908e-01
-2.857140000000000235e-01
-4.214879999999999738e-01
1.612899999999999889e-01
1.272729999999999972e-01
1.052630000000000059e-02
-2.187500000000000000e-01
2.500000000000000000e-01
3.009709999999999885e-01
9.473679999999999601e-02
-2.656250000000000000e-01
1.612899999999999889e-01
7.692309999999999426e-02
-1.739130000000000120e-01
-3.050849999999999951e-01
2.500000000000000000e-01
3.203880000000000061e-01
6.024100000000000288e-02
-2.845530000000000004e-01
1.384620000000000017e-01
1.650490000000000013e-01
-8.888890000000000680e-02
-3.920000000000000151e-01
-3.125000000000000000e-02
2.307690000000000019e-01
-8.045979999999999799e-02
-3.166669999999999763e-01
1.076919999999999961e-01
2.673269999999999813e-01
-1.789469999999999950e-01
-3.437500000000000000e-01
9.375000000000000000e-02
8.737860000000000071e-02
-3.473680000000000101e-01
-4.843750000000000000e-01
