-6.875000000000000000e-01
-1.272729999999999972e-01
-4.761900000000000160e-02
-2.561979999999999813e-01
-8.064519999999999467e-01
-2.000000000000000111e-01
-2.210529999999999995e-01
-2.968750000000000000e-01
-6.875000000000000000e-01
-1.456310000000000104e-01
-2.210529999999999995e-01
-2.968750000000000000e-01
-6.451609999999999845e-01
0.000000000000000000e+00
1.086960000000000010e-01
-1.525420000000000109e-01
-6.562500000000000000e-01
8.737860000000000071e-02
6.024100000000000288e-02
-2.032519999999999882e-01
-6.307690000000000241e-01
9.708740000000000425e-03
2.222220000000000098e-02
-2.000000000000000111e-01
-6.250000000000000000e-01
1.538460000000000105e-01
3.563220000000000276e-01
-8.333329999999999904e-02
-5.999999999999999778e-01
1.881190000000000084e-01
1.368419999999999914e-01
-1.250000000000000000e-01
-6.250000000000000000e-01
8.737860000000000071e-02
5.263160000000000061e-02
-1.250000000000000000e-01
