-5.937500000000000000e-01
-2.909089999999999732e-01
-3.809520000000000128e-01
-2.892560000000000131e-01
-3.548390000000000155e-01
-1.636360000000000037e-01
-2.421049999999999869e-01
-2.656250000000000000e-01
-3.750000000000000000e-01
-2.912620000000000139e-02
-7.368420000000000525e-02
-2.187500000000000000e-01
-4.838709999999999956e-01
-2.115380000000000038e-01
-3.478260000000000240e-01
-3.050849999999999951e-01
-2.500000000000000000e-01
8.737860000000000071e-02
6.024100000000000288e-02
-1.707319999999999949e-01
-2.307690000000000019e-01
3.203880000000000061e-01
2.000000000000000111e-01
-1.039999999999999952e-01
-6.562500000000000000e-01
-2.115380000000000038e-01
-3.563220000000000276e-01
-3.833329999999999793e-01
-3.846149999999999847e-01
-1.089109999999999939e-01
-2.631580000000000030e-01
-2.812500000000000000e-01
-4.062500000000000000e-01
9.708740000000000425e-03
-1.789469999999999950e-01
-2.187500000000000000e-01
