-2.812500000000000000e-01
-1.636360000000000037e-01
-5.476189999999999669e-01
-6.033060000000000089e-01
-1.290320000000000078e-01
3.636360000000000287e-02
-3.894739999999999869e-01
-3.906250000000000000e-01
-3.125000000000000000e-02
2.427179999999999893e-01
-1.578950000000000076e-01
-3.281250000000000000e-01
-3.548390000000000155e-01
-1.538460000000000105e-01
-6.304349999999999676e-01
-5.762709999999999777e-01
-2.812500000000000000e-01
-6.796119999999999939e-02
-5.662650000000000183e-01
-5.447149999999999492e-01
-1.384620000000000017e-01
1.067960000000000020e-01
-2.222220000000000029e-01
-3.599999999999999867e-01
-1.250000000000000000e-01
-1.153850000000000015e-01
-4.252870000000000261e-01
-5.500000000000000444e-01
-2.307690000000000019e-01
-1.683169999999999944e-01
-4.947369999999999823e-01
-5.000000000000000000e-01
0.000000000000000000e+00
4.854370000000000213e-02
-2.421049999999999869e-01
-3.906250000000000000e-01
