7.187500000000000000e-01
4.909089999999999843e-01
4.523809999999999776e-01
4.132229999999999931e-02
6.129029999999999756e-01
4.909089999999999843e-01
4.105260000000000020e-01
-1.562500000000000000e-02
4.375000000000000000e-01
4.951459999999999750e-01
3.052630000000000066e-01
-6.250000000000000000e-02
6.774189999999999934e-01
5.576919999999999655e-01
3.260870000000000157e-01
3.389829999999999927e-02
4.687500000000000000e-01
3.980580000000000229e-01
1.807229999999999948e-01
-8.943089999999999373e-02
3.538459999999999939e-01
4.757279999999999842e-01
4.222219999999999862e-01
-2.400000000000000050e-02
5.312500000000000000e-01
5.192309999999999981e-01
4.022990000000000177e-01
0.000000000000000000e+00
4.153850000000000042e-01
5.643559999999999688e-01
3.473680000000000101e-01
1.562500000000000000e-02
1.875000000000000000e-01
7.087379999999999791e-01
3.473680000000000101e-01
6.250000000000000000e-02
