-3.125000000000000000e-02
1.818180000000000143e-02
-3.095240000000000213e-01
-4.380169999999999897e-01
-1.290320000000000078e-01
-5.454549999999999677e-02
-2.631580000000000030e-01
-4.062500000000000000e-01
-1.562500000000000000e-01
9.708740000000000425e-03
-2.631580000000000030e-01
-4.843750000000000000e-01
-1.612899999999999889e-01
-2.307690000000000019e-01
-4.130429999999999935e-01
-5.593219999999999859e-01
-6.250000000000000000e-02
9.708740000000000425e-03
-3.253010000000000068e-01
-5.284550000000000081e-01
-4.615380000000000177e-02
8.737860000000000071e-02
-1.555559999999999998e-01
-4.079999999999999738e-01
-1.562500000000000000e-01
-3.846150000000000263e-02
-2.413790000000000102e-01
-5.666670000000000318e-01
-1.538460000000000001e-02
6.930690000000000461e-02
-2.421049999999999869e-01
-3.906250000000000000e-01
-3.125000000000000000e-02
4.854370000000000213e-02
-3.263159999999999950e-01
-3.281250000000000000e-01
