1.250000000000000000e-01
1.636360000000000037e-01
-4.761900000000000160e-02
-3.223139999999999894e-01
1.612899999999999889e-01
9.090910000000000657e-02
-3.157890000000000003e-02
-3.593750000000000000e-01
-3.125000000000000000e-02
9.708740000000000425e-03
-3.052630000000000066e-01
-5.312500000000000000e-01
1.290320000000000078e-01
1.538460000000000105e-01
-2.173910000000000009e-01
-4.237290000000000223e-01
9.375000000000000000e-02
8.737860000000000071e-02
-2.048190000000000011e-01
-3.983740000000000059e-01
-1.538460000000000001e-02
8.737860000000000071e-02
-2.222220000000000029e-01
-3.920000000000000151e-01
6.250000000000000000e-02
1.538460000000000105e-01
-1.954019999999999924e-01
-4.666669999999999985e-01
7.692309999999999426e-02
1.881190000000000084e-01
-2.000000000000000111e-01
-3.593750000000000000e-01
1.875000000000000000e-01
2.427179999999999893e-01
-1.157890000000000030e-01
-2.968750000000000000e-01
