-5.000000000000000000e-01
1.818180000000000143e-02
4.761900000000000160e-02
-2.066119999999999901e-01
-7.096770000000000023e-01
-1.272729999999999972e-01
5.263160000000000061e-02
-2.343750000000000000e-01
-6.250000000000000000e-01
-2.233009999999999995e-01
-2.842109999999999914e-01
-2.343750000000000000e-01
-7.096770000000000023e-01
-1.153850000000000015e-01
-2.826089999999999991e-01
-2.203390000000000071e-01
-6.250000000000000000e-01
-1.650490000000000013e-01
-1.807229999999999948e-01
-3.333329999999999904e-01
-5.999999999999999778e-01
-1.650490000000000013e-01
-1.111110000000000014e-01
-2.640000000000000124e-01
-7.812500000000000000e-01
-1.538460000000000105e-01
-2.643679999999999919e-01
-3.499999999999999778e-01
-6.615379999999999594e-01
-2.079209999999999947e-01
-2.631580000000000030e-01
-2.656250000000000000e-01
-6.875000000000000000e-01
-1.456310000000000104e-01
-1.789469999999999950e-01
-2.656250000000000000e-01
