4.687500000000000000e-01
3.818179999999999907e-01
3.809520000000000128e-01
-1.239669999999999939e-01
6.774189999999999934e-01
4.727270000000000083e-01
3.473680000000000101e-01
-1.093750000000000000e-01
6.250000000000000000e-01
5.728159999999999918e-01
2.631580000000000030e-01
-1.093750000000000000e-01
7.096770000000000023e-01
6.153849999999999598e-01
2.391300000000000092e-01
3.389829999999999927e-02
6.562500000000000000e-01
5.339810000000000390e-01
3.975899999999999990e-01
-1.382110000000000005e-01
5.384619999999999962e-01
6.310679999999999623e-01
3.333329999999999904e-01
-7.199999999999999456e-02
6.250000000000000000e-01
5.192309999999999981e-01
3.333329999999999904e-01
-1.166670000000000068e-01
5.076920000000000321e-01
5.643559999999999688e-01
2.842109999999999914e-01
-9.375000000000000000e-02
3.750000000000000000e-01
4.563110000000000221e-01
3.684209999999999985e-01
-9.375000000000000000e-02
