-8.125000000000000000e-01
-8.727270000000000305e-01
3.333329999999999904e-01
5.867769999999999930e-01
-8.064519999999999467e-01
-9.090909999999999824e-01
4.105260000000000020e-01
5.000000000000000000e-01
-8.125000000000000000e-01
-8.640780000000000127e-01
3.052630000000000066e-01
4.531250000000000000e-01
-7.096770000000000023e-01
-8.076919999999999655e-01
3.260870000000000157e-01
4.745759999999999978e-01
-8.125000000000000000e-01
-8.058250000000000135e-01
1.807229999999999948e-01
3.333329999999999904e-01
-7.846149999999999514e-01
-7.475730000000000430e-01
2.222220000000000029e-01
2.800000000000000266e-01
-6.875000000000000000e-01
-6.923080000000000345e-01
1.149430000000000070e-02
2.333330000000000126e-01
-8.461539999999999617e-01
-7.425739999999999563e-01
1.578950000000000076e-01
2.812500000000000000e-01
-7.812500000000000000e-01
-6.310679999999999623e-01
1.578950000000000076e-01
1.718750000000000000e-01
