6.250000000000000000e-02
9.090910000000000657e-02
-1.428570000000000118e-01
-3.884299999999999975e-01
9.677420000000000466e-02
1.636360000000000037e-01
-1.157890000000000030e-01
-3.593750000000000000e-01
6.250000000000000000e-02
1.650490000000000013e-01
-1.157890000000000030e-01
-4.218750000000000000e-01
1.290320000000000078e-01
9.615379999999999761e-02
-1.956519999999999926e-01
-4.067799999999999749e-01
9.375000000000000000e-02
1.067960000000000020e-01
-3.734939999999999927e-01
-4.471539999999999959e-01
-1.538460000000000001e-02
4.854370000000000213e-02
-2.888890000000000069e-01
-4.400000000000000022e-01
-1.562500000000000000e-01
-7.692309999999999426e-02
-4.252870000000000261e-01
-5.999999999999999778e-01
-2.615379999999999927e-01
-4.950500000000000039e-02
-4.105260000000000020e-01
-5.937500000000000000e-01
-2.812500000000000000e-01
-1.456310000000000104e-01
-4.947369999999999823e-01
-5.937500000000000000e-01
