3.125000000000000000e-01
1.818180000000000074e-01
-2.380950000000000080e-02
-2.231400000000000050e-01
9.677420000000000466e-02
3.636360000000000287e-02
-1.789469999999999950e-01
-3.125000000000000000e-01
-6.250000000000000000e-02
1.067960000000000020e-01
-1.052630000000000059e-02
-2.031250000000000000e-01
2.903229999999999977e-01
2.884619999999999962e-01
-2.173910000000000078e-02
-2.711859999999999826e-01
1.250000000000000000e-01
1.262139999999999929e-01
-1.807229999999999948e-01
-3.170729999999999937e-01
1.538460000000000001e-02
4.854370000000000213e-02
-1.111110000000000014e-01
-2.479999999999999982e-01
2.500000000000000000e-01
2.307690000000000019e-01
8.045979999999999799e-02
-2.666669999999999874e-01
2.615379999999999927e-01
2.673269999999999813e-01
5.263160000000000061e-02
-2.343750000000000000e-01
2.500000000000000000e-01
2.427179999999999893e-01
-3.157890000000000003e-02
-2.343750000000000000e-01
