-7.187500000000000000e-01
-2.000000000000000111e-01
-2.380950000000000011e-01
-3.223139999999999894e-01
-6.129029999999999756e-01
-5.454549999999999677e-02
-3.157890000000000003e-02
-2.343750000000000000e-01
-6.250000000000000000e-01
9.708740000000000425e-03
-1.157890000000000030e-01
-1.875000000000000000e-01
-7.096770000000000023e-01
-1.730770000000000086e-01
-2.826089999999999991e-01
-3.389829999999999788e-01
-6.250000000000000000e-01
-1.650490000000000013e-01
-3.734939999999999927e-01
-3.333329999999999904e-01
-6.923080000000000345e-01
-2.427179999999999893e-01
-2.000000000000000111e-01
-2.640000000000000124e-01
-5.937500000000000000e-01
-7.692309999999999426e-02
1.149430000000000070e-02
-2.333330000000000126e-01
-5.692310000000000425e-01
-1.287129999999999941e-01
-1.789469999999999950e-01
-3.125000000000000000e-01
-6.875000000000000000e-01
-1.456310000000000104e-01
-1.789469999999999950e-01
-3.125000000000000000e-01
