-9.375000000000000000e-01
-8.727270000000000305e-01
6.190480000000000427e-01
6.859499999999999487e-01
-8.064519999999999467e-01
-8.181819999999999649e-01
4.526319999999999788e-01
5.937500000000000000e-01
-6.250000000000000000e-01
-6.504849999999999799e-01
2.631580000000000030e-01
2.500000000000000000e-01
-8.709679999999999644e-01
-8.653849999999999598e-01
6.521740000000000315e-01
7.457629999999999537e-01
-8.750000000000000000e-01
-9.223299999999999832e-01
6.385539999999999550e-01
6.585370000000000390e-01
-8.461539999999999617e-01
-8.058250000000000135e-01
5.333329999999999460e-01
5.520000000000000462e-01
-8.750000000000000000e-01
-9.230770000000000364e-01
6.551719999999999766e-01
6.833329999999999682e-01
-8.461539999999999617e-01
-9.207920000000000549e-01
5.789469999999999894e-01
6.562500000000000000e-01
-8.750000000000000000e-01
-9.223299999999999832e-01
4.736839999999999939e-01
5.937500000000000000e-01
