-1.250000000000000000e-01
3.636360000000000148e-01
4.047620000000000107e-01
8.264459999999999515e-03
3.225809999999999789e-02
4.363639999999999741e-01
3.684209999999999985e-01
1.562500000000000000e-02
0.000000000000000000e+00
5.339810000000000390e-01
3.684209999999999985e-01
-3.125000000000000000e-02
0.000000000000000000e+00
4.615380000000000038e-01
4.130429999999999935e-01
0.000000000000000000e+00
-3.125000000000000000e-02
5.533979999999999455e-01
4.939760000000000262e-01
8.130079999999999599e-03
-1.538460000000000001e-02
5.533979999999999455e-01
5.111109999999999820e-01
7.199999999999999456e-02
-3.125000000000000000e-02
4.615380000000000038e-01
4.942529999999999979e-01
3.333330000000000320e-02
-1.538460000000000001e-02
5.841579999999999551e-01
3.263159999999999950e-01
-1.562500000000000000e-02
-3.125000000000000000e-02
5.533979999999999455e-01
3.263159999999999950e-01
4.687500000000000000e-02
