6.250000000000000000e-01
5.454550000000000232e-01
4.761900000000000022e-01
-2.479340000000000016e-02
6.774189999999999934e-01
4.545449999999999768e-01
4.315789999999999904e-01
-7.812500000000000000e-02
5.000000000000000000e-01
6.504849999999999799e-01
4.315789999999999904e-01
-7.812500000000000000e-02
7.096770000000000023e-01
6.153849999999999598e-01
4.130429999999999935e-01
0.000000000000000000e+00
6.562500000000000000e-01
6.310679999999999623e-01
4.939760000000000262e-01
-5.691059999999999869e-02
6.615379999999999594e-01
6.310679999999999623e-01
5.111109999999999820e-01
8.000000000000000167e-03
7.187500000000000000e-01
6.538460000000000383e-01
4.712640000000000162e-01
3.333330000000000320e-02
5.692310000000000425e-01
6.237620000000000386e-01
4.105260000000000020e-01
4.687500000000000000e-02
5.625000000000000000e-01
7.669899999999999496e-01
5.157890000000000530e-01
4.687500000000000000e-02
