1.250000000000000000e-01
1.636360000000000037e-01
-4.761900000000000160e-02
-2.066119999999999901e-01
2.903229999999999977e-01
2.363639999999999908e-01
5.263160000000000061e-02
-1.875000000000000000e-01
1.250000000000000000e-01
8.737860000000000071e-02
-3.157890000000000003e-02
-1.875000000000000000e-01
0.000000000000000000e+00
7.692309999999999426e-02
-2.173910000000000009e-01
-4.237290000000000223e-01
9.375000000000000000e-02
1.650490000000000013e-01
-3.614459999999999895e-02
-3.333329999999999904e-01
2.307690000000000019e-01
2.427179999999999893e-01
2.222220000000000098e-02
-2.000000000000000111e-01
-1.875000000000000000e-01
7.692309999999999426e-02
-2.873560000000000003e-01
-5.166669999999999874e-01
-4.615380000000000177e-02
1.089109999999999939e-01
-2.842109999999999914e-01
-4.218750000000000000e-01
6.250000000000000000e-02
2.427179999999999893e-01
-3.157890000000000003e-02
-3.593750000000000000e-01
