5.000000000000000000e-01
3.818179999999999907e-01
1.428570000000000118e-01
-2.066119999999999901e-01
4.193549999999999778e-01
3.818179999999999907e-01
2.210529999999999995e-01
-1.250000000000000000e-01
3.750000000000000000e-01
4.757279999999999842e-01
2.210529999999999995e-01
-7.812500000000000000e-02
2.580649999999999888e-01
4.615380000000000038e-01
2.173910000000000078e-02
-2.203390000000000071e-01
3.750000000000000000e-01
3.980580000000000229e-01
6.024100000000000288e-02
-2.682930000000000037e-01
3.846149999999999847e-01
3.980580000000000229e-01
2.000000000000000111e-01
-2.000000000000000111e-01
3.125000000000000000e-01
3.269230000000000191e-01
-1.149430000000000070e-02
-2.166669999999999985e-01
3.230770000000000031e-01
3.663370000000000237e-01
5.263160000000000061e-02
-2.343750000000000000e-01
3.125000000000000000e-01
3.398059999999999969e-01
5.263160000000000061e-02
-2.343750000000000000e-01
