-6.875000000000000000e-01
-5.636360000000000259e-01
3.571429999999999882e-01
1.570249999999999979e-01
0.000000000000000000e+00
9.090910000000000657e-02
1.368419999999999914e-01
-1.875000000000000000e-01
5.000000000000000000e-01
4.757279999999999842e-01
2.210529999999999995e-01
-7.812500000000000000e-02
-7.419350000000000112e-01
-8.076919999999999655e-01
5.217389999999999528e-01
5.593219999999999859e-01
-4.062500000000000000e-01
-3.980580000000000229e-01
1.566269999999999885e-01
-5.691059999999999869e-02
2.307690000000000019e-01
2.427179999999999893e-01
1.111110000000000014e-01
-2.000000000000000111e-01
-8.125000000000000000e-01
-8.653849999999999598e-01
5.862070000000000336e-01
5.166669999999999874e-01
-6.923080000000000345e-01
-8.019800000000000262e-01
4.105260000000000020e-01
5.000000000000000000e-01
-7.187500000000000000e-01
-6.893200000000000438e-01
4.105260000000000020e-01
2.812500000000000000e-01
