-1.875000000000000000e-01
4.909089999999999843e-01
5.714289999999999647e-01
-2.479340000000000016e-02
-3.225809999999999789e-02
4.909089999999999843e-01
5.157890000000000530e-01
4.687500000000000000e-02
-1.875000000000000000e-01
5.922330000000000094e-01
5.157890000000000530e-01
4.687500000000000000e-02
-1.290320000000000078e-01
4.615380000000000038e-01
5.434780000000000166e-01
3.389829999999999927e-02
-1.562500000000000000e-01
5.728159999999999918e-01
3.975899999999999990e-01
4.065040000000000320e-02
1.076919999999999961e-01
5.728159999999999918e-01
4.222219999999999862e-01
1.039999999999999952e-01
-1.562500000000000000e-01
6.153849999999999598e-01
5.172409999999999508e-01
0.000000000000000000e+00
-1.384620000000000017e-01
5.643559999999999688e-01
4.526319999999999788e-01
6.250000000000000000e-02
-6.250000000000000000e-02
6.310679999999999623e-01
4.526319999999999788e-01
6.250000000000000000e-02
