-1.562500000000000000e-01
-2.727269999999999972e-01
-6.666670000000000096e-01
-6.363640000000000407e-01
-3.548390000000000155e-01
-3.454550000000000121e-01
-5.789469999999999894e-01
-5.468750000000000000e-01
-2.812500000000000000e-01
-2.233009999999999995e-01
-5.789469999999999894e-01
-5.468750000000000000e-01
-9.677420000000000466e-02
-1.923080000000000067e-01
-5.434780000000000166e-01
-5.932199999999999696e-01
-2.500000000000000000e-01
-2.427179999999999893e-01
-7.349400000000000377e-01
-6.747969999999999802e-01
-2.307690000000000019e-01
-2.427179999999999893e-01
-5.333329999999999460e-01
-5.520000000000000462e-01
-2.500000000000000000e-01
-1.538460000000000105e-01
-4.022990000000000177e-01
-5.833329999999999904e-01
-1.076919999999999961e-01
-1.287129999999999941e-01
-5.578950000000000298e-01
-5.312500000000000000e-01
-2.500000000000000000e-01
-2.038830000000000087e-01
-5.578950000000000298e-01
-5.312500000000000000e-01
