-1.250000000000000000e-01
-1.272729999999999972e-01
-2.619049999999999989e-01
-3.223139999999999894e-01
-9.677420000000000466e-02
-1.272729999999999972e-01
-3.052630000000000066e-01
-4.062500000000000000e-01
-1.250000000000000000e-01
-1.456310000000000104e-01
-3.052630000000000066e-01
-3.593750000000000000e-01
-1.290320000000000078e-01
-1.346150000000000124e-01
-3.913039999999999852e-01
-4.237290000000000223e-01
-1.562500000000000000e-01
-1.262139999999999929e-01
-3.975899999999999990e-01
-4.634150000000000214e-01
-1.538460000000000001e-02
-1.262139999999999929e-01
-4.000000000000000222e-01
-3.920000000000000151e-01
-1.875000000000000000e-01
-7.692309999999999426e-02
-2.873560000000000003e-01
-4.000000000000000222e-01
-1.692309999999999925e-01
-1.287129999999999941e-01
-2.842109999999999914e-01
-3.593750000000000000e-01
-1.875000000000000000e-01
-1.456310000000000104e-01
-3.684209999999999985e-01
-4.218750000000000000e-01
