3.437500000000000000e-01
3.818179999999999907e-01
2.857140000000000235e-01
-1.735540000000000138e-01
3.870970000000000244e-01
3.090910000000000046e-01
7.368420000000000525e-02
-2.187500000000000000e-01
2.187500000000000000e-01
3.203880000000000061e-01
7.368420000000000525e-02
-2.187500000000000000e-01
4.516129999999999867e-01
5.192309999999999981e-01
3.260870000000000157e-01
-8.474579999999999613e-02
5.312500000000000000e-01
3.592230000000000145e-01
1.807229999999999948e-01
-2.032519999999999882e-01
4.153850000000000042e-01
4.563110000000000221e-01
2.222220000000000029e-01
-7.199999999999999456e-02
6.250000000000000000e-01
5.192309999999999981e-01
3.333329999999999904e-01
-1.166670000000000068e-01
5.076920000000000321e-01
4.851489999999999969e-01
1.789469999999999950e-01
-1.562500000000000000e-01
5.000000000000000000e-01
5.339810000000000390e-01
1.789469999999999950e-01
-1.562500000000000000e-01
