-2.812500000000000000e-01
-2.727269999999999972e-01
-3.809520000000000128e-01
-5.867769999999999930e-01
-2.580649999999999888e-01
-2.000000000000000111e-01
-4.947369999999999823e-01
-5.468750000000000000e-01
-2.812500000000000000e-01
-1.456310000000000104e-01
-4.947369999999999823e-01
-5.468750000000000000e-01
-2.258060000000000067e-01
-1.153850000000000015e-01
-6.086960000000000148e-01
-5.932199999999999696e-01
-1.250000000000000000e-01
-1.844659999999999911e-01
-5.662650000000000183e-01
-6.260160000000000169e-01
-2.307690000000000019e-01
-1.067960000000000020e-01
-4.666669999999999985e-01
-5.999999999999999778e-01
-2.500000000000000000e-01
-7.692309999999999426e-02
-4.942529999999999979e-01
-6.333330000000000348e-01
-1.076919999999999961e-01
-1.287129999999999941e-01
-4.736839999999999939e-01
-5.781250000000000000e-01
-2.500000000000000000e-01
-1.456310000000000104e-01
-4.736839999999999939e-01
-5.781250000000000000e-01
