1.250000000000000000e-01
5.999999999999999778e-01
5.238099999999999978e-01
1.404960000000000098e-01
3.225809999999999789e-02
5.999999999999999778e-01
4.736839999999999939e-01
1.406250000000000000e-01
0.000000000000000000e+00
7.087379999999999791e-01
5.789469999999999894e-01
7.812500000000000000e-02
1.612899999999999889e-01
6.346150000000000402e-01
6.304349999999999676e-01
1.186439999999999995e-01
2.500000000000000000e-01
7.281549999999999967e-01
7.349400000000000377e-01
1.219510000000000038e-01
2.615379999999999927e-01
7.281549999999999967e-01
7.333330000000000126e-01
1.199999999999999956e-01
9.375000000000000000e-02
7.115380000000000038e-01
6.091950000000000420e-01
1.000000000000000056e-01
1.076919999999999961e-01
7.623760000000000536e-01
5.368420000000000414e-01
1.093750000000000000e-01
9.375000000000000000e-02
7.281549999999999967e-01
6.421050000000000368e-01
1.093750000000000000e-01
