-3.125000000000000000e-02
-1.272729999999999972e-01
-2.619049999999999989e-01
-3.223139999999999894e-01
-2.258060000000000067e-01
-2.000000000000000111e-01
-2.210529999999999995e-01
-2.343750000000000000e-01
-2.500000000000000000e-01
-2.815529999999999977e-01
-2.210529999999999995e-01
-2.343750000000000000e-01
0.000000000000000000e+00
-7.692309999999999426e-02
-1.304349999999999954e-01
-2.203390000000000071e-01
-1.562500000000000000e-01
-2.038830000000000087e-01
-1.084340000000000026e-01
-2.682930000000000037e-01
-1.384620000000000017e-01
-2.038830000000000087e-01
-1.333330000000000071e-01
-2.000000000000000111e-01
1.875000000000000000e-01
2.307690000000000019e-01
-1.149430000000000070e-02
-2.666669999999999874e-01
2.000000000000000111e-01
1.089109999999999939e-01
-2.000000000000000111e-01
-2.968750000000000000e-01
-6.250000000000000000e-02
9.708740000000000425e-03
-3.157890000000000003e-02
-2.343750000000000000e-01
