4.687500000000000000e-01
3.818179999999999907e-01
1.666670000000000096e-01
-1.735540000000000138e-01
3.870970000000000244e-01
3.090910000000000046e-01
7.368420000000000525e-02
-2.187500000000000000e-01
3.437500000000000000e-01
3.203880000000000061e-01
7.368420000000000525e-02
-2.187500000000000000e-01
7.096770000000000023e-01
5.192309999999999981e-01
3.260870000000000157e-01
-3.389829999999999927e-02
5.312500000000000000e-01
5.339810000000000390e-01
8.433730000000000393e-02
-2.520330000000000070e-01
7.692309999999999426e-02
-6.796119999999999939e-02
4.444440000000000196e-02
-1.360000000000000098e-01
6.250000000000000000e-01
5.192309999999999981e-01
4.252870000000000261e-01
-5.000000000000000278e-02
5.076920000000000321e-01
4.851489999999999969e-01
2.842109999999999914e-01
-1.562500000000000000e-01
1.250000000000000000e-01
-2.912620000000000139e-02
9.473679999999999601e-02
-1.562500000000000000e-01
