-1.562500000000000000e-01
-1.272729999999999972e-01
-5.000000000000000000e-01
-5.867769999999999930e-01
-1.290320000000000078e-01
-1.272729999999999972e-01
-4.315789999999999904e-01
-5.468750000000000000e-01
-1.562500000000000000e-01
-1.262139999999999929e-01
-4.315789999999999904e-01
-5.468750000000000000e-01
-1.612899999999999889e-01
0.000000000000000000e+00
-5.000000000000000000e-01
-5.593219999999999859e-01
-6.250000000000000000e-02
9.708740000000000425e-03
-5.180719999999999770e-01
-5.934960000000000235e-01
-4.615380000000000177e-02
9.708740000000000425e-03
-3.333329999999999904e-01
-4.560000000000000164e-01
-3.125000000000000000e-02
-3.846150000000000263e-02
-3.333329999999999904e-01
-5.666670000000000318e-01
-1.538460000000000001e-02
6.930690000000000461e-02
-3.263159999999999950e-01
-5.156250000000000000e-01
-1.562500000000000000e-01
-2.912620000000000139e-02
-2.421049999999999869e-01
-4.531250000000000000e-01
