-1.875000000000000000e-01
3.272729999999999806e-01
3.333329999999999904e-01
-2.479340000000000016e-02
-1.612899999999999889e-01
2.545450000000000212e-01
3.052630000000000066e-01
-1.562500000000000000e-02
-6.250000000000000000e-02
4.174760000000000137e-01
4.105260000000000020e-01
-1.562500000000000000e-02
-3.870970000000000244e-01
3.076920000000000210e-01
1.304349999999999954e-01
-3.389829999999999927e-02
-2.812500000000000000e-01
3.203880000000000061e-01
8.433730000000000393e-02
-1.544719999999999982e-01
-2.615379999999999927e-01
4.757279999999999842e-01
4.222219999999999862e-01
4.000000000000000083e-02
-3.750000000000000000e-01
3.461540000000000172e-01
1.034479999999999983e-01
-1.833329999999999960e-01
-4.461539999999999950e-01
5.643559999999999688e-01
2.631580000000000030e-01
-4.687500000000000000e-02
-2.812500000000000000e-01
6.310679999999999623e-01
4.526319999999999788e-01
6.250000000000000000e-02
