5.000000000000000000e-01
7.818180000000000129e-01
9.047619999999999552e-01
2.561979999999999813e-01
5.483869999999999578e-01
7.818180000000000129e-01
8.105259999999999687e-01
1.875000000000000000e-01
5.000000000000000000e-01
9.029129999999999656e-01
5.789469999999999894e-01
1.406250000000000000e-01
5.483869999999999578e-01
8.076919999999999655e-01
6.304349999999999676e-01
1.186439999999999995e-01
6.250000000000000000e-01
7.281549999999999967e-01
5.903610000000000246e-01
5.691059999999999869e-02
5.076920000000000321e-01
7.281549999999999967e-01
5.999999999999999778e-01
7.199999999999999456e-02
5.000000000000000000e-01
6.153849999999999598e-01
4.942529999999999979e-01
-3.333330000000000320e-02
5.076920000000000321e-01
6.633660000000000112e-01
3.263159999999999950e-01
-1.562500000000000000e-02
5.000000000000000000e-01
4.757279999999999842e-01
2.421049999999999869e-01
-9.375000000000000000e-02
