-3.125000000000000000e-02
1.818180000000000143e-02
-3.095240000000000213e-01
-4.380169999999999897e-01
0.000000000000000000e+00
-5.454549999999999677e-02
-2.631580000000000030e-01
-4.062500000000000000e-01
-3.125000000000000000e-02
-6.796119999999999939e-02
-2.631580000000000030e-01
-4.062500000000000000e-01
2.258060000000000067e-01
7.692309999999999426e-02
-3.260870000000000157e-01
-3.728810000000000180e-01
-6.250000000000000000e-02
9.708740000000000425e-03
-4.216869999999999785e-01
-4.796750000000000180e-01
-4.615380000000000177e-02
8.737860000000000071e-02
-2.444439999999999946e-01
-3.439999999999999725e-01
2.187500000000000000e-01
1.730770000000000086e-01
-1.494250000000000023e-01
-3.666670000000000207e-01
1.076919999999999961e-01
6.930690000000000461e-02
-3.263159999999999950e-01
-3.906250000000000000e-01
-3.125000000000000000e-02
4.854370000000000213e-02
-3.263159999999999950e-01
-4.531250000000000000e-01
