-2.812500000000000000e-01
-2.909089999999999732e-01
-8.571429999999999882e-01
-6.033060000000000089e-01
-2.580649999999999888e-01
-3.454550000000000121e-01
-6.842110000000000136e-01
-6.250000000000000000e-01
-2.812500000000000000e-01
-2.427179999999999893e-01
-6.210529999999999662e-01
-6.250000000000000000e-01
-3.225809999999999789e-02
-1.538460000000000105e-01
-4.565219999999999834e-01
-5.084750000000000103e-01
-2.812500000000000000e-01
-2.233009999999999995e-01
-6.626509999999999900e-01
-6.097559999999999647e-01
-2.615379999999999927e-01
-6.796119999999999939e-02
-4.666669999999999985e-01
-4.719999999999999751e-01
0.000000000000000000e+00
3.846150000000000263e-02
-3.333329999999999904e-01
-4.333330000000000237e-01
-1.076919999999999961e-01
-9.900990000000000138e-03
-4.947369999999999823e-01
-5.000000000000000000e-01
-1.250000000000000000e-01
-2.912620000000000139e-02
-4.947369999999999823e-01
-4.375000000000000000e-01
