-6.875000000000000000e-01
-5.454549999999999677e-02
-4.761900000000000160e-02
-2.066119999999999901e-01
-5.806449999999999667e-01
-5.454549999999999677e-02
-3.157890000000000003e-02
-1.875000000000000000e-01
-5.937500000000000000e-01
8.737860000000000071e-02
-3.157890000000000003e-02
-2.343750000000000000e-01
-7.419350000000000112e-01
-7.692309999999999426e-02
-2.173910000000000009e-01
-2.203390000000000071e-01
-6.562500000000000000e-01
-6.796119999999999939e-02
-3.614459999999999895e-02
-2.682930000000000037e-01
-6.307690000000000241e-01
-1.262139999999999929e-01
-1.333330000000000071e-01
-2.640000000000000124e-01
-7.187500000000000000e-01
-2.307690000000000019e-01
-1.954019999999999924e-01
-4.000000000000000222e-01
-6.923080000000000345e-01
-2.079209999999999947e-01
-2.842109999999999914e-01
-2.968750000000000000e-01
-7.187500000000000000e-01
-1.456310000000000104e-01
-1.157890000000000030e-01
-2.343750000000000000e-01
