6.562500000000000000e-01
5.999999999999999778e-01
6.190480000000000427e-01
1.239669999999999939e-01
7.096770000000000023e-01
7.818180000000000129e-01
7.894740000000000091e-01
1.718750000000000000e-01
6.562500000000000000e-01
1.000000000000000000e+00
6.631580000000000252e-01
1.250000000000000000e-01
5.483869999999999578e-01
8.846150000000000402e-01
6.956520000000000481e-01
1.694920000000000038e-01
5.000000000000000000e-01
9.029129999999999656e-01
9.277109999999999523e-01
2.195120000000000127e-01
5.076920000000000321e-01
9.029129999999999656e-01
9.111110000000000042e-01
2.159999999999999976e-01
6.250000000000000000e-01
8.076919999999999655e-01
7.241379999999999484e-01
1.499999999999999944e-01
5.076920000000000321e-01
8.613859999999999850e-01
6.421050000000000368e-01
9.375000000000000000e-02
6.250000000000000000e-01
7.281549999999999967e-01
5.157890000000000530e-01
9.375000000000000000e-02
