-2.812500000000000000e-01
-2.909089999999999732e-01
-1.190480000000000010e-01
-2.396689999999999932e-01
-2.580649999999999888e-01
-3.454550000000000121e-01
-9.473679999999999601e-02
-1.562500000000000000e-01
-4.062500000000000000e-01
-3.592230000000000145e-01
-1.578950000000000076e-01
-1.562500000000000000e-01
-3.548390000000000155e-01
-3.653850000000000153e-01
-1.304349999999999954e-01
-1.525420000000000109e-01
-3.750000000000000000e-01
-3.592230000000000145e-01
-1.084340000000000026e-01
-1.382110000000000005e-01
-4.461539999999999950e-01
-4.368929999999999758e-01
-4.444440000000000196e-02
-2.400000000000000050e-02
-3.750000000000000000e-01
-3.846149999999999847e-01
3.448280000000000095e-02
-1.166670000000000068e-01
-4.461539999999999950e-01
-3.663370000000000237e-01
1.052630000000000059e-02
-9.375000000000000000e-02
-4.687500000000000000e-01
-4.563110000000000221e-01
-7.368420000000000525e-02
-9.375000000000000000e-02
