5.000000000000000000e-01
3.818179999999999907e-01
2.380950000000000011e-01
-2.066119999999999901e-01
5.483869999999999578e-01
3.818179999999999907e-01
2.210529999999999995e-01
-7.812500000000000000e-02
5.000000000000000000e-01
5.533979999999999455e-01
3.263159999999999950e-01
-7.812500000000000000e-02
5.483869999999999578e-01
6.153849999999999598e-01
2.173910000000000009e-01
-8.474579999999999613e-02
5.000000000000000000e-01
5.533979999999999455e-01
2.771080000000000210e-01
-1.382110000000000005e-01
5.076920000000000321e-01
5.533979999999999455e-01
3.111110000000000264e-01
8.000000000000000167e-03
7.187500000000000000e-01
6.538460000000000383e-01
3.563220000000000276e-01
-8.333329999999999904e-02
7.230769999999999698e-01
7.029699999999999838e-01
3.052630000000000066e-01
-6.250000000000000000e-02
5.625000000000000000e-01
5.922330000000000094e-01
4.105260000000000020e-01
-6.250000000000000000e-02
