-2.500000000000000000e-01
-2.363639999999999908e-01
-5.714289999999999647e-01
-6.033060000000000089e-01
-9.677420000000000466e-02
-2.363639999999999908e-01
-4.947369999999999823e-01
-5.625000000000000000e-01
-2.500000000000000000e-01
-1.067960000000000020e-01
-4.947369999999999823e-01
-5.625000000000000000e-01
-9.677420000000000466e-02
-7.692309999999999426e-02
-5.217389999999999528e-01
-5.593219999999999859e-01
-1.250000000000000000e-01
-1.456310000000000104e-01
-5.421690000000000120e-01
-5.934960000000000235e-01
-1.076919999999999961e-01
-6.796119999999999939e-02
-4.444440000000000057e-01
-5.200000000000000178e-01
-1.562500000000000000e-01
-7.692309999999999426e-02
-4.482760000000000078e-01
-5.333329999999999460e-01
-1.384620000000000017e-01
-4.950500000000000039e-02
-3.473680000000000101e-01
-4.843750000000000000e-01
-1.562500000000000000e-01
-6.796119999999999939e-02
-3.473680000000000101e-01
-4.843750000000000000e-01
