1.250000000000000000e-01
2.181819999999999871e-01
0.000000000000000000e+00
-2.892560000000000131e-01
3.225809999999999789e-02
5.454549999999999677e-02
-1.578950000000000076e-01
-3.281250000000000000e-01
-1.250000000000000000e-01
1.262139999999999929e-01
-7.368420000000000525e-02
-3.281250000000000000e-01
0.000000000000000000e+00
7.692309999999999426e-02
-2.608699999999999908e-01
-4.237290000000000223e-01
-1.250000000000000000e-01
8.737860000000000071e-02
-2.530120000000000147e-01
-4.634150000000000214e-01
-1.076919999999999961e-01
8.737860000000000071e-02
-1.777779999999999916e-01
-3.920000000000000151e-01
-3.125000000000000000e-02
0.000000000000000000e+00
-3.563220000000000276e-01
-5.333329999999999460e-01
-1.538460000000000001e-02
2.970300000000000024e-02
-2.631580000000000030e-01
-4.843750000000000000e-01
-1.562500000000000000e-01
-6.796119999999999939e-02
-2.631580000000000030e-01
-4.843750000000000000e-01
