-1.875000000000000000e-01
5.636360000000000259e-01
5.714289999999999647e-01
4.132229999999999931e-02
-1.612899999999999889e-01
5.636360000000000259e-01
4.105260000000000020e-01
4.687500000000000000e-02
-6.250000000000000000e-02
5.922330000000000094e-01
5.157890000000000530e-01
1.093750000000000000e-01
-2.580649999999999888e-01
5.576919999999999655e-01
4.347829999999999750e-01
3.389829999999999927e-02
-2.812500000000000000e-01
6.504849999999999799e-01
3.975899999999999990e-01
-2.439020000000000077e-02
-1.384620000000000017e-01
5.728159999999999918e-01
5.333329999999999460e-01
1.519999999999999962e-01
-2.812500000000000000e-01
6.153849999999999598e-01
5.172409999999999508e-01
5.000000000000000278e-02
-2.615379999999999927e-01
5.643559999999999688e-01
3.473680000000000101e-01
6.250000000000000000e-02
-1.562500000000000000e-01
6.310679999999999623e-01
5.578950000000000298e-01
1.562500000000000000e-02
