2.500000000000000000e-01
1.272729999999999972e-01
-9.523810000000000608e-02
-3.553720000000000212e-01
1.612899999999999889e-01
5.454549999999999677e-02
-7.368420000000000525e-02
-3.906250000000000000e-01
-1.250000000000000000e-01
-2.912620000000000139e-02
-3.263159999999999950e-01
-4.375000000000000000e-01
2.903229999999999977e-01
2.307690000000000019e-01
-1.739130000000000120e-01
-4.237290000000000223e-01
1.250000000000000000e-01
1.650490000000000013e-01
-1.566269999999999885e-01
-4.146340000000000026e-01
-1.538460000000000001e-02
8.737860000000000071e-02
-1.777779999999999916e-01
-3.920000000000000151e-01
9.375000000000000000e-02
1.538460000000000105e-01
-2.643679999999999919e-01
-4.500000000000000111e-01
1.076919999999999961e-01
1.881190000000000084e-01
-1.789469999999999950e-01
-4.062500000000000000e-01
-3.125000000000000000e-02
1.650490000000000013e-01
-1.789469999999999950e-01
-4.062500000000000000e-01
