-8.125000000000000000e-01
-8.727270000000000305e-01
5.000000000000000000e-01
6.198350000000000248e-01
-8.064519999999999467e-01
-8.181819999999999649e-01
6.842110000000000136e-01
5.312500000000000000e-01
-8.125000000000000000e-01
-8.640780000000000127e-01
5.578950000000000298e-01
4.843750000000000000e-01
-7.741940000000000488e-01
-8.076919999999999655e-01
3.260870000000000157e-01
5.762709999999999777e-01
-7.812500000000000000e-01
-8.640780000000000127e-01
5.180719999999999770e-01
4.959350000000000147e-01
-7.538460000000000161e-01
-8.640780000000000127e-01
4.222219999999999862e-01
5.520000000000000462e-01
-7.812500000000000000e-01
-8.653849999999999598e-01
4.252870000000000261e-01
4.333330000000000237e-01
-7.538460000000000161e-01
-8.019800000000000262e-01
4.736839999999999939e-01
4.843750000000000000e-01
-8.750000000000000000e-01
-8.640780000000000127e-01
4.736839999999999939e-01
4.218750000000000000e-01
