3.437500000000000000e-01
2.363639999999999908e-01
7.142859999999999487e-02
-2.396689999999999932e-01
2.580649999999999888e-01
3.090910000000000046e-01
-1.052630000000000059e-02
-2.187500000000000000e-01
2.187500000000000000e-01
3.980580000000000229e-01
1.578950000000000076e-01
-1.562500000000000000e-01
4.516129999999999867e-01
4.423079999999999790e-01
2.391300000000000092e-01
-1.525420000000000109e-01
4.062500000000000000e-01
4.563110000000000221e-01
1.807229999999999948e-01
-2.032519999999999882e-01
4.153850000000000042e-01
4.563110000000000221e-01
1.333330000000000071e-01
-1.360000000000000098e-01
5.000000000000000000e-01
5.192309999999999981e-01
2.183910000000000018e-01
-1.166670000000000068e-01
5.076920000000000321e-01
5.643559999999999688e-01
2.842109999999999914e-01
-9.375000000000000000e-02
5.000000000000000000e-01
6.310679999999999623e-01
2.842109999999999914e-01
-9.375000000000000000e-02
