-3.750000000000000000e-01
-2.909089999999999732e-01
-4.761900000000000022e-01
-4.214879999999999738e-01
-3.548390000000000155e-01
-2.909089999999999732e-01
-4.105260000000000020e-01
-3.906250000000000000e-01
-2.500000000000000000e-01
-2.427179999999999893e-01
-4.105260000000000020e-01
-3.906250000000000000e-01
-4.838709999999999956e-01
-4.230769999999999809e-01
-6.086960000000000148e-01
-4.237290000000000223e-01
-5.000000000000000000e-01
-3.398059999999999969e-01
-6.385539999999999550e-01
-4.634150000000000214e-01
-3.538459999999999939e-01
-2.815529999999999977e-01
-4.444440000000000057e-01
-3.920000000000000151e-01
-7.500000000000000000e-01
-5.961539999999999617e-01
-6.781610000000000138e-01
-3.833329999999999793e-01
-6.307690000000000241e-01
-4.653470000000000106e-01
-6.421050000000000368e-01
-4.843750000000000000e-01
-4.062500000000000000e-01
-3.398059999999999969e-01
-5.789469999999999894e-01
-4.843750000000000000e-01
