-6.250000000000000000e-01
3.636360000000000287e-02
-2.380950000000000080e-02
-1.239669999999999939e-01
-6.129029999999999756e-01
-1.818180000000000143e-02
-1.052630000000000059e-02
-2.187500000000000000e-01
-6.250000000000000000e-01
-1.067960000000000020e-01
-1.578950000000000076e-01
-2.187500000000000000e-01
-6.774189999999999934e-01
0.000000000000000000e+00
4.347829999999999750e-02
-1.525420000000000109e-01
-6.875000000000000000e-01
-6.796119999999999939e-02
-1.084340000000000026e-01
-2.520330000000000070e-01
-6.615379999999999594e-01
-1.456310000000000104e-01
-1.333330000000000071e-01
-1.839999999999999969e-01
-6.875000000000000000e-01
-1.153850000000000015e-01
-2.413790000000000102e-01
-2.999999999999999889e-01
-6.615379999999999594e-01
-1.683169999999999944e-01
-2.421049999999999869e-01
-3.281250000000000000e-01
-6.875000000000000000e-01
-1.844659999999999911e-01
-1.578950000000000076e-01
-2.656250000000000000e-01
