1.250000000000000000e-01
2.181819999999999871e-01
9.523810000000000608e-02
-2.396689999999999932e-01
4.193549999999999778e-01
3.636360000000000148e-01
2.842109999999999914e-01
-3.125000000000000000e-02
3.750000000000000000e-01
4.563110000000000221e-01
1.789469999999999950e-01
-3.125000000000000000e-02
4.193549999999999778e-01
3.846149999999999847e-01
1.956519999999999926e-01
-6.779659999999999853e-02
3.750000000000000000e-01
4.757279999999999842e-01
3.734939999999999927e-01
8.130079999999999599e-03
3.846149999999999847e-01
3.980580000000000229e-01
4.000000000000000222e-01
-5.600000000000000117e-02
5.000000000000000000e-01
4.615380000000000038e-01
3.793099999999999805e-01
-3.333330000000000320e-02
5.076920000000000321e-01
5.049500000000000099e-01
2.421049999999999869e-01
-1.562500000000000000e-02
3.750000000000000000e-01
3.980580000000000229e-01
2.421049999999999869e-01
-1.562500000000000000e-02
