5.000000000000000000e-01
4.363639999999999741e-01
3.095240000000000213e-01
-1.074380000000000057e-01
4.193549999999999778e-01
3.636360000000000148e-01
3.684209999999999985e-01
-9.375000000000000000e-02
3.750000000000000000e-01
5.339810000000000390e-01
3.684209999999999985e-01
-3.125000000000000000e-02
5.483869999999999578e-01
5.384619999999999962e-01
1.956519999999999926e-01
-1.186439999999999995e-01
5.000000000000000000e-01
5.533979999999999455e-01
1.566269999999999885e-01
-1.219510000000000038e-01
5.076920000000000321e-01
5.533979999999999455e-01
2.888890000000000069e-01
-1.039999999999999952e-01
6.562500000000000000e-01
6.153849999999999598e-01
2.873560000000000003e-01
-1.166670000000000068e-01
6.615379999999999594e-01
5.841579999999999551e-01
3.263159999999999950e-01
-1.562500000000000000e-02
5.000000000000000000e-01
4.757279999999999842e-01
3.263159999999999950e-01
-9.375000000000000000e-02
