2.187500000000000000e-01
2.363639999999999908e-01
4.761900000000000160e-02
-3.057849999999999735e-01
1.290320000000000078e-01
2.363639999999999908e-01
5.263160000000000061e-02
-2.187500000000000000e-01
9.375000000000000000e-02
2.427179999999999893e-01
-3.157890000000000003e-02
-2.812500000000000000e-01
9.677420000000000466e-02
2.307690000000000019e-01
-1.521740000000000037e-01
-3.728810000000000180e-01
1.875000000000000000e-01
2.427179999999999893e-01
-3.614459999999999895e-02
-3.495929999999999871e-01
7.692309999999999426e-02
1.650490000000000013e-01
-6.666669999999999541e-02
-3.439999999999999725e-01
3.437500000000000000e-01
2.307690000000000019e-01
1.149430000000000070e-02
-3.666670000000000207e-01
2.307690000000000019e-01
2.673269999999999813e-01
-9.473679999999999601e-02
-3.281250000000000000e-01
2.187500000000000000e-01
2.427179999999999893e-01
-1.578950000000000076e-01
-3.906250000000000000e-01
