-7.500000000000000000e-01
-8.181819999999999649e-01
2.619049999999999989e-01
3.057849999999999735e-01
-2.580649999999999888e-01
-3.272729999999999806e-01
-9.473679999999999601e-02
-2.812500000000000000e-01
-3.125000000000000000e-02
8.737860000000000071e-02
-2.631580000000000030e-01
-4.062500000000000000e-01
-8.064519999999999467e-01
-9.038460000000000383e-01
1.956519999999999926e-01
5.084750000000000103e-01
-6.250000000000000000e-01
-6.893200000000000438e-01
-1.325300000000000089e-01
-5.691059999999999869e-02
-1.692309999999999925e-01
-2.233009999999999995e-01
-3.333329999999999904e-01
-5.200000000000000178e-01
-4.062500000000000000e-01
-3.076920000000000210e-01
-1.494250000000000023e-01
-3.166669999999999763e-01
-1.384620000000000017e-01
-1.485150000000000081e-01
-2.421049999999999869e-01
-4.531250000000000000e-01
-1.562500000000000000e-01
-2.912620000000000139e-02
-2.421049999999999869e-01
-5.156250000000000000e-01
