-5.000000000000000000e-01
-1.818180000000000143e-02
-1.190480000000000010e-01
-2.396689999999999932e-01
-4.838709999999999956e-01
-1.818180000000000143e-02
-9.473679999999999601e-02
-2.187500000000000000e-01
-5.000000000000000000e-01
1.067960000000000020e-01
1.578950000000000076e-01
-1.093750000000000000e-01
-5.806449999999999667e-01
0.000000000000000000e+00
-2.173910000000000009e-01
-2.711859999999999826e-01
-4.687500000000000000e-01
9.708740000000000425e-03
-1.084340000000000026e-01
-2.520330000000000070e-01
-4.461539999999999950e-01
1.844659999999999911e-01
1.333330000000000071e-01
-1.360000000000000098e-01
-4.687500000000000000e-01
-3.846150000000000263e-02
-1.494250000000000023e-01
-2.999999999999999889e-01
-5.692310000000000425e-01
-9.900990000000000138e-03
-1.578950000000000076e-01
-2.656250000000000000e-01
-5.937500000000000000e-01
-2.912620000000000139e-02
-7.368420000000000525e-02
-2.187500000000000000e-01
