2.187500000000000000e-01
2.363639999999999908e-01
1.666670000000000096e-01
-1.239669999999999939e-01
2.580649999999999888e-01
2.363639999999999908e-01
1.578950000000000076e-01
-1.562500000000000000e-01
9.375000000000000000e-02
1.067960000000000020e-01
-1.578950000000000076e-01
-3.906250000000000000e-01
4.516129999999999867e-01
5.192309999999999981e-01
3.260870000000000157e-01
3.389829999999999927e-02
3.125000000000000000e-01
4.563110000000000221e-01
3.975899999999999990e-01
-8.943089999999999373e-02
7.692309999999999426e-02
2.621359999999999801e-01
4.444440000000000196e-02
-1.839999999999999969e-01
3.750000000000000000e-01
6.153849999999999598e-01
4.252870000000000261e-01
0.000000000000000000e+00
3.846149999999999847e-01
5.643559999999999688e-01
3.684209999999999985e-01
-3.125000000000000000e-02
3.750000000000000000e-01
4.563110000000000221e-01
2.842109999999999914e-01
-9.375000000000000000e-02
