-1.250000000000000000e-01
-2.000000000000000111e-01
-3.571429999999999882e-01
-3.884299999999999975e-01
0.000000000000000000e+00
-1.272729999999999972e-01
-2.210529999999999995e-01
-7.812500000000000000e-02
-3.125000000000000000e-02
-6.796119999999999939e-02
-3.052630000000000066e-01
-3.593750000000000000e-01
0.000000000000000000e+00
-1.346150000000000124e-01
-4.782609999999999917e-01
-4.237290000000000223e-01
-1.562500000000000000e-01
-2.038830000000000087e-01
-3.975899999999999990e-01
-4.634150000000000214e-01
-1.384620000000000017e-01
-1.262139999999999929e-01
-2.222220000000000029e-01
-3.920000000000000151e-01
-1.875000000000000000e-01
-1.538460000000000105e-01
-3.793099999999999805e-01
-4.666669999999999985e-01
-1.692309999999999925e-01
-1.287129999999999941e-01
-3.684209999999999985e-01
-4.218750000000000000e-01
-2.812500000000000000e-01
-1.456310000000000104e-01
-5.157890000000000530e-01
-4.218750000000000000e-01
