6.250000000000000000e-01
4.545449999999999768e-01
2.380950000000000011e-01
-1.404960000000000098e-01
6.774189999999999934e-01
4.545449999999999768e-01
3.263159999999999950e-01
-7.812500000000000000e-02
6.250000000000000000e-01
5.533979999999999455e-01
3.263159999999999950e-01
-7.812500000000000000e-02
8.387099999999999556e-01
6.153849999999999598e-01
3.043480000000000074e-01
0.000000000000000000e+00
6.562500000000000000e-01
6.310679999999999623e-01
4.939760000000000262e-01
-5.691059999999999869e-02
7.846149999999999514e-01
6.310679999999999623e-01
5.111109999999999820e-01
8.000000000000000167e-03
5.625000000000000000e-01
4.807690000000000019e-01
4.712640000000000162e-01
-8.333329999999999904e-02
7.230769999999999698e-01
6.237620000000000386e-01
3.052630000000000066e-01
-6.250000000000000000e-02
7.187500000000000000e-01
6.699030000000000262e-01
4.105260000000000020e-01
-6.250000000000000000e-02
