2.187500000000000000e-01
3.818179999999999907e-01
4.761900000000000160e-02
-2.396689999999999932e-01
4.193549999999999778e-01
3.090910000000000046e-01
5.263160000000000061e-02
-2.187500000000000000e-01
3.750000000000000000e-01
3.980580000000000229e-01
1.368419999999999914e-01
-2.187500000000000000e-01
3.548390000000000155e-01
3.269230000000000191e-01
-6.521739999999999482e-02
-1.864409999999999956e-01
3.125000000000000000e-01
3.398059999999999969e-01
6.024100000000000288e-02
-2.845530000000000004e-01
3.230770000000000031e-01
3.398059999999999969e-01
1.111110000000000014e-01
-2.159999999999999976e-01
6.250000000000000000e-01
4.615380000000000038e-01
3.103449999999999820e-01
-6.666669999999999541e-02
3.538459999999999939e-01
3.465349999999999819e-01
1.578950000000000076e-01
-2.187500000000000000e-01
3.437500000000000000e-01
3.203880000000000061e-01
7.368420000000000525e-02
-2.187500000000000000e-01
