-1.250000000000000000e-01
-5.454549999999999677e-02
-3.571429999999999882e-01
-5.041320000000000245e-01
-9.677420000000000466e-02
-5.454549999999999677e-02
-3.894739999999999869e-01
-4.062500000000000000e-01
-2.500000000000000000e-01
8.737860000000000071e-02
-3.052630000000000066e-01
-4.062500000000000000e-01
0.000000000000000000e+00
7.692309999999999426e-02
-3.043480000000000074e-01
-5.084750000000000103e-01
-3.125000000000000000e-02
1.650490000000000013e-01
-3.012050000000000005e-01
-4.634150000000000214e-01
-1.538460000000000001e-02
9.708740000000000425e-03
-2.222220000000000029e-01
-3.920000000000000151e-01
-1.875000000000000000e-01
0.000000000000000000e+00
-2.873560000000000003e-01
-5.166669999999999874e-01
-1.692309999999999925e-01
2.970300000000000024e-02
-2.842109999999999914e-01
-4.687500000000000000e-01
-1.875000000000000000e-01
9.708740000000000425e-03
-2.842109999999999914e-01
-4.687500000000000000e-01
