-4.062500000000000000e-01
-1.818180000000000074e-01
-3.095240000000000213e-01
-3.057849999999999735e-01
-3.870970000000000244e-01
-5.454549999999999677e-02
-1.789469999999999950e-01
-2.187500000000000000e-01
-4.062500000000000000e-01
9.708740000000000425e-03
-3.157890000000000003e-02
-2.187500000000000000e-01
-6.129029999999999756e-01
-1.538460000000000105e-01
-4.130429999999999935e-01
-3.050849999999999951e-01
-6.250000000000000000e-01
-1.456310000000000104e-01
-3.253010000000000068e-01
-4.146340000000000026e-01
-4.769229999999999858e-01
-6.796119999999999939e-02
-1.555559999999999998e-01
-2.800000000000000266e-01
-6.250000000000000000e-01
-1.153850000000000015e-01
-3.333329999999999904e-01
-3.166669999999999763e-01
-4.769229999999999858e-01
-9.900990000000000138e-03
-9.473679999999999601e-02
-2.187500000000000000e-01
-5.000000000000000000e-01
4.854370000000000213e-02
-1.052630000000000059e-02
-1.562500000000000000e-01
