-2.500000000000000000e-01
4.545449999999999768e-01
5.714289999999999647e-01
-2.479340000000000016e-02
-2.258060000000000067e-01
4.545449999999999768e-01
3.263159999999999950e-01
-1.562500000000000000e-02
-2.500000000000000000e-01
4.757279999999999842e-01
3.263159999999999950e-01
-1.562500000000000000e-02
-2.580649999999999888e-01
4.615380000000000038e-01
4.130429999999999935e-01
6.779659999999999853e-02
-1.562500000000000000e-01
4.757279999999999842e-01
4.939760000000000262e-01
8.130079999999999599e-03
-1.384620000000000017e-01
3.980580000000000229e-01
3.111110000000000264e-01
8.000000000000000167e-03
-1.875000000000000000e-01
4.038459999999999828e-01
3.563220000000000276e-01
-3.333330000000000320e-02
-1.692309999999999925e-01
5.247519999999999962e-01
2.210529999999999995e-01
4.687500000000000000e-02
-1.875000000000000000e-01
4.951459999999999750e-01
4.105260000000000020e-01
-1.562500000000000000e-02
