-1.250000000000000000e-01
-1.818180000000000143e-02
-4.761900000000000022e-01
-4.214879999999999738e-01
3.225809999999999789e-02
-1.818180000000000143e-02
-1.578950000000000076e-01
-2.656250000000000000e-01
-1.250000000000000000e-01
-2.912620000000000139e-02
-2.421049999999999869e-01
-3.906250000000000000e-01
-2.258060000000000067e-01
-1.538460000000000105e-01
-4.347829999999999750e-01
-4.915249999999999897e-01
-3.125000000000000000e-02
9.708740000000000425e-03
-2.530120000000000147e-01
-4.146340000000000026e-01
-1.538460000000000001e-02
-6.796119999999999939e-02
-1.777779999999999916e-01
-3.439999999999999725e-01
-1.562500000000000000e-01
-2.115380000000000038e-01
-5.172409999999999508e-01
-6.666670000000000096e-01
-1.384620000000000017e-01
-1.089109999999999939e-01
-4.315789999999999904e-01
-4.843750000000000000e-01
-3.125000000000000000e-02
-6.796119999999999939e-02
-3.473680000000000101e-01
-3.437500000000000000e-01
