-2.500000000000000000e-01
4.545449999999999768e-01
4.761900000000000022e-01
9.090910000000000657e-02
-9.677420000000000466e-02
4.545449999999999768e-01
5.157890000000000530e-01
4.687500000000000000e-02
-1.250000000000000000e-01
6.504849999999999799e-01
5.157890000000000530e-01
9.375000000000000000e-02
-1.290320000000000078e-01
5.384619999999999962e-01
4.130429999999999935e-01
6.779659999999999853e-02
-3.125000000000000000e-02
5.533979999999999455e-01
4.939760000000000262e-01
8.130079999999999599e-03
-1.384620000000000017e-01
6.310679999999999623e-01
4.000000000000000222e-01
1.360000000000000098e-01
-1.875000000000000000e-01
6.538460000000000383e-01
5.862070000000000336e-01
3.333330000000000320e-02
-1.692309999999999925e-01
7.029699999999999838e-01
4.105260000000000020e-01
4.687500000000000000e-02
-6.250000000000000000e-02
5.922330000000000094e-01
5.157890000000000530e-01
1.093750000000000000e-01
