-6.875000000000000000e-01
-2.000000000000000111e-01
-2.619049999999999989e-01
-3.223139999999999894e-01
-6.774189999999999934e-01
-1.272729999999999972e-01
-1.368419999999999914e-01
-2.968750000000000000e-01
-5.937500000000000000e-01
-6.796119999999999939e-02
-2.210529999999999995e-01
-2.343750000000000000e-01
-6.451609999999999845e-01
-1.346150000000000124e-01
-3.043480000000000074e-01
-2.881360000000000032e-01
-7.500000000000000000e-01
-1.262139999999999929e-01
-2.048190000000000011e-01
-3.333329999999999904e-01
-6.307690000000000241e-01
8.737860000000000071e-02
-4.444440000000000196e-02
-2.640000000000000124e-01
-7.187500000000000000e-01
-1.538460000000000105e-01
-1.034479999999999983e-01
-3.333329999999999904e-01
-6.923080000000000345e-01
-1.287129999999999941e-01
-2.842109999999999914e-01
-2.343750000000000000e-01
-7.187500000000000000e-01
-1.456310000000000104e-01
-2.000000000000000111e-01
-2.968750000000000000e-01
