-8.125000000000000000e-01
-8.727270000000000305e-01
3.333329999999999904e-01
2.892560000000000131e-01
-7.096770000000000023e-01
-8.727270000000000305e-01
3.052630000000000066e-01
2.812500000000000000e-01
-8.125000000000000000e-01
-8.058250000000000135e-01
4.105260000000000020e-01
3.281250000000000000e-01
-7.096770000000000023e-01
-8.076919999999999655e-01
3.260870000000000157e-01
4.067799999999999749e-01
-6.250000000000000000e-01
-7.475730000000000430e-01
3.012050000000000005e-01
2.845530000000000004e-01
-6.923080000000000345e-01
-8.058250000000000135e-01
2.222220000000000029e-01
3.439999999999999725e-01
-7.812500000000000000e-01
-8.076919999999999655e-01
4.022990000000000177e-01
4.166670000000000096e-01
-8.461539999999999617e-01
-8.613859999999999850e-01
2.631580000000000030e-01
4.062500000000000000e-01
-8.750000000000000000e-01
-8.058250000000000135e-01
1.578950000000000076e-01
2.812500000000000000e-01
