-8.750000000000000000e-01
-9.090909999999999824e-01
4.761900000000000022e-01
5.867769999999999930e-01
-7.419350000000000112e-01
-8.727270000000000305e-01
3.263159999999999950e-01
5.000000000000000000e-01
-6.562500000000000000e-01
-3.980580000000000229e-01
3.263159999999999950e-01
1.718750000000000000e-01
-8.064519999999999467e-01
-8.653849999999999598e-01
2.826089999999999991e-01
6.949149999999999494e-01
-8.125000000000000000e-01
-9.029129999999999656e-01
3.493979999999999864e-01
6.097559999999999647e-01
-7.846149999999999514e-01
-9.029129999999999656e-01
3.777780000000000027e-01
6.640000000000000346e-01
-8.125000000000000000e-01
-9.423080000000000345e-01
5.172409999999999508e-01
7.500000000000000000e-01
-9.076920000000000543e-01
-9.009899999999999576e-01
3.473680000000000101e-01
6.562500000000000000e-01
-9.375000000000000000e-01
-9.417480000000000295e-01
2.631580000000000030e-01
7.187500000000000000e-01
