-3.750000000000000000e-01
-9.090910000000000657e-02
-1.904760000000000064e-01
-2.396689999999999932e-01
-2.258060000000000067e-01
-1.818180000000000143e-02
-1.578950000000000076e-01
-1.562500000000000000e-01
-2.500000000000000000e-01
1.262139999999999929e-01
-7.368420000000000525e-02
-1.562500000000000000e-01
-2.258060000000000067e-01
2.307690000000000019e-01
2.173910000000000078e-02
-1.864409999999999956e-01
-1.250000000000000000e-01
1.650490000000000013e-01
-3.614459999999999895e-02
-2.357720000000000093e-01
-3.538459999999999939e-01
8.737860000000000071e-02
2.222220000000000098e-02
-1.680000000000000104e-01
-1.562500000000000000e-01
2.307690000000000019e-01
2.873560000000000003e-01
-1.166670000000000068e-01
1.076919999999999961e-01
2.673269999999999813e-01
2.421049999999999869e-01
-1.562500000000000000e-02
9.375000000000000000e-02
3.203880000000000061e-01
1.368419999999999914e-01
-9.375000000000000000e-02
