1.250000000000000000e-01
2.909089999999999732e-01
9.523810000000000608e-02
-2.396689999999999932e-01
1.612899999999999889e-01
1.272729999999999972e-01
-7.368420000000000525e-02
-3.281250000000000000e-01
0.000000000000000000e+00
4.854370000000000213e-02
-2.421049999999999869e-01
-4.375000000000000000e-01
2.903229999999999977e-01
3.846149999999999847e-01
1.086960000000000010e-01
-1.864409999999999956e-01
2.500000000000000000e-01
3.980580000000000229e-01
1.566269999999999885e-01
-2.845530000000000004e-01
1.384620000000000017e-01
2.427179999999999893e-01
2.222220000000000098e-02
-2.800000000000000266e-01
9.375000000000000000e-02
3.846149999999999847e-01
8.045979999999999799e-02
-2.500000000000000000e-01
2.307690000000000019e-01
4.257429999999999826e-01
1.368419999999999914e-01
-1.562500000000000000e-01
2.187500000000000000e-01
3.980580000000000229e-01
2.421049999999999869e-01
-1.562500000000000000e-01
