7.812500000000000000e-01
5.999999999999999778e-01
5.000000000000000000e-01
5.785119999999999846e-02
5.806449999999999667e-01
6.909089999999999954e-01
5.578950000000000298e-01
6.250000000000000000e-02
6.562500000000000000e-01
7.087379999999999791e-01
5.578950000000000298e-01
1.250000000000000000e-01
6.774189999999999934e-01
7.884619999999999962e-01
5.652169999999999694e-01
1.016949999999999937e-01
5.000000000000000000e-01
8.058250000000000135e-01
6.626509999999999900e-01
4.065040000000000320e-02
5.076920000000000321e-01
9.029129999999999656e-01
8.000000000000000444e-01
1.680000000000000104e-01
5.000000000000000000e-01
9.038460000000000383e-01
9.770109999999999628e-01
1.499999999999999944e-01
5.076920000000000321e-01
8.613859999999999850e-01
7.473680000000000323e-01
1.562500000000000000e-01
6.250000000000000000e-01
8.252429999999999488e-01
6.421050000000000368e-01
1.562500000000000000e-01
