1.250000000000000000e-01
3.636360000000000148e-01
1.904760000000000064e-01
-1.735540000000000138e-01
1.612899999999999889e-01
3.636360000000000148e-01
1.789469999999999950e-01
-9.375000000000000000e-02
2.500000000000000000e-01
3.786410000000000053e-01
1.789469999999999950e-01
-2.187500000000000000e-01
2.903229999999999977e-01
5.384619999999999962e-01
4.130429999999999935e-01
-6.779659999999999853e-02
2.500000000000000000e-01
6.504849999999999799e-01
4.939760000000000262e-01
-1.219510000000000038e-01
2.615379999999999927e-01
5.533979999999999455e-01
4.000000000000000222e-01
-1.039999999999999952e-01
2.187500000000000000e-01
5.384619999999999962e-01
3.793099999999999805e-01
-1.166670000000000068e-01
2.307690000000000019e-01
5.049500000000000099e-01
1.368419999999999914e-01
-1.562500000000000000e-01
2.187500000000000000e-01
4.757279999999999842e-01
1.368419999999999914e-01
-2.187500000000000000e-01
