2.187500000000000000e-01
2.363639999999999908e-01
4.761900000000000160e-02
-2.396689999999999932e-01
4.193549999999999778e-01
3.818179999999999907e-01
1.368419999999999914e-01
-9.375000000000000000e-02
2.187500000000000000e-01
5.533979999999999455e-01
2.421049999999999869e-01
-1.562500000000000000e-02
2.258060000000000067e-01
2.307690000000000019e-01
2.173910000000000078e-02
-2.372879999999999989e-01
4.375000000000000000e-01
2.427179999999999893e-01
-3.614459999999999895e-02
-2.357720000000000093e-01
4.461539999999999950e-01
4.174760000000000137e-01
2.888890000000000069e-01
-1.680000000000000104e-01
9.375000000000000000e-02
3.846150000000000263e-02
-8.045979999999999799e-02
-4.333330000000000237e-01
1.076919999999999961e-01
1.287129999999999941e-01
-1.578950000000000076e-01
-3.281250000000000000e-01
9.375000000000000000e-02
1.067960000000000020e-01
-1.578950000000000076e-01
-2.812500000000000000e-01
