6.250000000000000000e-02
-5.454549999999999677e-02
-3.809520000000000128e-01
-4.710739999999999927e-01
9.677420000000000466e-02
-5.454549999999999677e-02
-2.631580000000000030e-01
-4.843750000000000000e-01
-1.562500000000000000e-01
9.708740000000000425e-03
-2.631580000000000030e-01
-4.843750000000000000e-01
1.612899999999999889e-01
3.846150000000000263e-02
-3.695649999999999769e-01
-4.576270000000000060e-01
0.000000000000000000e+00
1.262139999999999929e-01
-2.771080000000000210e-01
-4.471539999999999959e-01
1.538460000000000001e-02
4.854370000000000213e-02
-2.000000000000000111e-01
-3.760000000000000009e-01
1.250000000000000000e-01
0.000000000000000000e+00
-4.022990000000000177e-01
-4.500000000000000111e-01
-1.538460000000000001e-02
1.089109999999999939e-01
-2.210529999999999995e-01
-4.687500000000000000e-01
-3.125000000000000000e-02
8.737860000000000071e-02
-3.052630000000000066e-01
-3.593750000000000000e-01
