3.750000000000000000e-01
3.636360000000000148e-01
1.904760000000000064e-01
-1.735540000000000138e-01
5.483869999999999578e-01
5.272729999999999917e-01
2.842109999999999914e-01
-9.375000000000000000e-02
5.000000000000000000e-01
6.310679999999999623e-01
1.789469999999999950e-01
-9.375000000000000000e-02
5.483869999999999578e-01
3.846149999999999847e-01
1.086960000000000010e-01
-1.186439999999999995e-01
3.750000000000000000e-01
4.757279999999999842e-01
2.530120000000000147e-01
-1.707319999999999949e-01
5.076920000000000321e-01
3.203880000000000061e-01
2.000000000000000111e-01
-1.680000000000000104e-01
2.187500000000000000e-01
3.846149999999999847e-01
8.045979999999999799e-02
-2.500000000000000000e-01
5.076920000000000321e-01
3.465349999999999819e-01
5.263160000000000061e-02
-2.187500000000000000e-01
5.000000000000000000e-01
3.203880000000000061e-01
5.263160000000000061e-02
-1.562500000000000000e-01
