-2.812500000000000000e-01
9.090910000000000657e-02
4.761900000000000160e-02
-1.074380000000000057e-01
-2.580649999999999888e-01
2.363639999999999908e-01
1.368419999999999914e-01
-1.562500000000000000e-02
-2.812500000000000000e-01
3.980580000000000229e-01
3.263159999999999950e-01
-1.562500000000000000e-02
-2.580649999999999888e-01
3.269230000000000191e-01
1.956519999999999926e-01
-5.084749999999999687e-02
-1.875000000000000000e-01
3.398059999999999969e-01
3.493979999999999864e-01
-1.056909999999999933e-01
-1.692309999999999925e-01
4.174760000000000137e-01
3.777780000000000027e-01
8.000000000000000167e-03
-1.562500000000000000e-01
3.846149999999999847e-01
3.103449999999999820e-01
0.000000000000000000e+00
-1.384620000000000017e-01
5.049500000000000099e-01
3.473680000000000101e-01
1.562500000000000000e-02
-3.125000000000000000e-02
4.757279999999999842e-01
3.473680000000000101e-01
7.812500000000000000e-02
