-5.312500000000000000e-01
-5.636360000000000259e-01
3.571429999999999882e-01
2.396689999999999932e-01
-8.709679999999999644e-01
-8.181819999999999649e-01
7.684210000000000207e-01
6.875000000000000000e-01
-8.750000000000000000e-01
-9.029129999999999656e-01
8.736840000000000162e-01
7.500000000000000000e-01
2.258060000000000067e-01
7.692309999999999426e-02
-6.521739999999999482e-02
-3.050849999999999951e-01
-2.812500000000000000e-01
-4.368929999999999758e-01
2.530120000000000147e-01
1.219510000000000038e-01
-7.846149999999999514e-01
-8.640780000000000127e-01
7.111110000000000486e-01
8.399999999999999689e-01
2.187500000000000000e-01
3.076920000000000210e-01
-8.045979999999999799e-02
-3.166669999999999763e-01
-1.538460000000000001e-02
-9.900990000000000138e-03
-9.473679999999999601e-02
-2.187500000000000000e-01
-5.000000000000000000e-01
-7.087379999999999791e-01
3.473680000000000101e-01
4.218750000000000000e-01
