-4.062500000000000000e-01
1.636360000000000037e-01
1.666670000000000096e-01
-1.239669999999999939e-01
-3.870970000000000244e-01
2.363639999999999908e-01
1.578950000000000076e-01
-4.687500000000000000e-02
-2.812500000000000000e-01
3.203880000000000061e-01
7.368420000000000525e-02
-1.093750000000000000e-01
-3.548390000000000155e-01
1.730770000000000086e-01
1.304349999999999954e-01
-8.474579999999999613e-02
-3.750000000000000000e-01
3.592230000000000145e-01
8.433730000000000393e-02
-2.032519999999999882e-01
-4.461539999999999950e-01
5.339810000000000390e-01
3.333329999999999904e-01
-2.400000000000000050e-02
-4.687500000000000000e-01
1.153850000000000015e-01
3.448280000000000095e-02
-1.166670000000000068e-01
-4.461539999999999950e-01
3.267329999999999957e-01
2.842109999999999914e-01
-9.375000000000000000e-02
-3.750000000000000000e-01
4.563110000000000221e-01
2.842109999999999914e-01
1.562500000000000000e-02
