3.750000000000000000e-01
2.363639999999999908e-01
4.761900000000000160e-02
-2.561979999999999813e-01
4.193549999999999778e-01
2.363639999999999908e-01
5.263160000000000061e-02
-2.343750000000000000e-01
2.500000000000000000e-01
2.427179999999999893e-01
-3.157890000000000003e-02
-1.875000000000000000e-01
4.193549999999999778e-01
3.076920000000000210e-01
1.086960000000000010e-01
-2.203390000000000071e-01
2.187500000000000000e-01
3.203880000000000061e-01
-3.614459999999999895e-02
-2.682930000000000037e-01
2.307690000000000019e-01
2.427179999999999893e-01
-4.444440000000000196e-02
-2.640000000000000124e-01
1.875000000000000000e-01
3.269230000000000191e-01
1.724140000000000117e-01
-2.666669999999999874e-01
3.230770000000000031e-01
3.663370000000000237e-01
5.263160000000000061e-02
-1.875000000000000000e-01
1.875000000000000000e-01
2.427179999999999893e-01
-3.157890000000000003e-02
-2.343750000000000000e-01
