-3.750000000000000000e-01
1.636360000000000037e-01
1.428570000000000118e-01
-1.404960000000000098e-01
-4.838709999999999956e-01
1.636360000000000037e-01
1.368419999999999914e-01
-1.250000000000000000e-01
-5.000000000000000000e-01
2.427179999999999893e-01
2.210529999999999995e-01
-1.250000000000000000e-01
-3.870970000000000244e-01
3.076920000000000210e-01
3.043480000000000074e-01
0.000000000000000000e+00
-4.062500000000000000e-01
2.427179999999999893e-01
1.566269999999999885e-01
-1.382110000000000005e-01
-5.076920000000000321e-01
1.650490000000000013e-01
2.000000000000000111e-01
-7.199999999999999456e-02
-2.812500000000000000e-01
3.269230000000000191e-01
2.643679999999999919e-01
-8.333329999999999904e-02
-3.846149999999999847e-01
3.663370000000000237e-01
3.052630000000000066e-01
-6.250000000000000000e-02
-6.250000000000000000e-01
1.650490000000000013e-01
2.210529999999999995e-01
-1.250000000000000000e-01
