-4.062500000000000000e-01
-1.272729999999999972e-01
-4.761900000000000160e-02
-2.396689999999999932e-01
-3.870970000000000244e-01
1.818180000000000143e-02
-3.157890000000000003e-02
-2.187500000000000000e-01
-2.812500000000000000e-01
2.427179999999999893e-01
5.263160000000000061e-02
-1.562500000000000000e-01
-3.870970000000000244e-01
2.307690000000000019e-01
2.173910000000000078e-02
-1.186439999999999995e-01
-5.000000000000000000e-01
9.708740000000000425e-03
-3.614459999999999895e-02
-2.357720000000000093e-01
-3.846149999999999847e-01
8.737860000000000071e-02
2.222220000000000098e-02
-1.680000000000000104e-01
-2.812500000000000000e-01
3.076920000000000210e-01
3.103449999999999820e-01
-1.333330000000000071e-01
-2.615379999999999927e-01
1.287129999999999941e-01
7.368420000000000525e-02
-1.562500000000000000e-01
-4.062500000000000000e-01
-1.067960000000000020e-01
-9.473679999999999601e-02
-2.812500000000000000e-01
