-3.750000000000000000e-01
1.818180000000000074e-01
2.857140000000000235e-01
-5.785119999999999846e-02
-1.290320000000000078e-01
3.636360000000000148e-01
3.473680000000000101e-01
-4.687500000000000000e-02
-6.250000000000000000e-02
5.339810000000000390e-01
4.526319999999999788e-01
1.562500000000000000e-02
-2.258060000000000067e-01
3.653850000000000153e-01
2.608699999999999908e-01
-1.694920000000000107e-02
-1.250000000000000000e-01
5.339810000000000390e-01
4.216869999999999785e-01
-2.439020000000000077e-02
1.538460000000000001e-02
5.339810000000000390e-01
4.444440000000000057e-01
1.039999999999999952e-01
-1.250000000000000000e-01
4.615380000000000038e-01
4.942529999999999979e-01
-3.333330000000000320e-02
-1.538460000000000001e-02
5.049500000000000099e-01
4.315789999999999904e-01
-1.562500000000000000e-02
-3.125000000000000000e-02
4.757279999999999842e-01
4.315789999999999904e-01
4.687500000000000000e-02
