3.750000000000000000e-01
3.090910000000000046e-01
1.428570000000000118e-01
-1.074380000000000057e-01
2.580649999999999888e-01
3.090910000000000046e-01
5.263160000000000061e-02
-2.187500000000000000e-01
5.000000000000000000e-01
3.203880000000000061e-01
5.263160000000000061e-02
-2.187500000000000000e-01
6.129029999999999756e-01
5.769229999999999636e-01
2.826089999999999991e-01
0.000000000000000000e+00
4.375000000000000000e-01
4.951459999999999750e-01
2.530120000000000147e-01
-1.056909999999999933e-01
4.461539999999999950e-01
4.951459999999999750e-01
2.000000000000000111e-01
-1.039999999999999952e-01
4.687500000000000000e-01
5.576919999999999655e-01
5.172409999999999508e-01
-6.666669999999999541e-02
4.769229999999999858e-01
5.049500000000000099e-01
2.631580000000000030e-01
-1.093750000000000000e-01
3.437500000000000000e-01
4.757279999999999842e-01
1.578950000000000076e-01
-1.093750000000000000e-01
