-6.875000000000000000e-01
-2.363639999999999908e-01
-2.857140000000000235e-01
-3.553720000000000212e-01
-5.806449999999999667e-01
-2.363639999999999908e-01
-3.263159999999999950e-01
-3.281250000000000000e-01
-5.937500000000000000e-01
-1.067960000000000020e-01
-7.368420000000000525e-02
-2.656250000000000000e-01
-5.806449999999999667e-01
-2.115380000000000038e-01
-3.478260000000000240e-01
-3.728810000000000180e-01
-5.937500000000000000e-01
-1.456310000000000104e-01
-2.530120000000000147e-01
-3.495929999999999871e-01
-5.692310000000000425e-01
-6.796119999999999939e-02
-8.888890000000000680e-02
-2.159999999999999976e-01
-6.562500000000000000e-01
-1.346150000000000124e-01
-3.563220000000000276e-01
-3.833329999999999793e-01
-5.076920000000000321e-01
-4.950500000000000039e-02
-2.631580000000000030e-01
-2.812500000000000000e-01
-5.312500000000000000e-01
9.708740000000000425e-03
-1.789469999999999950e-01
-2.187500000000000000e-01
