-3.750000000000000000e-01
1.272729999999999972e-01
9.523810000000000608e-02
-1.735540000000000138e-01
-5.806449999999999667e-01
-9.090910000000000657e-02
9.473679999999999601e-02
-9.375000000000000000e-02
-5.937500000000000000e-01
-1.067960000000000020e-01
9.473679999999999601e-02
1.562500000000000000e-02
-8.064519999999999467e-01
-5.961539999999999617e-01
-6.521739999999999482e-02
1.864409999999999956e-01
-9.062500000000000000e-01
-8.252429999999999488e-01
1.566269999999999885e-01
4.146340000000000026e-01
-8.769230000000000080e-01
-8.640780000000000127e-01
5.111109999999999820e-01
6.480000000000000204e-01
-6.562500000000000000e-01
-6.538460000000000383e-01
3.793099999999999805e-01
5.166669999999999874e-01
-8.461539999999999617e-01
-9.603960000000000274e-01
5.368420000000000414e-01
6.250000000000000000e-01
-8.750000000000000000e-01
-8.058250000000000135e-01
4.315789999999999904e-01
6.250000000000000000e-01
