-4.062500000000000000e-01
-2.181819999999999871e-01
-1.904760000000000064e-01
-3.553720000000000212e-01
-3.870970000000000244e-01
-3.454550000000000121e-01
-1.052630000000000059e-02
-4.687500000000000000e-02
-4.062500000000000000e-01
-3.592230000000000145e-01
-1.052630000000000059e-02
-4.687500000000000000e-02
-4.516129999999999867e-01
-2.307690000000000019e-01
-3.043480000000000074e-01
-2.711859999999999826e-01
-3.750000000000000000e-01
-1.456310000000000104e-01
-1.204820000000000023e-02
-2.032519999999999882e-01
-3.538459999999999939e-01
-3.592230000000000145e-01
4.444440000000000196e-02
-7.199999999999999456e-02
-4.687500000000000000e-01
-2.500000000000000000e-01
-3.333329999999999904e-01
-3.666670000000000207e-01
-3.538459999999999939e-01
-9.900990000000000138e-03
-1.578950000000000076e-01
-1.562500000000000000e-01
-3.750000000000000000e-01
-2.427179999999999893e-01
9.473679999999999601e-02
-3.125000000000000000e-02
