3.437500000000000000e-01
3.090910000000000046e-01
1.666670000000000096e-01
-1.239669999999999939e-01
5.161289999999999489e-01
5.454550000000000232e-01
3.473680000000000101e-01
1.562500000000000000e-02
6.250000000000000000e-01
7.475730000000000430e-01
5.578950000000000298e-01
1.250000000000000000e-01
4.516129999999999867e-01
5.192309999999999981e-01
3.260870000000000157e-01
-3.389829999999999927e-02
6.562500000000000000e-01
8.058250000000000135e-01
5.180719999999999770e-01
2.439020000000000077e-02
6.615379999999999594e-01
7.087379999999999791e-01
6.444440000000000168e-01
8.799999999999999489e-02
5.000000000000000000e-01
5.192309999999999981e-01
3.333329999999999904e-01
-5.000000000000000278e-02
5.076920000000000321e-01
7.425739999999999563e-01
4.736839999999999939e-01
1.562500000000000000e-02
3.750000000000000000e-01
6.310679999999999623e-01
3.684209999999999985e-01
1.562500000000000000e-02
