-3.125000000000000000e-02
5.272729999999999917e-01
5.952380000000000448e-01
1.074380000000000057e-01
0.000000000000000000e+00
3.818179999999999907e-01
4.315789999999999904e-01
4.687500000000000000e-02
-1.562500000000000000e-01
1.650490000000000013e-01
5.263160000000000061e-02
-2.187500000000000000e-01
-3.225809999999999789e-02
6.538460000000000383e-01
5.000000000000000000e-01
1.864409999999999956e-01
-6.250000000000000000e-02
6.699030000000000262e-01
5.903610000000000246e-01
1.219510000000000038e-01
-1.692309999999999925e-01
5.922330000000000094e-01
5.999999999999999778e-01
7.199999999999999456e-02
-1.562500000000000000e-01
6.346150000000000402e-01
7.701149999999999940e-01
6.666669999999999541e-02
-2.615379999999999927e-01
6.831679999999999975e-01
5.578950000000000298e-01
7.812500000000000000e-02
-1.562500000000000000e-01
5.728159999999999918e-01
4.526319999999999788e-01
7.812500000000000000e-02
