2.500000000000000000e-01
2.363639999999999908e-01
4.761900000000000160e-02
-2.561979999999999813e-01
2.903229999999999977e-01
1.636360000000000037e-01
-3.157890000000000003e-02
-2.968750000000000000e-01
2.500000000000000000e-01
3.203880000000000061e-01
5.263160000000000061e-02
-1.875000000000000000e-01
2.580649999999999888e-01
3.846149999999999847e-01
-6.521739999999999482e-02
-2.203390000000000071e-01
2.187500000000000000e-01
2.427179999999999893e-01
-3.614459999999999895e-02
-2.682930000000000037e-01
3.846149999999999847e-01
3.203880000000000061e-01
1.111110000000000014e-01
-2.000000000000000111e-01
4.375000000000000000e-01
3.269230000000000191e-01
1.724140000000000117e-01
-2.166669999999999985e-01
3.230770000000000031e-01
3.663370000000000237e-01
5.263160000000000061e-02
-2.343750000000000000e-01
3.125000000000000000e-01
3.398059999999999969e-01
5.263160000000000061e-02
-1.875000000000000000e-01
