3.750000000000000000e-01
3.636360000000000148e-01
4.047620000000000107e-01
-4.132229999999999931e-02
5.483869999999999578e-01
5.272729999999999917e-01
4.736839999999999939e-01
1.562500000000000000e-02
5.000000000000000000e-01
6.310679999999999623e-01
4.736839999999999939e-01
-3.125000000000000000e-02
5.483869999999999578e-01
6.346150000000000402e-01
3.043480000000000074e-01
0.000000000000000000e+00
6.250000000000000000e-01
6.504849999999999799e-01
4.939760000000000262e-01
-5.691059999999999869e-02
5.076920000000000321e-01
4.757279999999999842e-01
4.000000000000000222e-01
-1.039999999999999952e-01
5.000000000000000000e-01
6.153849999999999598e-01
6.091950000000000420e-01
3.333330000000000320e-02
6.615379999999999594e-01
7.623760000000000536e-01
4.315789999999999904e-01
4.687500000000000000e-02
5.000000000000000000e-01
6.310679999999999623e-01
3.263159999999999950e-01
-9.375000000000000000e-02
