-4.687500000000000000e-01
-9.090910000000000657e-02
-1.904760000000000064e-01
-2.892560000000000131e-01
-5.806449999999999667e-01
-9.090910000000000657e-02
-1.578950000000000076e-01
-2.656250000000000000e-01
-5.937500000000000000e-01
-2.912620000000000139e-02
-7.368420000000000525e-02
-2.187500000000000000e-01
-3.548390000000000155e-01
1.538460000000000105e-01
1.086960000000000010e-01
-1.186439999999999995e-01
-3.750000000000000000e-01
8.737860000000000071e-02
6.024100000000000288e-02
-1.707319999999999949e-01
-4.769229999999999858e-01
9.708740000000000425e-03
-8.888890000000000680e-02
-2.159999999999999976e-01
-2.812500000000000000e-01
2.307690000000000019e-01
2.873560000000000003e-01
-1.166670000000000068e-01
-3.846149999999999847e-01
-4.950500000000000039e-02
-3.157890000000000003e-02
-2.187500000000000000e-01
-4.062500000000000000e-01
8.737860000000000071e-02
-3.157890000000000003e-02
-2.187500000000000000e-01
