5.000000000000000000e-01
4.545449999999999768e-01
3.571429999999999882e-01
-1.074380000000000057e-01
7.096770000000000023e-01
5.272729999999999917e-01
2.421049999999999869e-01
-1.562500000000000000e-02
5.000000000000000000e-01
5.533979999999999455e-01
2.421049999999999869e-01
-9.375000000000000000e-02
4.838709999999999956e-01
4.807690000000000019e-01
1.956519999999999926e-01
-5.084749999999999687e-02
4.375000000000000000e-01
4.951459999999999750e-01
3.493979999999999864e-01
-1.707319999999999949e-01
4.461539999999999950e-01
4.951459999999999750e-01
2.888890000000000069e-01
-4.000000000000000083e-02
3.437500000000000000e-01
4.615380000000000038e-01
1.954019999999999924e-01
-1.833329999999999960e-01
3.538459999999999939e-01
4.257429999999999826e-01
2.631580000000000030e-01
-1.093750000000000000e-01
4.687500000000000000e-01
4.757279999999999842e-01
1.578950000000000076e-01
-1.093750000000000000e-01
