-3.750000000000000000e-01
-4.727270000000000083e-01
-3.095240000000000213e-01
-1.735540000000000138e-01
-2.580649999999999888e-01
-2.000000000000000111e-01
-2.631580000000000030e-01
-3.125000000000000000e-01
-6.250000000000000000e-02
1.067960000000000020e-01
-1.789469999999999950e-01
-3.125000000000000000e-01
3.225809999999999789e-02
2.884619999999999962e-01
-2.826089999999999991e-01
-3.389829999999999788e-01
1.250000000000000000e-01
3.009709999999999885e-01
1.204820000000000023e-02
-3.170729999999999937e-01
1.384620000000000017e-01
3.786410000000000053e-01
6.666669999999999541e-02
-2.479999999999999982e-01
1.250000000000000000e-01
3.846149999999999847e-01
1.724140000000000117e-01
-2.166669999999999985e-01
2.615379999999999927e-01
4.257429999999999826e-01
1.368419999999999914e-01
-2.343750000000000000e-01
1.250000000000000000e-01
3.203880000000000061e-01
-3.157890000000000003e-02
-2.343750000000000000e-01
