2.187500000000000000e-01
2.363639999999999908e-01
7.142859999999999487e-02
-1.735540000000000138e-01
2.580649999999999888e-01
2.363639999999999908e-01
-1.052630000000000059e-02
-2.187500000000000000e-01
2.187500000000000000e-01
2.427179999999999893e-01
7.368420000000000525e-02
-2.812500000000000000e-01
3.548390000000000155e-01
2.500000000000000000e-01
4.347829999999999750e-02
-2.711859999999999826e-01
1.875000000000000000e-01
2.621359999999999801e-01
-1.204820000000000023e-02
-3.170729999999999937e-01
3.230770000000000031e-01
2.621359999999999801e-01
4.444440000000000196e-02
-1.839999999999999969e-01
3.750000000000000000e-01
4.423079999999999790e-01
1.264369999999999938e-01
-2.500000000000000000e-01
3.846149999999999847e-01
4.851489999999999969e-01
9.473679999999999601e-02
-1.562500000000000000e-01
3.750000000000000000e-01
3.786410000000000053e-01
1.789469999999999950e-01
-1.562500000000000000e-01
