1.250000000000000000e-01
1.636360000000000037e-01
-1.666670000000000096e-01
-3.884299999999999975e-01
0.000000000000000000e+00
9.090910000000000657e-02
-1.368419999999999914e-01
-3.593750000000000000e-01
-3.125000000000000000e-02
1.650490000000000013e-01
-2.210529999999999995e-01
-3.593750000000000000e-01
1.290320000000000078e-01
1.538460000000000105e-01
-1.304349999999999954e-01
-3.559320000000000261e-01
9.375000000000000000e-02
1.650490000000000013e-01
-2.048190000000000011e-01
-4.634150000000000214e-01
-1.538460000000000001e-02
1.650490000000000013e-01
-1.333330000000000071e-01
-3.920000000000000151e-01
6.250000000000000000e-02
1.538460000000000105e-01
-1.034479999999999983e-01
-4.666669999999999985e-01
7.692309999999999426e-02
1.881190000000000084e-01
-1.157890000000000030e-01
-4.218750000000000000e-01
6.250000000000000000e-02
8.737860000000000071e-02
-2.000000000000000111e-01
-4.218750000000000000e-01
