5.312500000000000000e-01
5.272729999999999917e-01
3.809520000000000128e-01
-1.074380000000000057e-01
5.806449999999999667e-01
4.363639999999999741e-01
3.473680000000000101e-01
-9.375000000000000000e-02
5.312500000000000000e-01
5.339810000000000390e-01
2.631580000000000030e-01
-9.375000000000000000e-02
4.193549999999999778e-01
4.423079999999999790e-01
1.521740000000000037e-01
-1.525420000000000109e-01
5.000000000000000000e-01
5.339810000000000390e-01
2.048190000000000011e-01
-1.382110000000000005e-01
5.076920000000000321e-01
6.310679999999999623e-01
4.444440000000000057e-01
-1.360000000000000098e-01
5.000000000000000000e-01
4.615380000000000038e-01
2.643679999999999919e-01
-1.000000000000000056e-01
6.307690000000000241e-01
5.841579999999999551e-01
3.263159999999999950e-01
-7.812500000000000000e-02
5.000000000000000000e-01
5.533979999999999455e-01
3.263159999999999950e-01
-7.812500000000000000e-02
