-2.500000000000000000e-01
6.181820000000000093e-01
5.714289999999999647e-01
4.132229999999999931e-02
-9.677420000000000466e-02
6.181820000000000093e-01
6.421050000000000368e-01
1.562500000000000000e-01
-1.250000000000000000e-01
6.504849999999999799e-01
6.421050000000000368e-01
4.687500000000000000e-02
-1.290320000000000078e-01
6.153849999999999598e-01
5.217389999999999528e-01
1.355929999999999913e-01
-3.125000000000000000e-02
6.310679999999999623e-01
7.349400000000000377e-01
7.317070000000000518e-02
-1.538460000000000001e-02
7.281549999999999967e-01
6.222220000000000528e-01
1.360000000000000098e-01
-6.250000000000000000e-02
7.500000000000000000e-01
7.011490000000000222e-01
1.000000000000000056e-01
-4.615380000000000177e-02
7.029699999999999838e-01
6.210529999999999662e-01
1.093750000000000000e-01
-6.250000000000000000e-02
6.699030000000000262e-01
5.157890000000000530e-01
1.093750000000000000e-01
