-8.750000000000000000e-01
-9.636360000000000481e-01
7.142859999999999487e-02
3.553720000000000212e-01
-8.709679999999999644e-01
-8.727270000000000305e-01
1.578950000000000076e-01
1.718750000000000000e-01
-7.812500000000000000e-01
-6.893200000000000438e-01
7.368420000000000525e-02
6.250000000000000000e-02
-5.806449999999999667e-01
-5.769229999999999636e-01
-2.173910000000000078e-02
3.389829999999999927e-02
-3.750000000000000000e-01
-2.427179999999999893e-01
-8.433730000000000393e-02
-2.682930000000000037e-01
-1.076919999999999961e-01
-2.912620000000000139e-02
-2.222220000000000098e-02
-3.119999999999999996e-01
-1.250000000000000000e-01
7.692309999999999426e-02
-2.183910000000000018e-01
-4.000000000000000222e-01
-1.538460000000000001e-02
1.089109999999999939e-01
-1.368419999999999914e-01
-3.593750000000000000e-01
-3.125000000000000000e-02
8.737860000000000071e-02
-2.210529999999999995e-01
-4.687500000000000000e-01
