6.250000000000000000e-02
1.818180000000000143e-02
-2.380950000000000011e-01
-4.545449999999999768e-01
-1.612899999999999889e-01
-1.272729999999999972e-01
-4.526319999999999788e-01
-5.937500000000000000e-01
-2.812500000000000000e-01
-1.456310000000000104e-01
-5.999999999999999778e-01
-5.937500000000000000e-01
0.000000000000000000e+00
3.846150000000000263e-02
-3.695649999999999769e-01
-5.423729999999999940e-01
-1.562500000000000000e-01
-2.912620000000000139e-02
-5.421690000000000120e-01
-6.260160000000000169e-01
-1.384620000000000017e-01
-1.067960000000000020e-01
-4.444440000000000057e-01
-5.520000000000000462e-01
-6.250000000000000000e-02
0.000000000000000000e+00
-2.643679999999999919e-01
-5.333329999999999460e-01
-4.615380000000000177e-02
1.287129999999999941e-01
-3.263159999999999950e-01
-5.468750000000000000e-01
-1.562500000000000000e-01
9.708740000000000425e-03
-3.263159999999999950e-01
-4.843750000000000000e-01
