-1.250000000000000000e-01
-9.090910000000000657e-02
-4.761900000000000022e-01
-5.371899999999999453e-01
-9.677420000000000466e-02
-9.090910000000000657e-02
-4.105260000000000020e-01
-5.625000000000000000e-01
-1.250000000000000000e-01
-2.912620000000000139e-02
-4.947369999999999823e-01
-5.625000000000000000e-01
-9.677420000000000466e-02
0.000000000000000000e+00
-3.478260000000000240e-01
-4.915249999999999897e-01
-1.250000000000000000e-01
9.708740000000000425e-03
-4.457829999999999848e-01
-5.934960000000000235e-01
-1.076919999999999961e-01
-6.796119999999999939e-02
-3.555559999999999832e-01
-5.679999999999999494e-01
-1.562500000000000000e-01
0.000000000000000000e+00
-4.482760000000000078e-01
-5.333329999999999460e-01
-1.384620000000000017e-01
-4.950500000000000039e-02
-3.473680000000000101e-01
-5.468750000000000000e-01
-1.562500000000000000e-01
-6.796119999999999939e-02
-4.315789999999999904e-01
-4.843750000000000000e-01
