6.562500000000000000e-01
5.272729999999999917e-01
4.761900000000000022e-01
-2.479340000000000016e-02
7.096770000000000023e-01
6.181820000000000093e-01
4.315789999999999904e-01
4.687500000000000000e-02
7.812500000000000000e-01
6.310679999999999623e-01
4.315789999999999904e-01
4.687500000000000000e-02
9.032259999999999733e-01
7.500000000000000000e-01
5.000000000000000000e-01
6.779659999999999853e-02
7.187500000000000000e-01
7.669899999999999496e-01
4.698800000000000199e-01
-5.691059999999999869e-02
7.230769999999999698e-01
6.699030000000000262e-01
4.888890000000000180e-01
7.199999999999999456e-02
7.500000000000000000e-01
7.307690000000000019e-01
5.172409999999999508e-01
0.000000000000000000e+00
7.538460000000000161e-01
7.821780000000000399e-01
4.526319999999999788e-01
1.562500000000000000e-02
7.500000000000000000e-01
6.504849999999999799e-01
4.526319999999999788e-01
1.562500000000000000e-02
