4.687500000000000000e-01
2.363639999999999908e-01
1.666670000000000096e-01
-1.735540000000000138e-01
3.870970000000000244e-01
3.090910000000000046e-01
2.631580000000000030e-01
-1.562500000000000000e-01
4.687500000000000000e-01
3.980580000000000229e-01
1.578950000000000076e-01
-1.093750000000000000e-01
4.516129999999999867e-01
4.423079999999999790e-01
2.391300000000000092e-01
-1.525420000000000109e-01
4.062500000000000000e-01
3.592230000000000145e-01
1.807229999999999948e-01
-2.032519999999999882e-01
3.230770000000000031e-01
3.592230000000000145e-01
2.222220000000000029e-01
-1.360000000000000098e-01
5.000000000000000000e-01
6.153849999999999598e-01
3.333329999999999904e-01
-5.000000000000000278e-02
5.076920000000000321e-01
4.851489999999999969e-01
3.684209999999999985e-01
-9.375000000000000000e-02
3.750000000000000000e-01
6.310679999999999623e-01
1.789469999999999950e-01
-9.375000000000000000e-02
