3.125000000000000000e-01
2.727269999999999972e-01
7.142859999999999487e-02
-1.735540000000000138e-01
3.548390000000000155e-01
1.818180000000000074e-01
7.368420000000000525e-02
-2.656250000000000000e-01
1.875000000000000000e-01
2.621359999999999801e-01
1.578950000000000076e-01
-2.031250000000000000e-01
4.193549999999999778e-01
3.653850000000000153e-01
2.608699999999999908e-01
-1.525420000000000109e-01
2.500000000000000000e-01
3.786410000000000053e-01
3.253010000000000068e-01
-2.032519999999999882e-01
2.615379999999999927e-01
3.786410000000000053e-01
2.444439999999999946e-01
-1.360000000000000098e-01
3.750000000000000000e-01
3.846149999999999847e-01
1.724140000000000117e-01
-1.499999999999999944e-01
3.846149999999999847e-01
5.049500000000000099e-01
2.210529999999999995e-01
-7.812500000000000000e-02
2.500000000000000000e-01
4.757279999999999842e-01
2.210529999999999995e-01
-1.250000000000000000e-01
