-1.250000000000000000e-01
-5.454549999999999677e-02
-4.523809999999999776e-01
-4.380169999999999897e-01
0.000000000000000000e+00
-5.454549999999999677e-02
-3.894739999999999869e-01
-4.687500000000000000e-01
-3.125000000000000000e-02
9.708740000000000425e-03
-3.894739999999999869e-01
-4.062500000000000000e-01
-1.290320000000000078e-01
-7.692309999999999426e-02
-5.434780000000000166e-01
-5.084750000000000103e-01
-3.125000000000000000e-02
9.708740000000000425e-03
-3.012050000000000005e-01
-4.634150000000000214e-01
-1.538460000000000001e-02
1.650490000000000013e-01
2.222220000000000098e-02
-2.640000000000000124e-01
-2.812500000000000000e-01
-1.538460000000000105e-01
-5.402299999999999880e-01
-5.833329999999999904e-01
-2.615379999999999927e-01
-2.079209999999999947e-01
-5.157890000000000530e-01
-5.312500000000000000e-01
-1.875000000000000000e-01
-6.796119999999999939e-02
-3.684209999999999985e-01
-4.687500000000000000e-01
