-8.125000000000000000e-01
-9.090909999999999824e-01
4.523809999999999776e-01
5.206610000000000404e-01
-8.064519999999999467e-01
-8.727270000000000305e-01
3.052630000000000066e-01
4.531250000000000000e-01
-7.187500000000000000e-01
-8.640780000000000127e-01
5.157890000000000530e-01
5.000000000000000000e-01
-8.064519999999999467e-01
-8.076919999999999655e-01
1.304349999999999954e-01
4.067799999999999749e-01
-8.125000000000000000e-01
-7.475730000000000430e-01
1.807229999999999948e-01
2.195120000000000127e-01
-6.923080000000000345e-01
-7.475730000000000430e-01
2.222220000000000029e-01
3.439999999999999725e-01
-8.750000000000000000e-01
-7.500000000000000000e-01
1.954019999999999924e-01
2.833330000000000015e-01
-7.538460000000000161e-01
-6.237620000000000386e-01
1.578950000000000076e-01
1.718750000000000000e-01
-5.937500000000000000e-01
-5.728159999999999918e-01
7.368420000000000525e-02
1.250000000000000000e-01
