-7.500000000000000000e-01
-8.727270000000000305e-01
7.142859999999999765e-01
5.867769999999999930e-01
-7.419350000000000112e-01
-8.181819999999999649e-01
5.368420000000000414e-01
5.000000000000000000e-01
-8.750000000000000000e-01
-8.640780000000000127e-01
4.315789999999999904e-01
5.625000000000000000e-01
-8.064519999999999467e-01
-9.038460000000000383e-01
6.086960000000000148e-01
6.949149999999999494e-01
-8.125000000000000000e-01
-9.029129999999999656e-01
5.903610000000000246e-01
4.796750000000000180e-01
-7.846149999999999514e-01
-8.640780000000000127e-01
5.999999999999999778e-01
5.360000000000000320e-01
-8.125000000000000000e-01
-9.038460000000000383e-01
6.321839999999999682e-01
6.166669999999999652e-01
-7.846149999999999514e-01
-8.613859999999999850e-01
6.842110000000000136e-01
5.937500000000000000e-01
-7.187500000000000000e-01
-8.640780000000000127e-01
5.578950000000000298e-01
5.937500000000000000e-01
