-3.125000000000000000e-02
-9.090910000000000657e-02
-4.523809999999999776e-01
-5.537189999999999612e-01
0.000000000000000000e+00
-9.090910000000000657e-02
-3.263159999999999950e-01
-5.156250000000000000e-01
-3.125000000000000000e-02
4.854370000000000213e-02
-3.263159999999999950e-01
-5.156250000000000000e-01
-1.290320000000000078e-01
-7.692309999999999426e-02
-4.565219999999999834e-01
-5.084750000000000103e-01
-1.562500000000000000e-01
9.708740000000000425e-03
-4.698800000000000199e-01
-5.447149999999999492e-01
-1.384620000000000017e-01
9.708740000000000425e-03
-3.777780000000000027e-01
-4.719999999999999751e-01
-1.250000000000000000e-01
-1.153850000000000015e-01
-5.172409999999999508e-01
-6.166669999999999652e-01
-2.307690000000000019e-01
-8.910890000000000477e-02
-4.105260000000000020e-01
-5.625000000000000000e-01
-1.250000000000000000e-01
-1.067960000000000020e-01
-4.105260000000000020e-01
-5.000000000000000000e-01
