-2.812500000000000000e-01
4.363639999999999741e-01
5.000000000000000000e-01
-5.785119999999999846e-02
-3.548390000000000155e-01
2.727269999999999972e-01
3.473680000000000101e-01
1.562500000000000000e-02
-2.812500000000000000e-01
4.563110000000000221e-01
3.473680000000000101e-01
-9.375000000000000000e-02
-2.258060000000000067e-01
5.192309999999999981e-01
4.565219999999999834e-01
1.016949999999999937e-01
-2.500000000000000000e-01
4.563110000000000221e-01
4.216869999999999785e-01
-2.439020000000000077e-02
-2.307690000000000019e-01
5.339810000000000390e-01
5.555560000000000498e-01
4.000000000000000083e-02
-2.500000000000000000e-01
5.384619999999999962e-01
4.942529999999999979e-01
3.333330000000000320e-02
-2.307690000000000019e-01
6.831679999999999975e-01
4.315789999999999904e-01
4.687500000000000000e-02
-2.500000000000000000e-01
5.533979999999999455e-01
3.263159999999999950e-01
4.687500000000000000e-02
