5.312500000000000000e-01
7.818180000000000129e-01
7.380949999999999456e-01
1.735540000000000138e-01
7.096770000000000023e-01
7.818180000000000129e-01
6.631580000000000252e-01
1.718750000000000000e-01
7.812500000000000000e-01
9.029129999999999656e-01
5.578950000000000298e-01
1.250000000000000000e-01
5.483869999999999578e-01
8.846150000000000402e-01
5.652169999999999694e-01
1.694920000000000038e-01
6.250000000000000000e-01
8.058250000000000135e-01
5.421690000000000120e-01
4.065040000000000320e-02
7.846149999999999514e-01
7.087379999999999791e-01
5.555560000000000498e-01
4.000000000000000083e-02
6.250000000000000000e-01
7.115380000000000038e-01
5.862070000000000336e-01
-3.333330000000000320e-02
6.307690000000000241e-01
7.623760000000000536e-01
4.315789999999999904e-01
-1.562500000000000000e-02
5.000000000000000000e-01
5.533979999999999455e-01
3.263159999999999950e-01
-7.812500000000000000e-02
