9.375000000000000000e-02
9.090910000000000657e-02
-4.761900000000000160e-02
-2.396689999999999932e-01
2.580649999999999888e-01
3.090910000000000046e-01
5.263160000000000061e-02
-2.187500000000000000e-01
2.187500000000000000e-01
3.203880000000000061e-01
5.263160000000000061e-02
-2.187500000000000000e-01
-2.580649999999999888e-01
-2.307690000000000019e-01
-7.173910000000000009e-01
-6.271189999999999820e-01
-2.812500000000000000e-01
-2.233009999999999995e-01
-5.903610000000000246e-01
-5.934960000000000235e-01
-4.615380000000000177e-02
8.737860000000000071e-02
-1.555559999999999998e-01
-3.439999999999999725e-01
-1.562500000000000000e-01
-2.500000000000000000e-01
-5.632179999999999964e-01
-5.666670000000000318e-01
-2.615379999999999927e-01
-2.277230000000000087e-01
-6.210529999999999662e-01
-5.625000000000000000e-01
-4.062500000000000000e-01
-1.650490000000000013e-01
-4.736839999999999939e-01
-5.156250000000000000e-01
