-2.812500000000000000e-01
4.363639999999999741e-01
3.809520000000000128e-01
8.264459999999999515e-03
-2.580649999999999888e-01
3.636360000000000148e-01
3.473680000000000101e-01
-4.687500000000000000e-02
-2.812500000000000000e-01
4.563110000000000221e-01
4.526319999999999788e-01
1.562500000000000000e-02
-2.258060000000000067e-01
5.192309999999999981e-01
4.565219999999999834e-01
3.389829999999999927e-02
-2.500000000000000000e-01
4.563110000000000221e-01
4.216869999999999785e-01
-2.439020000000000077e-02
-2.307690000000000019e-01
4.563110000000000221e-01
4.444440000000000057e-01
4.000000000000000083e-02
-2.500000000000000000e-01
4.615380000000000038e-01
4.942529999999999979e-01
-3.333330000000000320e-02
-2.307690000000000019e-01
5.841579999999999551e-01
3.263159999999999950e-01
4.687500000000000000e-02
-2.500000000000000000e-01
5.533979999999999455e-01
5.157890000000000530e-01
-1.562500000000000000e-02
