0.000000000000000000e+00
1.272729999999999972e-01
-9.523810000000000608e-02
-2.892560000000000131e-01
3.225809999999999789e-02
5.454549999999999677e-02
-1.578950000000000076e-01
-2.656250000000000000e-01
-2.500000000000000000e-01
-1.067960000000000020e-01
-2.421049999999999869e-01
-3.281250000000000000e-01
-9.677420000000000466e-02
0.000000000000000000e+00
-4.347829999999999750e-01
-4.915249999999999897e-01
-1.250000000000000000e-01
-6.796119999999999939e-02
-5.421690000000000120e-01
-5.284550000000000081e-01
-1.076919999999999961e-01
8.737860000000000071e-02
-1.777779999999999916e-01
-3.439999999999999725e-01
-1.562500000000000000e-01
-1.346150000000000124e-01
-5.172409999999999508e-01
-5.999999999999999778e-01
-1.384620000000000017e-01
-1.881190000000000084e-01
-4.315789999999999904e-01
-5.468750000000000000e-01
-1.562500000000000000e-01
-1.262139999999999929e-01
-4.315789999999999904e-01
-4.843750000000000000e-01
