-1.562500000000000000e-01
-5.454549999999999677e-02
-3.809520000000000128e-01
-4.710739999999999927e-01
-1.290320000000000078e-01
3.636360000000000287e-02
-1.789469999999999950e-01
-4.375000000000000000e-01
-1.562500000000000000e-01
-6.796119999999999939e-02
-3.263159999999999950e-01
-4.843750000000000000e-01
3.225809999999999789e-02
3.846150000000000263e-02
-2.826089999999999991e-01
-4.067799999999999749e-01
0.000000000000000000e+00
4.854370000000000213e-02
-2.771080000000000210e-01
-4.959350000000000147e-01
-1.076919999999999961e-01
-2.912620000000000139e-02
-2.888890000000000069e-01
-4.239999999999999880e-01
-1.250000000000000000e-01
0.000000000000000000e+00
-2.183910000000000018e-01
-5.166669999999999874e-01
-1.076919999999999961e-01
2.970300000000000024e-02
-3.052630000000000066e-01
-4.687500000000000000e-01
-1.250000000000000000e-01
9.708740000000000425e-03
-3.052630000000000066e-01
-4.062500000000000000e-01
