-5.937500000000000000e-01
-5.272729999999999917e-01
-3.809520000000000128e-01
-3.388430000000000053e-01
-6.774189999999999934e-01
-5.272729999999999917e-01
-4.105260000000000020e-01
-3.750000000000000000e-01
-5.937500000000000000e-01
-4.951459999999999750e-01
-4.947369999999999823e-01
-3.750000000000000000e-01
-5.806449999999999667e-01
-4.615380000000000038e-01
-5.434780000000000166e-01
-5.932199999999999696e-01
-4.687500000000000000e-01
-4.563110000000000221e-01
-5.662650000000000183e-01
-5.609760000000000302e-01
-5.692310000000000425e-01
-4.563110000000000221e-01
-2.888890000000000069e-01
-4.879999999999999893e-01
-5.937500000000000000e-01
-4.230769999999999809e-01
-4.022990000000000177e-01
-5.166669999999999874e-01
-5.692310000000000425e-01
-4.653470000000000106e-01
-4.736839999999999939e-01
-4.062500000000000000e-01
-5.937500000000000000e-01
-4.757279999999999842e-01
-3.894739999999999869e-01
-4.062500000000000000e-01
