0.000000000000000000e+00
-1.818180000000000143e-02
-2.857140000000000235e-01
-4.710739999999999927e-01
-9.677420000000000466e-02
-9.090910000000000657e-02
-3.263159999999999950e-01
-4.375000000000000000e-01
-2.500000000000000000e-01
-1.067960000000000020e-01
-4.105260000000000020e-01
-5.625000000000000000e-01
-9.677420000000000466e-02
0.000000000000000000e+00
-3.478260000000000240e-01
-4.915249999999999897e-01
-1.250000000000000000e-01
9.708740000000000425e-03
-3.493979999999999864e-01
-4.634150000000000214e-01
-1.076919999999999961e-01
-6.796119999999999939e-02
-2.666669999999999874e-01
-5.200000000000000178e-01
-1.562500000000000000e-01
0.000000000000000000e+00
-3.563220000000000276e-01
-4.500000000000000111e-01
-1.538460000000000001e-02
1.089109999999999939e-01
-3.473680000000000101e-01
-4.062500000000000000e-01
-1.562500000000000000e-01
-6.796119999999999939e-02
-4.315789999999999904e-01
-4.843750000000000000e-01
