-2.500000000000000000e-01
2.181819999999999871e-01
9.523810000000000608e-02
-1.735540000000000138e-01
-9.677420000000000466e-02
2.181819999999999871e-01
9.473679999999999601e-02
-2.187500000000000000e-01
-2.500000000000000000e-01
2.038830000000000087e-01
1.052630000000000059e-02
-2.187500000000000000e-01
-2.258060000000000067e-01
4.615380000000000038e-01
3.043480000000000074e-01
-6.779659999999999853e-02
-3.750000000000000000e-01
2.427179999999999893e-01
1.566269999999999885e-01
-2.357720000000000093e-01
-2.307690000000000019e-01
1.650490000000000013e-01
2.222220000000000098e-02
-1.680000000000000104e-01
-3.125000000000000000e-02
5.384619999999999962e-01
4.942529999999999979e-01
3.333330000000000320e-02
-1.384620000000000017e-01
4.257429999999999826e-01
2.421049999999999869e-01
-1.562500000000000000e-01
-1.562500000000000000e-01
2.427179999999999893e-01
-9.473679999999999601e-02
-2.187500000000000000e-01
