-5.937500000000000000e-01
-9.090910000000000657e-02
9.523810000000000608e-02
-1.074380000000000057e-01
-5.806449999999999667e-01
-1.636360000000000037e-01
9.473679999999999601e-02
1.562500000000000000e-02
-6.875000000000000000e-01
-3.203880000000000061e-01
9.473679999999999601e-02
7.812500000000000000e-02
-9.032259999999999733e-01
-8.269229999999999636e-01
1.086960000000000010e-01
4.915249999999999897e-01
-9.062500000000000000e-01
-8.640780000000000127e-01
4.939760000000000262e-01
5.934960000000000235e-01
-8.769230000000000080e-01
-9.223299999999999832e-01
5.111109999999999820e-01
6.480000000000000204e-01
-8.750000000000000000e-01
-9.615380000000000038e-01
6.091950000000000420e-01
6.500000000000000222e-01
-8.461539999999999617e-01
-8.019800000000000262e-01
4.315789999999999904e-01
6.250000000000000000e-01
-8.750000000000000000e-01
-8.058250000000000135e-01
4.315789999999999904e-01
5.625000000000000000e-01
