-8.125000000000000000e-01
-8.727270000000000305e-01
5.714289999999999647e-01
5.702479999999999771e-01
-8.064519999999999467e-01
-8.727270000000000305e-01
5.157890000000000530e-01
5.000000000000000000e-01
-8.125000000000000000e-01
-8.252429999999999488e-01
5.157890000000000530e-01
4.375000000000000000e-01
-8.709679999999999644e-01
-9.038460000000000383e-01
6.304349999999999676e-01
5.593219999999999859e-01
-7.500000000000000000e-01
-9.611650000000000471e-01
6.144579999999999487e-01
4.796750000000000180e-01
-8.461539999999999617e-01
-9.029129999999999656e-01
4.000000000000000222e-01
4.719999999999999751e-01
-8.125000000000000000e-01
-9.615380000000000038e-01
5.862070000000000336e-01
5.166669999999999874e-01
-7.846149999999999514e-01
-9.009899999999999576e-01
3.052630000000000066e-01
3.906250000000000000e-01
-8.125000000000000000e-01
-8.640780000000000127e-01
3.052630000000000066e-01
3.906250000000000000e-01
