6.250000000000000000e-01
4.727270000000000083e-01
2.857140000000000235e-01
-5.785119999999999846e-02
6.774189999999999934e-01
4.727270000000000083e-01
2.631580000000000030e-01
-4.687500000000000000e-02
4.687500000000000000e-01
5.728159999999999918e-01
2.631580000000000030e-01
-1.093750000000000000e-01
5.806449999999999667e-01
5.192309999999999981e-01
2.391300000000000092e-01
-8.474579999999999613e-02
5.312500000000000000e-01
5.339810000000000390e-01
3.975899999999999990e-01
-8.943089999999999373e-02
5.384619999999999962e-01
4.563110000000000221e-01
4.222219999999999862e-01
-2.400000000000000050e-02
5.000000000000000000e-01
6.923080000000000345e-01
4.252870000000000261e-01
-5.000000000000000278e-02
6.307690000000000241e-01
7.425739999999999563e-01
4.736839999999999939e-01
1.562500000000000000e-02
5.000000000000000000e-01
6.310679999999999623e-01
2.842109999999999914e-01
-3.125000000000000000e-02
