5.625000000000000000e-01
4.000000000000000222e-01
4.523809999999999776e-01
-2.479340000000000016e-02
6.129029999999999756e-01
4.909089999999999843e-01
3.052630000000000066e-01
-6.250000000000000000e-02
5.625000000000000000e-01
5.922330000000000094e-01
3.052630000000000066e-01
-6.250000000000000000e-02
6.774189999999999934e-01
5.576919999999999655e-01
2.391300000000000092e-01
-1.016949999999999937e-01
4.687500000000000000e-01
4.757279999999999842e-01
3.012050000000000005e-01
-8.943089999999999373e-02
4.769229999999999858e-01
4.757279999999999842e-01
4.222219999999999862e-01
-8.799999999999999489e-02
5.312500000000000000e-01
4.423079999999999790e-01
3.103449999999999820e-01
-1.166670000000000068e-01
6.615379999999999594e-01
5.643559999999999688e-01
3.473680000000000101e-01
-4.687500000000000000e-02
6.562500000000000000e-01
6.310679999999999623e-01
2.631580000000000030e-01
1.562500000000000000e-02
