3.750000000000000000e-01
2.181819999999999871e-01
0.000000000000000000e+00
-2.396689999999999932e-01
1.612899999999999889e-01
5.454549999999999677e-02
-1.578950000000000076e-01
-3.281250000000000000e-01
1.250000000000000000e-01
3.009709999999999885e-01
-7.368420000000000525e-02
-2.656250000000000000e-01
2.903229999999999977e-01
3.846149999999999847e-01
2.173910000000000078e-02
-1.864409999999999956e-01
1.250000000000000000e-01
2.427179999999999893e-01
-3.614459999999999895e-02
-3.495929999999999871e-01
1.384620000000000017e-01
2.427179999999999893e-01
2.222220000000000098e-02
-2.800000000000000266e-01
3.750000000000000000e-01
3.076920000000000210e-01
8.045979999999999799e-02
-3.166669999999999763e-01
2.307690000000000019e-01
1.881190000000000084e-01
-9.473679999999999601e-02
-2.812500000000000000e-01
-3.125000000000000000e-02
9.708740000000000425e-03
-1.789469999999999950e-01
-2.812500000000000000e-01
