-1.562500000000000000e-01
4.363639999999999741e-01
3.809520000000000128e-01
-5.785119999999999846e-02
-2.580649999999999888e-01
1.818180000000000074e-01
1.578950000000000076e-01
-2.031250000000000000e-01
-2.812500000000000000e-01
1.844659999999999911e-01
1.578950000000000076e-01
-1.562500000000000000e-01
-9.677420000000000466e-02
4.423079999999999790e-01
3.478260000000000240e-01
-1.694920000000000107e-02
-2.500000000000000000e-01
2.038830000000000087e-01
1.084340000000000026e-01
-2.682930000000000037e-01
-3.538459999999999939e-01
1.262139999999999929e-01
-2.222220000000000098e-02
-2.000000000000000111e-01
-1.250000000000000000e-01
5.384619999999999962e-01
4.942529999999999979e-01
-3.333330000000000320e-02
-2.307690000000000019e-01
4.257429999999999826e-01
1.368419999999999914e-01
-1.250000000000000000e-01
-5.000000000000000000e-01
2.427179999999999893e-01
1.368419999999999914e-01
-1.875000000000000000e-01
