-8.125000000000000000e-01
-9.090909999999999824e-01
5.714289999999999647e-01
4.710739999999999927e-01
-8.064519999999999467e-01
-9.090909999999999824e-01
5.157890000000000530e-01
5.000000000000000000e-01
-8.125000000000000000e-01
-9.611650000000000471e-01
5.157890000000000530e-01
5.625000000000000000e-01
-8.064519999999999467e-01
-9.423080000000000345e-01
4.347829999999999750e-01
6.610169999999999657e-01
-8.125000000000000000e-01
-9.029129999999999656e-01
3.975899999999999990e-01
5.121949999999999559e-01
-9.076920000000000543e-01
-8.640780000000000127e-01
5.333329999999999460e-01
6.959999999999999520e-01
-7.812500000000000000e-01
-8.076919999999999655e-01
5.172409999999999508e-01
6.500000000000000222e-01
-5.692310000000000425e-01
-6.831679999999999975e-01
3.473680000000000101e-01
4.062500000000000000e-01
-5.937500000000000000e-01
-4.368929999999999758e-01
7.368420000000000525e-02
6.250000000000000000e-02
