-1.562500000000000000e-01
-1.818180000000000143e-02
-3.809520000000000128e-01
-4.876030000000000086e-01
-1.290320000000000078e-01
3.636360000000000287e-02
-3.263159999999999950e-01
-3.906250000000000000e-01
9.375000000000000000e-02
2.427179999999999893e-01
-1.052630000000000059e-02
-2.187500000000000000e-01
-1.290320000000000078e-01
9.615379999999999761e-02
-2.173910000000000009e-01
-4.576270000000000060e-01
-1.562500000000000000e-01
-6.796119999999999939e-02
-3.734939999999999927e-01
-5.447149999999999492e-01
-4.615380000000000177e-02
1.067960000000000020e-01
-2.222220000000000029e-01
-3.599999999999999867e-01
0.000000000000000000e+00
3.846150000000000263e-02
-2.413790000000000102e-01
-4.833330000000000126e-01
-1.076919999999999961e-01
-9.900990000000000138e-03
-3.263159999999999950e-01
-4.375000000000000000e-01
-2.500000000000000000e-01
-1.067960000000000020e-01
-4.105260000000000020e-01
-5.625000000000000000e-01
