1.875000000000000000e-01
1.818180000000000143e-02
-4.761900000000000160e-02
-3.223139999999999894e-01
-2.580649999999999888e-01
-4.727270000000000083e-01
2.210529999999999995e-01
1.562500000000000000e-01
-8.125000000000000000e-01
-8.640780000000000127e-01
6.210529999999999662e-01
7.968750000000000000e-01
2.580649999999999888e-01
3.076920000000000210e-01
-1.304349999999999954e-01
-2.881360000000000032e-01
-3.125000000000000000e-02
-2.912620000000000139e-02
-1.084340000000000026e-01
-2.682930000000000037e-01
-4.769229999999999858e-01
-7.087379999999999791e-01
4.222219999999999862e-01
4.560000000000000164e-01
1.875000000000000000e-01
1.730770000000000086e-01
1.149430000000000070e-02
-2.333330000000000126e-01
2.000000000000000111e-01
2.079209999999999947e-01
-9.473679999999999601e-02
-2.656250000000000000e-01
-2.812500000000000000e-01
-3.009709999999999885e-01
7.368420000000000525e-02
-4.687500000000000000e-02
