4.687500000000000000e-01
3.818179999999999907e-01
3.809520000000000128e-01
-1.239669999999999939e-01
5.161289999999999489e-01
4.727270000000000083e-01
4.526319999999999788e-01
-4.687500000000000000e-02
6.250000000000000000e-01
6.504849999999999799e-01
4.526319999999999788e-01
-4.687500000000000000e-02
5.806449999999999667e-01
6.153849999999999598e-01
2.391300000000000092e-01
-8.474579999999999613e-02
6.562500000000000000e-01
5.339810000000000390e-01
3.975899999999999990e-01
-1.382110000000000005e-01
6.615379999999999594e-01
5.339810000000000390e-01
4.222219999999999862e-01
-2.400000000000000050e-02
5.000000000000000000e-01
4.423079999999999790e-01
2.183910000000000018e-01
-1.166670000000000068e-01
5.076920000000000321e-01
4.851489999999999969e-01
2.842109999999999914e-01
-1.562500000000000000e-01
5.000000000000000000e-01
6.310679999999999623e-01
2.842109999999999914e-01
-3.125000000000000000e-02
