-6.875000000000000000e-01
-6.545450000000000434e-01
-8.333329999999999904e-01
-8.181819999999999649e-01
-6.774189999999999934e-01
-5.999999999999999778e-01
-6.421050000000000368e-01
-6.562500000000000000e-01
-6.875000000000000000e-01
-4.951459999999999750e-01
-4.947369999999999823e-01
-5.468750000000000000e-01
-5.806449999999999667e-01
-5.769229999999999636e-01
-6.086960000000000148e-01
-7.796610000000000484e-01
-5.937500000000000000e-01
-5.145629999999999926e-01
-6.385539999999999550e-01
-6.260160000000000169e-01
-5.692310000000000425e-01
-4.563110000000000221e-01
-3.777780000000000027e-01
-3.760000000000000009e-01
-5.937500000000000000e-01
-5.384619999999999962e-01
-6.781610000000000138e-01
-6.999999999999999556e-01
-5.692310000000000425e-01
-4.653470000000000106e-01
-4.736839999999999939e-01
-5.312500000000000000e-01
-5.000000000000000000e-01
-4.174760000000000137e-01
-3.894739999999999869e-01
-4.687500000000000000e-01
