2.187500000000000000e-01
2.363639999999999908e-01
-4.761900000000000160e-02
-2.396689999999999932e-01
2.580649999999999888e-01
3.090910000000000046e-01
-3.157890000000000003e-02
-2.187500000000000000e-01
3.750000000000000000e-01
3.980580000000000229e-01
-3.157890000000000003e-02
-2.187500000000000000e-01
3.548390000000000155e-01
2.307690000000000019e-01
1.086960000000000010e-01
-1.864409999999999956e-01
3.125000000000000000e-01
3.398059999999999969e-01
1.566269999999999885e-01
-2.357720000000000093e-01
3.230770000000000031e-01
4.174760000000000137e-01
1.111110000000000014e-01
-2.159999999999999976e-01
2.187500000000000000e-01
3.846149999999999847e-01
1.954019999999999924e-01
-1.833329999999999960e-01
3.538459999999999939e-01
5.049500000000000099e-01
1.578950000000000076e-01
-1.562500000000000000e-01
3.437500000000000000e-01
4.757279999999999842e-01
1.578950000000000076e-01
-1.562500000000000000e-01
