-2.812500000000000000e-01
-1.272729999999999972e-01
-5.238099999999999978e-01
-5.702479999999999771e-01
-1.612899999999999889e-01
-1.272729999999999972e-01
-4.526319999999999788e-01
-4.687500000000000000e-01
-6.250000000000000000e-02
9.708740000000000425e-03
-3.684209999999999985e-01
-4.687500000000000000e-01
2.580649999999999888e-01
3.076920000000000210e-01
4.347829999999999750e-02
-2.203390000000000071e-01
3.437500000000000000e-01
3.980580000000000229e-01
8.433730000000000393e-02
-2.032519999999999882e-01
4.769229999999999858e-01
3.980580000000000229e-01
2.222220000000000029e-01
-1.360000000000000098e-01
5.312500000000000000e-01
5.192309999999999981e-01
3.103449999999999820e-01
-1.166670000000000068e-01
5.384619999999999962e-01
5.643559999999999688e-01
2.631580000000000030e-01
-9.375000000000000000e-02
4.062500000000000000e-01
5.339810000000000390e-01
2.631580000000000030e-01
-9.375000000000000000e-02
