3.750000000000000000e-01
2.363639999999999908e-01
4.761900000000000160e-02
-1.735540000000000138e-01
2.580649999999999888e-01
9.090910000000000657e-02
-3.157890000000000003e-02
-2.812500000000000000e-01
9.375000000000000000e-02
9.708740000000000425e-03
-1.789469999999999950e-01
-4.062500000000000000e-01
9.677420000000000466e-02
2.307690000000000019e-01
-6.521739999999999482e-02
-2.372879999999999989e-01
6.250000000000000000e-02
1.650490000000000013e-01
-1.325300000000000089e-01
-3.495929999999999871e-01
7.692309999999999426e-02
9.708740000000000425e-03
-2.444439999999999946e-01
-4.079999999999999738e-01
-3.125000000000000000e-02
-3.846150000000000263e-02
-3.333329999999999904e-01
-4.333330000000000237e-01
-1.384620000000000017e-01
-9.900990000000000138e-03
-2.421049999999999869e-01
-3.906250000000000000e-01
-1.562500000000000000e-01
-2.912620000000000139e-02
-4.736839999999999939e-01
-4.531250000000000000e-01
