-2.812500000000000000e-01
9.090910000000000657e-02
-4.761900000000000160e-02
-3.223139999999999894e-01
-2.580649999999999888e-01
1.636360000000000037e-01
5.263160000000000061e-02
-2.343750000000000000e-01
-1.875000000000000000e-01
4.951459999999999750e-01
2.210529999999999995e-01
-6.250000000000000000e-02
-1.290320000000000078e-01
3.846149999999999847e-01
4.347829999999999750e-02
-1.525420000000000109e-01
9.375000000000000000e-02
3.980580000000000229e-01
8.433730000000000393e-02
-2.682930000000000037e-01
-1.384620000000000017e-01
3.980580000000000229e-01
3.333329999999999904e-01
-8.799999999999999489e-02
-1.562500000000000000e-01
5.192309999999999981e-01
4.022990000000000177e-01
-6.666669999999999541e-02
-2.615379999999999927e-01
2.871290000000000231e-01
1.578950000000000076e-01
-2.031250000000000000e-01
-2.812500000000000000e-01
1.844659999999999911e-01
1.578950000000000076e-01
-1.562500000000000000e-01
