4.375000000000000000e-01
3.272729999999999806e-01
2.380950000000000011e-01
-1.404960000000000098e-01
4.838709999999999956e-01
4.000000000000000222e-01
2.210529999999999995e-01
-6.250000000000000000e-02
4.375000000000000000e-01
5.922330000000000094e-01
3.052630000000000066e-01
-6.250000000000000000e-02
5.161289999999999489e-01
4.615380000000000038e-01
1.304349999999999954e-01
-1.525420000000000109e-01
3.437500000000000000e-01
4.757279999999999842e-01
3.975899999999999990e-01
-1.544719999999999982e-01
4.769229999999999858e-01
6.504849999999999799e-01
5.333329999999999460e-01
-2.400000000000000050e-02
4.062500000000000000e-01
5.192309999999999981e-01
4.022990000000000177e-01
-1.166670000000000068e-01
4.153850000000000042e-01
6.633660000000000112e-01
3.473680000000000101e-01
-4.687500000000000000e-02
5.312500000000000000e-01
6.310679999999999623e-01
3.473680000000000101e-01
-1.562500000000000000e-01
