-3.125000000000000000e-02
3.818179999999999907e-01
2.619049999999999989e-01
-1.074380000000000057e-01
0.000000000000000000e+00
5.272729999999999917e-01
3.263159999999999950e-01
4.687500000000000000e-02
-3.125000000000000000e-02
6.310679999999999623e-01
5.368420000000000414e-01
1.093750000000000000e-01
-2.580649999999999888e-01
2.307690000000000019e-01
2.173910000000000078e-02
-2.372879999999999989e-01
-1.875000000000000000e-01
4.951459999999999750e-01
2.530120000000000147e-01
-1.056909999999999933e-01
-4.615380000000000177e-02
6.699030000000000262e-01
5.999999999999999778e-01
7.199999999999999456e-02
9.375000000000000000e-02
3.846149999999999847e-01
1.034479999999999983e-01
-2.500000000000000000e-01
-1.384620000000000017e-01
4.257429999999999826e-01
2.631580000000000030e-01
-1.093750000000000000e-01
-3.125000000000000000e-02
6.504849999999999799e-01
4.526319999999999788e-01
7.812500000000000000e-02
