-1.562500000000000000e-01
3.090910000000000046e-01
7.142859999999999487e-02
-1.735540000000000138e-01
1.290320000000000078e-01
3.090910000000000046e-01
7.368420000000000525e-02
-2.187500000000000000e-01
-1.562500000000000000e-01
3.980580000000000229e-01
2.631580000000000030e-01
-1.093750000000000000e-01
-1.290320000000000078e-01
5.192309999999999981e-01
3.260870000000000157e-01
-3.389829999999999927e-02
-2.812500000000000000e-01
2.621359999999999801e-01
1.807229999999999948e-01
-2.520330000000000070e-01
-2.615379999999999927e-01
1.844659999999999911e-01
2.222220000000000029e-01
-1.360000000000000098e-01
-1.250000000000000000e-01
4.423079999999999790e-01
4.252870000000000261e-01
-5.000000000000000278e-02
-2.307690000000000019e-01
2.277230000000000087e-01
9.473679999999999601e-02
-2.187500000000000000e-01
-3.750000000000000000e-01
1.262139999999999929e-01
-7.368420000000000525e-02
-2.187500000000000000e-01
