3.750000000000000000e-01
3.090910000000000046e-01
2.380950000000000011e-01
-2.479340000000000016e-02
4.193549999999999778e-01
4.545449999999999768e-01
3.263159999999999950e-01
4.687500000000000000e-02
3.750000000000000000e-01
5.533979999999999455e-01
5.157890000000000530e-01
4.687500000000000000e-02
5.483869999999999578e-01
4.615380000000000038e-01
3.043480000000000074e-01
6.779659999999999853e-02
5.000000000000000000e-01
4.757279999999999842e-01
4.939760000000000262e-01
7.317070000000000518e-02
2.307690000000000019e-01
5.533979999999999455e-01
6.222220000000000528e-01
1.360000000000000098e-01
5.625000000000000000e-01
4.807690000000000019e-01
3.563220000000000276e-01
-8.333329999999999904e-02
7.230769999999999698e-01
6.237620000000000386e-01
4.105260000000000020e-01
4.687500000000000000e-02
4.375000000000000000e-01
4.951459999999999750e-01
4.105260000000000020e-01
1.093750000000000000e-01
