-1.250000000000000000e-01
-1.272729999999999972e-01
-5.476189999999999669e-01
-6.198350000000000248e-01
0.000000000000000000e+00
-1.272729999999999972e-01
-4.736839999999999939e-01
-5.781250000000000000e-01
-1.250000000000000000e-01
-6.796119999999999939e-02
-4.736839999999999939e-01
-5.312500000000000000e-01
-1.290320000000000078e-01
-7.692309999999999426e-02
-4.782609999999999917e-01
-5.762709999999999777e-01
-1.562500000000000000e-01
-1.262139999999999929e-01
-4.939760000000000262e-01
-6.097559999999999647e-01
-1.384620000000000017e-01
-1.262139999999999929e-01
-3.111110000000000264e-01
-5.360000000000000320e-01
-6.250000000000000000e-02
0.000000000000000000e+00
-3.793099999999999805e-01
-5.166669999999999874e-01
-1.692309999999999925e-01
-4.950500000000000039e-02
-3.684209999999999985e-01
-4.687500000000000000e-01
-6.250000000000000000e-02
9.708740000000000425e-03
-3.684209999999999985e-01
-5.312500000000000000e-01
