5.000000000000000000e-01
5.272729999999999917e-01
4.047620000000000107e-01
-4.132229999999999931e-02
5.483869999999999578e-01
4.363639999999999741e-01
2.842109999999999914e-01
-9.375000000000000000e-02
5.000000000000000000e-01
4.563110000000000221e-01
1.789469999999999950e-01
-1.562500000000000000e-01
4.193549999999999778e-01
3.846149999999999847e-01
1.086960000000000010e-01
-2.372879999999999989e-01
3.750000000000000000e-01
3.203880000000000061e-01
1.566269999999999885e-01
-2.845530000000000004e-01
3.846149999999999847e-01
3.203880000000000061e-01
2.000000000000000111e-01
-1.680000000000000104e-01
2.187500000000000000e-01
3.076920000000000210e-01
-1.149430000000000070e-02
-3.166669999999999763e-01
3.846149999999999847e-01
3.465349999999999819e-01
5.263160000000000061e-02
-2.187500000000000000e-01
3.750000000000000000e-01
3.980580000000000229e-01
1.368419999999999914e-01
-2.187500000000000000e-01
