-1.562500000000000000e-01
3.818179999999999907e-01
2.619049999999999989e-01
-2.479340000000000016e-02
-2.580649999999999888e-01
2.363639999999999908e-01
2.421049999999999869e-01
-9.375000000000000000e-02
-4.062500000000000000e-01
3.203880000000000061e-01
3.263159999999999950e-01
-1.562500000000000000e-02
-2.580649999999999888e-01
1.538460000000000105e-01
1.956519999999999926e-01
-5.084749999999999687e-02
-2.812500000000000000e-01
2.427179999999999893e-01
3.493979999999999864e-01
-1.056909999999999933e-01
-2.615379999999999927e-01
3.398059999999999969e-01
3.777780000000000027e-01
-4.000000000000000083e-02
-1.562500000000000000e-01
4.615380000000000038e-01
4.022990000000000177e-01
0.000000000000000000e+00
-2.615379999999999927e-01
4.257429999999999826e-01
3.473680000000000101e-01
-4.687500000000000000e-02
-2.812500000000000000e-01
4.757279999999999842e-01
3.473680000000000101e-01
1.562500000000000000e-02
