-4.062500000000000000e-01
-5.272729999999999917e-01
-8.571429999999999882e-01
-8.181819999999999649e-01
-3.870970000000000244e-01
-4.727270000000000083e-01
-6.631580000000000252e-01
-7.656250000000000000e-01
-5.000000000000000000e-01
-4.368929999999999758e-01
-5.157890000000000530e-01
-6.406250000000000000e-01
-4.838709999999999956e-01
-5.384619999999999962e-01
-8.043479999999999519e-01
-7.966100000000000403e-01
-5.000000000000000000e-01
-4.757279999999999842e-01
-7.831329999999999680e-01
-8.211380000000000345e-01
-4.769229999999999858e-01
-5.339810000000000390e-01
-6.666670000000000096e-01
-6.800000000000000488e-01
-5.937500000000000000e-01
-5.000000000000000000e-01
-6.781610000000000138e-01
-7.666669999999999874e-01
-4.461539999999999950e-01
-4.257429999999999826e-01
-7.263159999999999616e-01
-6.562500000000000000e-01
-5.937500000000000000e-01
-4.368929999999999758e-01
-6.421050000000000368e-01
-7.031250000000000000e-01
