-1.562500000000000000e-01
-5.454549999999999677e-02
-3.809520000000000128e-01
-4.710739999999999927e-01
-3.225809999999999789e-02
-5.454549999999999677e-02
-3.263159999999999950e-01
-4.843750000000000000e-01
-1.562500000000000000e-01
-6.796119999999999939e-02
-4.947369999999999823e-01
-4.843750000000000000e-01
3.225809999999999789e-02
3.846150000000000263e-02
-3.695649999999999769e-01
-4.067799999999999749e-01
0.000000000000000000e+00
4.854370000000000213e-02
-2.771080000000000210e-01
-4.471539999999999959e-01
1.538460000000000001e-02
-2.912620000000000139e-02
-3.777780000000000027e-01
-4.879999999999999893e-01
1.250000000000000000e-01
7.692309999999999426e-02
-2.183910000000000018e-01
-4.500000000000000111e-01
-1.538460000000000001e-02
2.970300000000000024e-02
-3.052630000000000066e-01
-4.062500000000000000e-01
-3.125000000000000000e-02
9.708740000000000425e-03
-3.894739999999999869e-01
-4.062500000000000000e-01
