-6.250000000000000000e-01
1.818180000000000143e-02
4.761900000000000160e-02
-2.066119999999999901e-01
-3.870970000000000244e-01
9.090910000000000657e-02
2.210529999999999995e-01
-1.250000000000000000e-01
-2.812500000000000000e-01
3.398059999999999969e-01
3.052630000000000066e-01
-1.562500000000000000e-02
-4.838709999999999956e-01
9.615379999999999761e-02
-4.347829999999999750e-02
-2.203390000000000071e-01
-4.062500000000000000e-01
1.844659999999999911e-01
8.433730000000000393e-02
-1.544719999999999982e-01
-3.846149999999999847e-01
2.427179999999999893e-01
2.222220000000000029e-01
-8.799999999999999489e-02
-4.687500000000000000e-01
1.730770000000000086e-01
1.954019999999999924e-01
-1.833329999999999960e-01
-3.538459999999999939e-01
2.871290000000000231e-01
1.578950000000000076e-01
-9.375000000000000000e-02
-3.750000000000000000e-01
1.844659999999999911e-01
1.578950000000000076e-01
-9.375000000000000000e-02
