-7.812500000000000000e-01
-9.272730000000000139e-01
7.857140000000000235e-01
7.520660000000000123e-01
-7.741940000000000488e-01
-9.272730000000000139e-01
7.052629999999999733e-01
7.187500000000000000e-01
-7.812500000000000000e-01
-8.640780000000000127e-01
7.052629999999999733e-01
7.187500000000000000e-01
-8.064519999999999467e-01
-9.230770000000000364e-01
7.391299999999999537e-01
7.966100000000000403e-01
-8.125000000000000000e-01
-9.223299999999999832e-01
8.554220000000000157e-01
7.073169999999999735e-01
-7.846149999999999514e-01
-9.223299999999999832e-01
8.444439999999999724e-01
8.239999999999999547e-01
-8.750000000000000000e-01
-9.038460000000000383e-01
7.241379999999999484e-01
7.833329999999999460e-01
-8.461539999999999617e-01
-9.009899999999999576e-01
6.421050000000000368e-01
6.875000000000000000e-01
-8.750000000000000000e-01
-9.029129999999999656e-01
6.421050000000000368e-01
6.250000000000000000e-01
