1.875000000000000000e-01
3.636360000000000287e-02
-3.095240000000000213e-01
-4.710739999999999927e-01
-3.225809999999999789e-02
-5.454549999999999677e-02
-3.263159999999999950e-01
-4.375000000000000000e-01
-6.250000000000000000e-02
-1.456310000000000104e-01
-4.947369999999999823e-01
-5.468750000000000000e-01
3.225809999999999789e-02
3.846150000000000263e-02
-4.565219999999999834e-01
-4.576270000000000060e-01
0.000000000000000000e+00
4.854370000000000213e-02
-1.807229999999999948e-01
-4.959350000000000147e-01
1.538460000000000001e-02
4.854370000000000213e-02
-2.222220000000000098e-02
-4.239999999999999880e-01
-3.125000000000000000e-02
0.000000000000000000e+00
-2.183910000000000018e-01
-4.000000000000000222e-01
-1.538460000000000001e-02
1.089109999999999939e-01
-2.210529999999999995e-01
-3.593750000000000000e-01
-3.125000000000000000e-02
9.708740000000000425e-03
-3.052630000000000066e-01
-4.062500000000000000e-01
