3.750000000000000000e-01
4.545449999999999768e-01
3.571429999999999882e-01
-1.404960000000000098e-01
5.483869999999999578e-01
3.818179999999999907e-01
2.210529999999999995e-01
-1.250000000000000000e-01
3.750000000000000000e-01
3.980580000000000229e-01
1.368419999999999914e-01
-2.343750000000000000e-01
4.193549999999999778e-01
5.384619999999999962e-01
3.043480000000000074e-01
-8.474579999999999613e-02
5.000000000000000000e-01
5.533979999999999455e-01
2.771080000000000210e-01
-1.382110000000000005e-01
3.846149999999999847e-01
3.980580000000000229e-01
1.111110000000000014e-01
-2.000000000000000111e-01
5.625000000000000000e-01
5.769229999999999636e-01
3.563220000000000276e-01
-8.333329999999999904e-02
3.230770000000000031e-01
4.455450000000000244e-01
5.263160000000000061e-02
-1.875000000000000000e-01
1.875000000000000000e-01
2.427179999999999893e-01
-3.157890000000000003e-02
-3.593750000000000000e-01
