-3.125000000000000000e-02
1.818180000000000143e-02
-4.761900000000000160e-02
-1.404960000000000098e-01
-2.258060000000000067e-01
-5.454549999999999677e-02
-3.157890000000000003e-02
-1.875000000000000000e-01
-3.750000000000000000e-01
8.737860000000000071e-02
5.263160000000000061e-02
-1.875000000000000000e-01
0.000000000000000000e+00
0.000000000000000000e+00
-6.521739999999999482e-02
-2.203390000000000071e-01
-2.812500000000000000e-01
-6.796119999999999939e-02
-3.614459999999999895e-02
-2.032519999999999882e-01
-1.384620000000000017e-01
8.737860000000000071e-02
2.000000000000000111e-01
-7.199999999999999456e-02
3.125000000000000000e-01
2.307690000000000019e-01
8.045979999999999799e-02
-8.333329999999999904e-02
-1.692309999999999925e-01
-1.287129999999999941e-01
-2.842109999999999914e-01
-2.343750000000000000e-01
-2.812500000000000000e-01
9.708740000000000425e-03
-3.157890000000000003e-02
-1.250000000000000000e-01
