-5.312500000000000000e-01
-6.181820000000000093e-01
-6.666670000000000096e-01
-6.528929999999999456e-01
-5.161289999999999489e-01
-5.636360000000000259e-01
-4.315789999999999904e-01
-4.062500000000000000e-01
-5.312500000000000000e-01
-5.339810000000000390e-01
-2.631580000000000030e-01
-2.812500000000000000e-01
-4.838709999999999956e-01
-5.769229999999999636e-01
-6.521740000000000315e-01
-5.593219999999999859e-01
-6.250000000000000000e-01
-5.728159999999999918e-01
-5.180719999999999770e-01
-5.934960000000000235e-01
-4.769229999999999858e-01
-4.951459999999999750e-01
-2.444439999999999946e-01
-4.560000000000000164e-01
-6.250000000000000000e-01
-5.384619999999999962e-01
-4.022990000000000177e-01
-4.333330000000000237e-01
-4.769229999999999858e-01
-5.841579999999999551e-01
-5.368420000000000414e-01
-5.156250000000000000e-01
-5.000000000000000000e-01
-5.922330000000000094e-01
-3.894739999999999869e-01
-4.531250000000000000e-01
