-8.750000000000000000e-01
-9.636360000000000481e-01
8.571429999999999882e-01
7.851240000000000441e-01
-8.709679999999999644e-01
-9.090909999999999824e-01
7.684210000000000207e-01
6.875000000000000000e-01
-7.500000000000000000e-01
-8.640780000000000127e-01
6.421050000000000368e-01
5.625000000000000000e-01
-8.064519999999999467e-01
-9.615380000000000038e-01
8.478259999999999685e-01
9.322030000000000038e-01
-8.125000000000000000e-01
-9.611650000000000471e-01
8.554220000000000157e-01
7.235770000000000257e-01
-7.846149999999999514e-01
-9.029129999999999656e-01
7.111110000000000486e-01
6.640000000000000346e-01
-9.375000000000000000e-01
-9.423080000000000345e-01
7.701149999999999940e-01
8.000000000000000444e-01
-7.846149999999999514e-01
-9.405940000000000412e-01
5.578950000000000298e-01
6.562500000000000000e-01
-8.125000000000000000e-01
-9.029129999999999656e-01
5.578950000000000298e-01
5.937500000000000000e-01
