2.500000000000000000e-01
3.818179999999999907e-01
3.571429999999999882e-01
-9.090910000000000657e-02
2.903229999999999977e-01
3.818179999999999907e-01
3.263159999999999950e-01
-7.812500000000000000e-02
3.750000000000000000e-01
4.757279999999999842e-01
3.263159999999999950e-01
-7.812500000000000000e-02
5.483869999999999578e-01
5.384619999999999962e-01
3.043480000000000074e-01
0.000000000000000000e+00
5.000000000000000000e-01
5.533979999999999455e-01
3.734939999999999927e-01
-5.691059999999999869e-02
5.076920000000000321e-01
5.533979999999999455e-01
4.000000000000000222e-01
8.000000000000000167e-03
4.375000000000000000e-01
6.538460000000000383e-01
7.011490000000000222e-01
3.333330000000000320e-02
5.692310000000000425e-01
7.029699999999999838e-01
6.210529999999999662e-01
4.687500000000000000e-02
5.625000000000000000e-01
5.922330000000000094e-01
4.105260000000000020e-01
4.687500000000000000e-02
