4.687500000000000000e-01
3.090910000000000046e-01
1.666670000000000096e-01
-1.735540000000000138e-01
5.161289999999999489e-01
3.818179999999999907e-01
1.578950000000000076e-01
-1.093750000000000000e-01
6.250000000000000000e-01
5.728159999999999918e-01
2.631580000000000030e-01
-4.687500000000000000e-02
5.806449999999999667e-01
6.153849999999999598e-01
3.260870000000000157e-01
-8.474579999999999613e-02
5.312500000000000000e-01
6.310679999999999623e-01
3.012050000000000005e-01
-1.382110000000000005e-01
5.384619999999999962e-01
5.339810000000000390e-01
3.333329999999999904e-01
-7.199999999999999456e-02
6.250000000000000000e-01
6.153849999999999598e-01
4.252870000000000261e-01
-5.000000000000000278e-02
5.076920000000000321e-01
5.643559999999999688e-01
3.684209999999999985e-01
-3.125000000000000000e-02
5.000000000000000000e-01
7.087379999999999791e-01
3.684209999999999985e-01
-3.125000000000000000e-02
