6.562500000000000000e-01
5.272729999999999917e-01
3.809520000000000128e-01
8.264459999999999515e-03
5.806449999999999667e-01
3.636360000000000148e-01
2.631580000000000030e-01
-9.375000000000000000e-02
4.062500000000000000e-01
3.592230000000000145e-01
2.631580000000000030e-01
-1.562500000000000000e-01
4.193549999999999778e-01
4.423079999999999790e-01
6.521739999999999482e-02
-2.203390000000000071e-01
2.500000000000000000e-01
3.009709999999999885e-01
-8.433730000000000393e-02
-3.170729999999999937e-01
2.615379999999999927e-01
3.009709999999999885e-01
6.666669999999999541e-02
-2.000000000000000111e-01
3.750000000000000000e-01
3.076920000000000210e-01
-1.149430000000000070e-02
-3.333329999999999904e-01
2.615379999999999927e-01
3.465349999999999819e-01
-3.157890000000000003e-02
-2.968750000000000000e-01
3.750000000000000000e-01
3.203880000000000061e-01
5.263160000000000061e-02
-1.875000000000000000e-01
