-5.000000000000000000e-01
-1.818180000000000143e-02
-2.380950000000000080e-02
-2.396689999999999932e-01
-6.129029999999999756e-01
-1.636360000000000037e-01
-9.473679999999999601e-02
-2.187500000000000000e-01
-6.250000000000000000e-01
-2.427179999999999893e-01
-2.421049999999999869e-01
-3.281250000000000000e-01
-4.516129999999999867e-01
9.615379999999999761e-02
-1.304349999999999954e-01
-2.711859999999999826e-01
-4.687500000000000000e-01
-6.796119999999999939e-02
-3.734939999999999927e-01
-3.658540000000000125e-01
-5.692310000000000425e-01
-1.456310000000000104e-01
-3.777780000000000027e-01
-2.959999999999999853e-01
-3.750000000000000000e-01
2.884619999999999962e-01
2.183910000000000018e-01
-1.166670000000000068e-01
-3.538459999999999939e-01
6.930690000000000461e-02
-7.368420000000000525e-02
-2.656250000000000000e-01
-4.687500000000000000e-01
-1.067960000000000020e-01
-1.578950000000000076e-01
-2.656250000000000000e-01
