-3.125000000000000000e-02
4.545449999999999768e-01
4.761900000000000022e-01
4.132229999999999931e-02
-1.290320000000000078e-01
4.545449999999999768e-01
4.315789999999999904e-01
4.687500000000000000e-02
2.187500000000000000e-01
6.310679999999999623e-01
4.315789999999999904e-01
4.687500000000000000e-02
-2.580649999999999888e-01
3.269230000000000191e-01
2.826089999999999991e-01
0.000000000000000000e+00
-1.875000000000000000e-01
4.174760000000000137e-01
3.493979999999999864e-01
-5.691059999999999869e-02
-1.692309999999999925e-01
3.398059999999999969e-01
3.777780000000000027e-01
8.000000000000000167e-03
-4.062500000000000000e-01
2.307690000000000019e-01
1.954019999999999924e-01
-1.333330000000000071e-01
-3.846149999999999847e-01
3.465349999999999819e-01
1.578950000000000076e-01
-4.687500000000000000e-02
-2.812500000000000000e-01
3.203880000000000061e-01
7.368420000000000525e-02
-1.093750000000000000e-01
