-1.562500000000000000e-01
-1.272729999999999972e-01
-5.714289999999999647e-01
-5.206610000000000404e-01
0.000000000000000000e+00
-5.454549999999999677e-02
-2.631580000000000030e-01
-4.062500000000000000e-01
-3.125000000000000000e-02
1.650490000000000013e-01
-3.157890000000000003e-02
-2.812500000000000000e-01
-2.580649999999999888e-01
-1.538460000000000105e-01
-5.652169999999999694e-01
-5.593219999999999859e-01
-2.812500000000000000e-01
-2.233009999999999995e-01
-5.903610000000000246e-01
-5.934960000000000235e-01
-1.692309999999999925e-01
-6.796119999999999939e-02
-3.333329999999999904e-01
-4.560000000000000164e-01
-2.812500000000000000e-01
-2.500000000000000000e-01
-4.022990000000000177e-01
-5.000000000000000000e-01
-2.615379999999999927e-01
-2.277230000000000087e-01
-5.368420000000000414e-01
-5.156250000000000000e-01
-2.812500000000000000e-01
-1.650490000000000013e-01
-4.736839999999999939e-01
-4.531250000000000000e-01
