-2.812500000000000000e-01
3.636360000000000148e-01
3.809520000000000128e-01
-5.785119999999999846e-02
-2.580649999999999888e-01
1.818180000000000074e-01
1.578950000000000076e-01
-2.031250000000000000e-01
-1.562500000000000000e-01
2.621359999999999801e-01
-1.052630000000000059e-02
-2.031250000000000000e-01
-9.677420000000000466e-02
4.423079999999999790e-01
2.608699999999999908e-01
-8.474579999999999613e-02
-1.250000000000000000e-01
2.038830000000000087e-01
1.204820000000000023e-02
-2.032519999999999882e-01
-1.076919999999999961e-01
3.009709999999999885e-01
1.555559999999999998e-01
-1.360000000000000098e-01
-1.250000000000000000e-01
6.346150000000000402e-01
5.862070000000000336e-01
-3.333330000000000320e-02
-1.538460000000000001e-02
5.049500000000000099e-01
3.263159999999999950e-01
-7.812500000000000000e-02
-1.250000000000000000e-01
3.980580000000000229e-01
2.210529999999999995e-01
-7.812500000000000000e-02
