-3.750000000000000000e-01
-2.909089999999999732e-01
-7.380949999999999456e-01
-6.033060000000000089e-01
-2.258060000000000067e-01
-2.363639999999999908e-01
-5.578950000000000298e-01
-5.625000000000000000e-01
-2.500000000000000000e-01
-2.427179999999999893e-01
-6.421050000000000368e-01
-6.093750000000000000e-01
-4.838709999999999956e-01
-4.230769999999999809e-01
-9.347830000000000306e-01
-7.966100000000000403e-01
-3.750000000000000000e-01
-4.174760000000000137e-01
-7.349400000000000377e-01
-7.560980000000000478e-01
-3.538459999999999939e-01
-4.174760000000000137e-01
-6.222220000000000528e-01
-6.800000000000000488e-01
-5.312500000000000000e-01
-4.807690000000000019e-01
-7.701149999999999940e-01
-8.000000000000000444e-01
-3.846149999999999847e-01
-5.247519999999999962e-01
-6.421050000000000368e-01
-7.343750000000000000e-01
-4.062500000000000000e-01
-5.339810000000000390e-01
-6.421050000000000368e-01
-6.718750000000000000e-01
