3.750000000000000000e-01
3.818179999999999907e-01
1.428570000000000118e-01
-2.066119999999999901e-01
4.193549999999999778e-01
3.818179999999999907e-01
1.368419999999999914e-01
-1.875000000000000000e-01
5.000000000000000000e-01
4.757279999999999842e-01
1.368419999999999914e-01
-1.875000000000000000e-01
5.483869999999999578e-01
4.615380000000000038e-01
1.086960000000000010e-01
-2.203390000000000071e-01
2.187500000000000000e-01
3.203880000000000061e-01
6.024100000000000288e-02
-2.682930000000000037e-01
2.307690000000000019e-01
4.757279999999999842e-01
1.111110000000000014e-01
-2.000000000000000111e-01
4.375000000000000000e-01
4.807690000000000019e-01
2.643679999999999919e-01
-8.333329999999999904e-02
4.461539999999999950e-01
5.247519999999999962e-01
1.368419999999999914e-01
-1.250000000000000000e-01
3.125000000000000000e-01
3.398059999999999969e-01
-3.157890000000000003e-02
-1.875000000000000000e-01
