-1.875000000000000000e-01
-1.272729999999999972e-01
-3.333329999999999904e-01
-5.041320000000000245e-01
-1.612899999999999889e-01
-5.454549999999999677e-02
-3.684209999999999985e-01
-5.312500000000000000e-01
-1.875000000000000000e-01
-6.796119999999999939e-02
-3.684209999999999985e-01
-5.312500000000000000e-01
-2.580649999999999888e-01
-1.153850000000000015e-01
-3.695649999999999769e-01
-5.932199999999999696e-01
-2.812500000000000000e-01
-2.912620000000000139e-02
-4.457829999999999848e-01
-5.772359999999999713e-01
-1.384620000000000017e-01
-1.067960000000000020e-01
-4.444440000000000057e-01
-5.040000000000000036e-01
-1.562500000000000000e-01
-7.692309999999999426e-02
-4.252870000000000261e-01
-5.999999999999999778e-01
-1.384620000000000017e-01
-1.287129999999999941e-01
-4.105260000000000020e-01
-5.468750000000000000e-01
-1.562500000000000000e-01
-1.456310000000000104e-01
-3.263159999999999950e-01
-4.843750000000000000e-01
