-3.125000000000000000e-02
-1.818180000000000143e-02
-4.523809999999999776e-01
-4.214879999999999738e-01
0.000000000000000000e+00
-1.636360000000000037e-01
-3.263159999999999950e-01
-5.156250000000000000e-01
-1.562500000000000000e-01
-1.067960000000000020e-01
-5.368420000000000414e-01
-5.625000000000000000e-01
-3.225809999999999789e-02
9.615379999999999761e-02
-3.695649999999999769e-01
-5.084750000000000103e-01
-6.250000000000000000e-02
-6.796119999999999939e-02
-4.698800000000000199e-01
-4.959350000000000147e-01
-1.384620000000000017e-01
9.708740000000000425e-03
-3.777780000000000027e-01
-5.360000000000000320e-01
-1.250000000000000000e-01
-1.153850000000000015e-01
-5.172409999999999508e-01
-6.166669999999999652e-01
-2.307690000000000019e-01
-8.910890000000000477e-02
-4.947369999999999823e-01
-5.625000000000000000e-01
-2.500000000000000000e-01
-1.844659999999999911e-01
-4.105260000000000020e-01
-5.000000000000000000e-01
