3.750000000000000000e-01
3.818179999999999907e-01
2.380950000000000011e-01
-9.090910000000000657e-02
6.774189999999999934e-01
4.545449999999999768e-01
2.210529999999999995e-01
-1.250000000000000000e-01
5.000000000000000000e-01
4.757279999999999842e-01
1.368419999999999914e-01
-1.875000000000000000e-01
4.193549999999999778e-01
3.846149999999999847e-01
1.086960000000000010e-01
-2.203390000000000071e-01
6.562500000000000000e-01
5.533979999999999455e-01
2.771080000000000210e-01
-1.382110000000000005e-01
3.846149999999999847e-01
4.757279999999999842e-01
3.111110000000000264e-01
-2.000000000000000111e-01
3.125000000000000000e-01
3.269230000000000191e-01
8.045979999999999799e-02
-2.666669999999999874e-01
5.692310000000000425e-01
5.247519999999999962e-01
3.052630000000000066e-01
-1.250000000000000000e-01
5.625000000000000000e-01
5.922330000000000094e-01
3.052630000000000066e-01
-6.250000000000000000e-02
