-8.750000000000000000e-01
-9.272730000000000139e-01
6.190480000000000427e-01
7.024789999999999646e-01
-8.709679999999999644e-01
-9.272730000000000139e-01
5.578950000000000298e-01
6.250000000000000000e-01
-8.750000000000000000e-01
-9.223299999999999832e-01
3.473680000000000101e-01
4.531250000000000000e-01
-7.741940000000000488e-01
-7.500000000000000000e-01
3.478260000000000240e-01
4.745759999999999978e-01
-8.750000000000000000e-01
-9.223299999999999832e-01
8.072289999999999743e-01
6.422759999999999581e-01
-7.538460000000000161e-01
-9.223299999999999832e-01
6.666670000000000096e-01
5.839999999999999636e-01
-6.875000000000000000e-01
-6.538460000000000383e-01
3.793099999999999805e-01
2.166669999999999985e-01
-6.615379999999999594e-01
-8.613859999999999850e-01
5.157890000000000530e-01
6.562500000000000000e-01
-9.062500000000000000e-01
-9.611650000000000471e-01
7.473680000000000323e-01
6.562500000000000000e-01
