-3.750000000000000000e-01
1.272729999999999972e-01
9.523810000000000608e-02
-1.735540000000000138e-01
-3.548390000000000155e-01
5.454549999999999677e-02
9.473679999999999601e-02
-1.562500000000000000e-01
-2.500000000000000000e-01
3.786410000000000053e-01
3.684209999999999985e-01
-3.125000000000000000e-02
-3.548390000000000155e-01
-7.692309999999999426e-02
-1.739130000000000120e-01
-2.372879999999999989e-01
-5.000000000000000000e-01
-2.038830000000000087e-01
-3.493979999999999864e-01
-3.495929999999999871e-01
-2.307690000000000019e-01
8.737860000000000071e-02
2.222220000000000098e-02
-5.600000000000000117e-02
-4.062500000000000000e-01
-1.346150000000000124e-01
-2.643679999999999919e-01
-3.833329999999999793e-01
-5.076920000000000321e-01
-1.881190000000000084e-01
-2.631580000000000030e-01
-2.812500000000000000e-01
-2.812500000000000000e-01
9.708740000000000425e-03
-3.157890000000000003e-02
-1.562500000000000000e-01
