-6.250000000000000000e-02
9.090910000000000657e-02
3.333329999999999904e-01
1.074380000000000057e-01
3.548390000000000155e-01
1.636360000000000037e-01
2.210529999999999995e-01
-1.250000000000000000e-01
-2.812500000000000000e-01
-3.009709999999999885e-01
-2.000000000000000111e-01
-2.343750000000000000e-01
2.580649999999999888e-01
2.307690000000000019e-01
4.347829999999999750e-01
1.016949999999999937e-01
2.187500000000000000e-01
3.980580000000000229e-01
3.012050000000000005e-01
-1.544719999999999982e-01
-1.538460000000000001e-02
-2.912620000000000139e-02
-2.000000000000000111e-01
-2.640000000000000124e-01
-6.250000000000000000e-02
1.730770000000000086e-01
4.022990000000000177e-01
5.000000000000000278e-02
7.692309999999999426e-02
2.079209999999999947e-01
2.631580000000000030e-01
1.562500000000000000e-02
1.875000000000000000e-01
1.067960000000000020e-01
-9.473679999999999601e-02
-2.031250000000000000e-01
