-6.875000000000000000e-01
-6.727269999999999639e-01
4.761900000000000160e-02
9.090910000000000657e-02
-2.258060000000000067e-01
-2.545450000000000212e-01
-1.368419999999999914e-01
-2.343750000000000000e-01
-1.250000000000000000e-01
8.737860000000000071e-02
-2.210529999999999995e-01
-3.593750000000000000e-01
-7.419350000000000112e-01
-8.076919999999999655e-01
2.173910000000000009e-01
3.389829999999999788e-01
-2.812500000000000000e-01
-2.815529999999999977e-01
-1.084340000000000026e-01
-3.333329999999999904e-01
-1.538460000000000001e-02
8.737860000000000071e-02
-2.222220000000000029e-01
-3.920000000000000151e-01
-8.125000000000000000e-01
-9.038460000000000383e-01
2.643679999999999919e-01
4.666669999999999985e-01
-5.999999999999999778e-01
-6.831679999999999975e-01
-1.157890000000000030e-01
-1.562500000000000000e-02
-1.875000000000000000e-01
-2.233009999999999995e-01
-3.684209999999999985e-01
-5.312500000000000000e-01
