6.250000000000000000e-02
2.727269999999999972e-01
1.666670000000000096e-01
8.264459999999999515e-03
-1.290320000000000078e-01
2.727269999999999972e-01
2.631580000000000030e-01
1.562500000000000000e-02
-4.687500000000000000e-01
3.592230000000000145e-01
2.631580000000000030e-01
1.562500000000000000e-02
-2.258060000000000067e-01
3.653850000000000153e-01
2.608699999999999908e-01
-1.694920000000000107e-02
-4.687500000000000000e-01
3.009709999999999885e-01
3.253010000000000068e-01
-7.317070000000000518e-02
-5.692310000000000425e-01
1.262139999999999929e-01
1.555559999999999998e-01
-1.360000000000000098e-01
-3.750000000000000000e-01
2.307690000000000019e-01
2.643679999999999919e-01
-1.000000000000000056e-01
-5.692310000000000425e-01
1.881190000000000084e-01
1.368419999999999914e-01
-1.250000000000000000e-01
-6.875000000000000000e-01
-6.796119999999999939e-02
-3.157890000000000003e-02
-2.343750000000000000e-01
