-8.125000000000000000e-01
-8.727270000000000305e-01
6.904759999999999787e-01
8.347109999999999808e-01
-9.032259999999999733e-01
-9.090909999999999824e-01
7.473680000000000323e-01
7.968750000000000000e-01
-9.062500000000000000e-01
-9.029129999999999656e-01
8.526319999999999455e-01
7.968750000000000000e-01
-4.838709999999999956e-01
-7.115380000000000038e-01
3.260870000000000157e-01
4.745759999999999978e-01
-9.375000000000000000e-01
-9.029129999999999656e-01
7.831329999999999680e-01
8.211380000000000345e-01
-9.076920000000000543e-01
-8.640780000000000127e-01
7.777779999999999694e-01
8.080000000000000515e-01
-2.812500000000000000e-01
-3.076920000000000210e-01
1.034479999999999983e-01
-6.666669999999999541e-02
-7.538460000000000161e-01
-8.019800000000000262e-01
4.526319999999999788e-01
6.250000000000000000e-01
-8.750000000000000000e-01
-8.640780000000000127e-01
5.578950000000000298e-01
7.812500000000000000e-01
