5.000000000000000000e-01
3.636360000000000148e-01
1.904760000000000064e-01
-1.735540000000000138e-01
5.483869999999999578e-01
3.636360000000000148e-01
1.789469999999999950e-01
-1.562500000000000000e-01
5.000000000000000000e-01
3.786410000000000053e-01
1.789469999999999950e-01
-2.187500000000000000e-01
4.193549999999999778e-01
4.615380000000000038e-01
1.086960000000000010e-01
-1.864409999999999956e-01
3.750000000000000000e-01
4.757279999999999842e-01
1.566269999999999885e-01
-1.707319999999999949e-01
3.846149999999999847e-01
3.980580000000000229e-01
2.000000000000000111e-01
-1.680000000000000104e-01
5.000000000000000000e-01
3.846149999999999847e-01
2.873560000000000003e-01
-1.833329999999999960e-01
3.846149999999999847e-01
5.049500000000000099e-01
5.263160000000000061e-02
-1.562500000000000000e-01
3.750000000000000000e-01
3.980580000000000229e-01
1.368419999999999914e-01
-1.562500000000000000e-01
