-8.750000000000000000e-01
-8.181819999999999649e-01
5.000000000000000000e-01
5.371899999999999453e-01
-6.774189999999999934e-01
-7.090910000000000268e-01
2.631580000000000030e-01
3.437500000000000000e-01
-8.750000000000000000e-01
-8.640780000000000127e-01
6.631580000000000252e-01
7.812500000000000000e-01
-8.709679999999999644e-01
-9.230770000000000364e-01
4.565219999999999834e-01
6.610169999999999657e-01
-6.875000000000000000e-01
-7.475730000000000430e-01
4.216869999999999785e-01
2.845530000000000004e-01
-6.615379999999999594e-01
-6.310679999999999623e-01
3.555559999999999832e-01
3.920000000000000151e-01
-8.125000000000000000e-01
-8.269229999999999636e-01
7.241379999999999484e-01
6.333330000000000348e-01
-7.846149999999999514e-01
-7.623760000000000536e-01
5.157890000000000530e-01
4.375000000000000000e-01
-5.937500000000000000e-01
-6.504849999999999799e-01
2.210529999999999995e-01
1.562500000000000000e-01
