-5.937500000000000000e-01
-5.999999999999999778e-01
-3.809520000000000128e-01
-4.710739999999999927e-01
-5.806449999999999667e-01
-5.999999999999999778e-01
-3.263159999999999950e-01
-4.375000000000000000e-01
-4.687500000000000000e-01
-4.563110000000000221e-01
-5.578950000000000298e-01
-5.000000000000000000e-01
-4.838709999999999956e-01
-4.807690000000000019e-01
-3.478260000000000240e-01
-3.728810000000000180e-01
-3.750000000000000000e-01
-4.757279999999999842e-01
-3.493979999999999864e-01
-4.146340000000000026e-01
-4.769229999999999858e-01
-4.174760000000000137e-01
-2.666669999999999874e-01
-2.159999999999999976e-01
-3.125000000000000000e-02
-7.692309999999999426e-02
-2.643679999999999919e-01
-3.833329999999999793e-01
-2.615379999999999927e-01
-4.653470000000000106e-01
5.263160000000000061e-02
-1.562500000000000000e-02
-7.500000000000000000e-01
-8.058250000000000135e-01
5.263160000000000061e-02
1.718750000000000000e-01
