6.562500000000000000e-01
4.363639999999999741e-01
3.809520000000000128e-01
-5.785119999999999846e-02
7.096770000000000023e-01
5.272729999999999917e-01
4.526319999999999788e-01
1.562500000000000000e-02
6.562500000000000000e-01
6.310679999999999623e-01
3.473680000000000101e-01
-4.687500000000000000e-02
5.483869999999999578e-01
6.153849999999999598e-01
2.608699999999999908e-01
-1.694920000000000107e-02
6.250000000000000000e-01
7.087379999999999791e-01
4.216869999999999785e-01
-7.317070000000000518e-02
5.076920000000000321e-01
6.310679999999999623e-01
4.444440000000000057e-01
-8.000000000000000167e-03
5.000000000000000000e-01
4.615380000000000038e-01
3.793099999999999805e-01
-1.499999999999999944e-01
5.076920000000000321e-01
5.841579999999999551e-01
2.210529999999999995e-01
-7.812500000000000000e-02
6.250000000000000000e-01
5.533979999999999455e-01
3.263159999999999950e-01
-1.562500000000000000e-02
