5.000000000000000000e-01
3.818179999999999907e-01
3.571429999999999882e-01
-9.090910000000000657e-02
5.483869999999999578e-01
5.454550000000000232e-01
4.315789999999999904e-01
-1.562500000000000000e-02
5.000000000000000000e-01
6.504849999999999799e-01
5.157890000000000530e-01
-7.812500000000000000e-02
4.193549999999999778e-01
4.615380000000000038e-01
3.043480000000000074e-01
-8.474579999999999613e-02
5.000000000000000000e-01
6.310679999999999623e-01
3.734939999999999927e-01
-5.691059999999999869e-02
6.615379999999999594e-01
5.533979999999999455e-01
3.111110000000000264e-01
8.000000000000000167e-03
5.625000000000000000e-01
4.807690000000000019e-01
3.563220000000000276e-01
-1.499999999999999944e-01
5.692310000000000425e-01
6.237620000000000386e-01
3.052630000000000066e-01
-1.250000000000000000e-01
5.625000000000000000e-01
5.922330000000000094e-01
4.105260000000000020e-01
-6.250000000000000000e-02
