-8.125000000000000000e-01
-7.818180000000000129e-01
5.714289999999999647e-01
4.545449999999999768e-01
-5.806449999999999667e-01
-6.727269999999999639e-01
2.210529999999999995e-01
1.562500000000000000e-01
-6.875000000000000000e-01
-8.252429999999999488e-01
4.315789999999999904e-01
5.468750000000000000e-01
-7.419350000000000112e-01
-8.076919999999999655e-01
4.130429999999999935e-01
5.593219999999999859e-01
-7.500000000000000000e-01
-7.475730000000000430e-01
4.939760000000000262e-01
2.682930000000000037e-01
-6.307690000000000241e-01
-6.504849999999999799e-01
2.000000000000000111e-01
1.360000000000000098e-01
-7.187500000000000000e-01
-9.038460000000000383e-01
7.011490000000000222e-01
6.500000000000000222e-01
-7.846149999999999514e-01
-9.009899999999999576e-01
5.157890000000000530e-01
5.625000000000000000e-01
-7.187500000000000000e-01
-8.058250000000000135e-01
3.052630000000000066e-01
3.906250000000000000e-01
