-6.250000000000000000e-02
-5.454549999999999677e-02
-4.285709999999999797e-01
-3.884299999999999975e-01
9.677420000000000466e-02
1.818180000000000143e-02
-2.842109999999999914e-01
-3.593750000000000000e-01
6.250000000000000000e-02
9.708740000000000425e-03
-3.684209999999999985e-01
-4.218750000000000000e-01
-2.580649999999999888e-01
-1.730770000000000086e-01
-5.217389999999999528e-01
-5.932199999999999696e-01
-3.125000000000000000e-02
-2.912620000000000139e-02
-3.734939999999999927e-01
-5.121949999999999559e-01
-1.538460000000000001e-02
-2.912620000000000139e-02
-2.888890000000000069e-01
-4.400000000000000022e-01
-2.812500000000000000e-01
-3.076920000000000210e-01
-5.172409999999999508e-01
-5.999999999999999778e-01
-1.384620000000000017e-01
-1.287129999999999941e-01
-4.947369999999999823e-01
-4.375000000000000000e-01
-6.250000000000000000e-02
9.708740000000000425e-03
-3.263159999999999950e-01
-4.843750000000000000e-01
