-7.812500000000000000e-01
-8.727270000000000305e-01
6.428570000000000118e-01
6.859499999999999487e-01
-8.709679999999999644e-01
-9.272730000000000139e-01
5.789469999999999894e-01
5.468750000000000000e-01
-7.812500000000000000e-01
-8.640780000000000127e-01
4.736839999999999939e-01
4.843750000000000000e-01
-8.064519999999999467e-01
-9.230770000000000364e-01
4.130429999999999935e-01
5.593219999999999859e-01
-8.125000000000000000e-01
-8.640780000000000127e-01
4.939760000000000262e-01
4.146340000000000026e-01
-6.615379999999999594e-01
-8.252429999999999488e-01
5.111109999999999820e-01
4.719999999999999751e-01
-8.750000000000000000e-01
-8.653849999999999598e-01
4.942529999999999979e-01
4.500000000000000111e-01
-7.230769999999999698e-01
-8.019800000000000262e-01
4.315789999999999904e-01
4.375000000000000000e-01
-7.500000000000000000e-01
-8.640780000000000127e-01
4.315789999999999904e-01
4.375000000000000000e-01
