-3.750000000000000000e-01
-2.363639999999999908e-01
-4.761900000000000022e-01
-3.553720000000000212e-01
-2.258060000000000067e-01
-2.363639999999999908e-01
-4.105260000000000020e-01
-3.906250000000000000e-01
-1.250000000000000000e-01
-1.844659999999999911e-01
-3.263159999999999950e-01
-3.906250000000000000e-01
-3.548390000000000155e-01
-3.461540000000000172e-01
-3.478260000000000240e-01
-3.050849999999999951e-01
-3.750000000000000000e-01
-4.174760000000000137e-01
-4.457829999999999848e-01
-4.146340000000000026e-01
-5.692310000000000425e-01
-4.757279999999999842e-01
-4.444440000000000057e-01
-3.439999999999999725e-01
-6.562500000000000000e-01
-4.807690000000000019e-01
-3.563220000000000276e-01
-3.166669999999999763e-01
-6.307690000000000241e-01
-5.841579999999999551e-01
-3.473680000000000101e-01
-2.187500000000000000e-01
-7.500000000000000000e-01
-7.087379999999999791e-01
-4.947369999999999823e-01
-2.812500000000000000e-01
