-1.562500000000000000e-01
-2.181819999999999871e-01
-5.476189999999999669e-01
-6.033060000000000089e-01
-1.290320000000000078e-01
-2.909089999999999732e-01
-5.368420000000000414e-01
-5.156250000000000000e-01
-2.812500000000000000e-01
-2.427179999999999893e-01
-6.210529999999999662e-01
-5.625000000000000000e-01
-1.290320000000000078e-01
-1.538460000000000105e-01
-4.565219999999999834e-01
-5.084750000000000103e-01
-1.562500000000000000e-01
-2.233009999999999995e-01
-5.662650000000000183e-01
-5.447149999999999492e-01
-1.384620000000000017e-01
-2.233009999999999995e-01
-4.666669999999999985e-01
-5.360000000000000320e-01
-1.250000000000000000e-01
-1.923080000000000067e-01
-5.172409999999999508e-01
-6.166669999999999652e-01
-2.307690000000000019e-01
-2.277230000000000087e-01
-5.578950000000000298e-01
-6.093750000000000000e-01
-2.500000000000000000e-01
-1.844659999999999911e-01
-5.578950000000000298e-01
-5.625000000000000000e-01
