-2.500000000000000000e-01
-2.000000000000000111e-01
-6.428570000000000118e-01
-6.198350000000000248e-01
-3.548390000000000155e-01
-2.000000000000000111e-01
-4.736839999999999939e-01
-5.781250000000000000e-01
-2.500000000000000000e-01
-1.456310000000000104e-01
-4.736839999999999939e-01
-5.781250000000000000e-01
-1.290320000000000078e-01
-2.115380000000000038e-01
-6.304349999999999676e-01
-6.440679999999999739e-01
-1.562500000000000000e-01
-2.038830000000000087e-01
-6.626509999999999900e-01
-6.747969999999999802e-01
-1.384620000000000017e-01
-1.262139999999999929e-01
-4.666669999999999985e-01
-5.999999999999999778e-01
-1.875000000000000000e-01
-7.692309999999999426e-02
-5.402299999999999880e-01
-6.500000000000000222e-01
-2.615379999999999927e-01
-1.287129999999999941e-01
-5.157890000000000530e-01
-5.937500000000000000e-01
-2.812500000000000000e-01
-1.456310000000000104e-01
-5.157890000000000530e-01
-5.937500000000000000e-01
