-9.062500000000000000e-01
-9.090909999999999824e-01
5.714289999999999647e-01
5.867769999999999930e-01
-7.096770000000000023e-01
-8.727270000000000305e-01
5.157890000000000530e-01
5.625000000000000000e-01
-5.000000000000000000e-01
-5.728159999999999918e-01
2.210529999999999995e-01
1.093750000000000000e-01
-6.129029999999999756e-01
-5.961539999999999617e-01
1.304349999999999954e-01
2.203390000000000071e-01
-4.062500000000000000e-01
-3.592230000000000145e-01
-1.204820000000000023e-02
-2.032519999999999882e-01
-2.615379999999999927e-01
-2.427179999999999893e-01
-3.555559999999999832e-01
-4.400000000000000022e-01
-1.562500000000000000e-01
-1.538460000000000105e-01
-4.252870000000000261e-01
-5.999999999999999778e-01
-1.384620000000000017e-01
-2.079209999999999947e-01
-6.421050000000000368e-01
-6.562500000000000000e-01
-3.750000000000000000e-01
-2.233009999999999995e-01
-5.789469999999999894e-01
-5.937500000000000000e-01
