2.500000000000000000e-01
2.909089999999999732e-01
0.000000000000000000e+00
-2.396689999999999932e-01
4.193549999999999778e-01
2.909089999999999732e-01
1.789469999999999950e-01
-1.562500000000000000e-01
2.500000000000000000e-01
3.786410000000000053e-01
9.473679999999999601e-02
-1.562500000000000000e-01
2.903229999999999977e-01
3.076920000000000210e-01
-1.739130000000000120e-01
-3.050849999999999951e-01
1.250000000000000000e-01
1.650490000000000013e-01
-3.614459999999999895e-02
-4.146340000000000026e-01
-1.076919999999999961e-01
9.708740000000000425e-03
-2.666669999999999874e-01
-3.920000000000000151e-01
-3.125000000000000000e-02
0.000000000000000000e+00
-4.482760000000000078e-01
-5.333329999999999460e-01
1.076919999999999961e-01
1.089109999999999939e-01
-2.631580000000000030e-01
-4.062500000000000000e-01
9.375000000000000000e-02
9.708740000000000425e-03
-1.789469999999999950e-01
-3.437500000000000000e-01
