3.437500000000000000e-01
2.363639999999999908e-01
1.666670000000000096e-01
-1.735540000000000138e-01
6.774189999999999934e-01
3.818179999999999907e-01
2.631580000000000030e-01
-4.687500000000000000e-02
7.500000000000000000e-01
6.504849999999999799e-01
2.631580000000000030e-01
1.562500000000000000e-02
7.096770000000000023e-01
6.153849999999999598e-01
3.260870000000000157e-01
-3.389829999999999927e-02
6.562500000000000000e-01
7.087379999999999791e-01
3.975899999999999990e-01
-2.439020000000000077e-02
6.615379999999999594e-01
6.310679999999999623e-01
4.222219999999999862e-01
4.000000000000000083e-02
6.250000000000000000e-01
7.884619999999999962e-01
6.551719999999999766e-01
6.666669999999999541e-02
6.307690000000000241e-01
7.425739999999999563e-01
3.684209999999999985e-01
-9.375000000000000000e-02
3.750000000000000000e-01
4.563110000000000221e-01
9.473679999999999601e-02
-2.187500000000000000e-01
