-5.000000000000000000e-01
-5.636360000000000259e-01
-8.571429999999999882e-01
-8.016529999999999490e-01
-4.838709999999999956e-01
-5.090909999999999602e-01
-6.842110000000000136e-01
-7.500000000000000000e-01
-5.000000000000000000e-01
-5.339810000000000390e-01
-6.842110000000000136e-01
-6.875000000000000000e-01
-5.806449999999999667e-01
-5.000000000000000000e-01
-6.956520000000000481e-01
-7.457629999999999537e-01
-4.687500000000000000e-01
-4.368929999999999758e-01
-8.313249999999999806e-01
-7.235770000000000257e-01
-5.692310000000000425e-01
-4.368929999999999758e-01
-6.222220000000000528e-01
-6.959999999999999520e-01
-5.937500000000000000e-01
-5.192309999999999981e-01
-5.862070000000000336e-01
-7.333330000000000126e-01
-5.692310000000000425e-01
-5.643559999999999688e-01
-5.578950000000000298e-01
-6.718750000000000000e-01
-5.937500000000000000e-01
-5.145629999999999926e-01
-5.578950000000000298e-01
-6.718750000000000000e-01
