9.375000000000000000e-02
-5.454549999999999677e-02
4.761900000000000160e-02
-1.735540000000000138e-01
-5.161289999999999489e-01
-6.181820000000000093e-01
1.368419999999999914e-01
2.343750000000000000e-01
-8.750000000000000000e-01
-9.029129999999999656e-01
1.368419999999999914e-01
2.968750000000000000e-01
-3.225809999999999789e-02
7.692309999999999426e-02
-1.521740000000000037e-01
-3.050849999999999951e-01
6.250000000000000000e-02
8.737860000000000071e-02
6.024100000000000288e-02
-1.707319999999999949e-01
-3.846149999999999847e-01
-5.728159999999999918e-01
2.000000000000000111e-01
2.479999999999999982e-01
-3.125000000000000000e-02
9.615379999999999761e-02
-2.413790000000000102e-01
-3.666670000000000207e-01
1.076919999999999961e-01
1.287129999999999941e-01
-1.052630000000000059e-02
-3.281250000000000000e-01
9.375000000000000000e-02
-1.650490000000000013e-01
7.368420000000000525e-02
1.562500000000000000e-02
