9.375000000000000000e-02
6.181820000000000093e-01
7.142859999999999765e-01
1.074380000000000057e-01
1.290320000000000078e-01
5.272729999999999917e-01
6.421050000000000368e-01
1.093750000000000000e-01
-3.125000000000000000e-02
6.310679999999999623e-01
5.368420000000000414e-01
1.093750000000000000e-01
-1.612899999999999889e-01
6.538460000000000383e-01
3.913039999999999852e-01
1.355929999999999913e-01
-1.875000000000000000e-01
6.699030000000000262e-01
5.903610000000000246e-01
7.317070000000000518e-02
-1.692309999999999925e-01
6.699030000000000262e-01
7.111110000000000486e-01
1.360000000000000098e-01
-1.562500000000000000e-01
6.346150000000000402e-01
6.321839999999999682e-01
6.666669999999999541e-02
-1.384620000000000017e-01
6.831679999999999975e-01
5.578950000000000298e-01
7.812500000000000000e-02
-2.812500000000000000e-01
6.504849999999999799e-01
5.578950000000000298e-01
7.812500000000000000e-02
