-2.500000000000000000e-01
2.363639999999999908e-01
2.380950000000000011e-01
-1.404960000000000098e-01
-3.548390000000000155e-01
3.090910000000000046e-01
1.368419999999999914e-01
-1.250000000000000000e-01
-2.500000000000000000e-01
2.427179999999999893e-01
2.210529999999999995e-01
-7.812500000000000000e-02
-2.580649999999999888e-01
3.076920000000000210e-01
2.173910000000000078e-02
-1.525420000000000109e-01
-2.812500000000000000e-01
3.203880000000000061e-01
1.566269999999999885e-01
-2.032519999999999882e-01
-2.615379999999999927e-01
3.203880000000000061e-01
3.111110000000000264e-01
8.000000000000000167e-03
-5.000000000000000000e-01
-1.538460000000000105e-01
1.724140000000000117e-01
-8.333329999999999904e-02
-3.846149999999999847e-01
1.881190000000000084e-01
5.263160000000000061e-02
-1.875000000000000000e-01
-1.875000000000000000e-01
2.427179999999999893e-01
3.052630000000000066e-01
-6.250000000000000000e-02
