-3.125000000000000000e-02
-2.545450000000000212e-01
-5.000000000000000000e-01
-5.206610000000000404e-01
-1.290320000000000078e-01
-1.818180000000000074e-01
-4.947369999999999823e-01
-5.468750000000000000e-01
-1.562500000000000000e-01
-1.262139999999999929e-01
-4.947369999999999823e-01
-5.468750000000000000e-01
-3.870970000000000244e-01
-3.076920000000000210e-01
-7.173910000000000009e-01
-6.779659999999999576e-01
-4.062500000000000000e-01
-3.009709999999999885e-01
-7.590360000000000440e-01
-6.585370000000000390e-01
-2.615379999999999927e-01
-3.009709999999999885e-01
-5.777780000000000138e-01
-5.839999999999999636e-01
-2.812500000000000000e-01
-3.076920000000000210e-01
-7.241379999999999484e-01
-6.833329999999999682e-01
-2.615379999999999927e-01
-2.277230000000000087e-01
-6.210529999999999662e-01
-6.250000000000000000e-01
-2.812500000000000000e-01
-2.427179999999999893e-01
-5.368420000000000414e-01
-5.156250000000000000e-01
