-8.750000000000000000e-01
-9.090909999999999824e-01
4.761900000000000022e-01
5.206610000000000404e-01
-8.709679999999999644e-01
-8.727270000000000305e-01
4.315789999999999904e-01
4.375000000000000000e-01
-7.500000000000000000e-01
-8.058250000000000135e-01
4.315789999999999904e-01
4.375000000000000000e-01
-7.096770000000000023e-01
-8.653849999999999598e-01
5.000000000000000000e-01
5.593219999999999859e-01
-7.187500000000000000e-01
-8.640780000000000127e-01
4.698800000000000199e-01
4.796750000000000180e-01
-7.846149999999999514e-01
-9.029129999999999656e-01
4.888890000000000180e-01
5.360000000000000320e-01
-7.187500000000000000e-01
-7.500000000000000000e-01
1.954019999999999924e-01
3.166669999999999763e-01
-7.846149999999999514e-01
-8.019800000000000262e-01
3.473680000000000101e-01
4.218750000000000000e-01
-8.125000000000000000e-01
-8.640780000000000127e-01
5.578950000000000298e-01
5.937500000000000000e-01
