-5.000000000000000000e-01
1.818180000000000143e-02
1.428570000000000118e-01
-1.404960000000000098e-01
-2.580649999999999888e-01
1.636360000000000037e-01
2.210529999999999995e-01
-6.250000000000000000e-02
-4.062500000000000000e-01
2.427179999999999893e-01
1.368419999999999914e-01
-1.250000000000000000e-01
-3.870970000000000244e-01
2.307690000000000019e-01
4.347829999999999750e-02
-1.016949999999999937e-01
-4.062500000000000000e-01
2.427179999999999893e-01
8.433730000000000393e-02
-1.544719999999999982e-01
-4.769229999999999858e-01
1.844659999999999911e-01
1.333330000000000071e-01
-1.360000000000000098e-01
-5.937500000000000000e-01
0.000000000000000000e+00
-8.045979999999999799e-02
-3.499999999999999778e-01
-6.615379999999999594e-01
2.970300000000000024e-02
-1.052630000000000059e-02
-2.031250000000000000e-01
-5.937500000000000000e-01
1.067960000000000020e-01
-1.052630000000000059e-02
-1.562500000000000000e-01
