5.000000000000000000e-01
5.272729999999999917e-01
3.571429999999999882e-01
-2.479340000000000016e-02
5.483869999999999578e-01
4.545449999999999768e-01
3.263159999999999950e-01
-9.375000000000000000e-02
5.000000000000000000e-01
5.533979999999999455e-01
3.263159999999999950e-01
-9.375000000000000000e-02
4.838709999999999956e-01
4.807690000000000019e-01
1.956519999999999926e-01
-1.186439999999999995e-01
5.625000000000000000e-01
5.922330000000000094e-01
3.493979999999999864e-01
-5.691059999999999869e-02
4.461539999999999950e-01
5.922330000000000094e-01
2.888890000000000069e-01
-4.000000000000000083e-02
4.687500000000000000e-01
4.615380000000000038e-01
1.954019999999999924e-01
-1.333330000000000071e-01
6.307690000000000241e-01
6.039600000000000524e-01
2.631580000000000030e-01
-4.687500000000000000e-02
6.250000000000000000e-01
5.728159999999999918e-01
2.631580000000000030e-01
-4.687500000000000000e-02
