6.250000000000000000e-02
1.818180000000000143e-02
-4.761900000000000160e-02
-3.223139999999999894e-01
9.677420000000000466e-02
9.090910000000000657e-02
-1.157890000000000030e-01
-3.593750000000000000e-01
6.250000000000000000e-02
1.650490000000000013e-01
-2.000000000000000111e-01
-3.593750000000000000e-01
1.290320000000000078e-01
1.730770000000000086e-01
-1.956519999999999926e-01
-3.389829999999999788e-01
9.375000000000000000e-02
1.844659999999999911e-01
-1.807229999999999948e-01
-4.471539999999999959e-01
-1.538460000000000001e-02
4.854370000000000213e-02
-1.111110000000000014e-01
-4.400000000000000022e-01
-6.250000000000000000e-02
1.730770000000000086e-01
-2.643679999999999919e-01
-4.833330000000000126e-01
-1.384620000000000017e-01
-4.950500000000000039e-02
-4.105260000000000020e-01
-4.843750000000000000e-01
-2.812500000000000000e-01
-1.456310000000000104e-01
-4.947369999999999823e-01
-4.843750000000000000e-01
