2.500000000000000000e-01
2.363639999999999908e-01
4.761900000000000160e-02
-2.066119999999999901e-01
2.903229999999999977e-01
3.090910000000000046e-01
5.263160000000000061e-02
-1.875000000000000000e-01
2.500000000000000000e-01
4.757279999999999842e-01
-3.157890000000000003e-02
-1.875000000000000000e-01
4.193549999999999778e-01
3.076920000000000210e-01
2.173910000000000078e-02
-2.203390000000000071e-01
3.750000000000000000e-01
3.980580000000000229e-01
6.024100000000000288e-02
-2.682930000000000037e-01
3.846149999999999847e-01
3.980580000000000229e-01
1.111110000000000014e-01
-2.000000000000000111e-01
3.125000000000000000e-01
3.269230000000000191e-01
8.045979999999999799e-02
-2.666669999999999874e-01
3.230770000000000031e-01
4.455450000000000244e-01
-3.157890000000000003e-02
-1.875000000000000000e-01
3.125000000000000000e-01
3.398059999999999969e-01
1.368419999999999914e-01
-2.343750000000000000e-01
