4.375000000000000000e-01
2.545450000000000212e-01
1.428570000000000118e-01
-2.066119999999999901e-01
4.838709999999999956e-01
2.545450000000000212e-01
2.210529999999999995e-01
-1.875000000000000000e-01
4.375000000000000000e-01
4.951459999999999750e-01
2.210529999999999995e-01
-1.875000000000000000e-01
2.580649999999999888e-01
3.076920000000000210e-01
-4.347829999999999750e-02
-2.881360000000000032e-01
3.437500000000000000e-01
3.203880000000000061e-01
-1.204820000000000023e-02
-2.682930000000000037e-01
3.538459999999999939e-01
3.203880000000000061e-01
2.222220000000000029e-01
-1.360000000000000098e-01
1.875000000000000000e-01
2.500000000000000000e-01
1.149430000000000070e-02
-2.999999999999999889e-01
2.000000000000000111e-01
2.871290000000000231e-01
7.368420000000000525e-02
-2.656250000000000000e-01
1.875000000000000000e-01
2.621359999999999801e-01
-1.052630000000000059e-02
-2.656250000000000000e-01
