-2.500000000000000000e-01
5.272729999999999917e-01
6.428570000000000118e-01
1.404960000000000098e-01
-9.677420000000000466e-02
5.272729999999999917e-01
4.736839999999999939e-01
7.812500000000000000e-02
-1.250000000000000000e-01
6.310679999999999623e-01
3.684209999999999985e-01
7.812500000000000000e-02
-9.677420000000000466e-02
6.346150000000000402e-01
5.000000000000000000e-01
1.186439999999999995e-01
-2.500000000000000000e-01
6.504849999999999799e-01
5.903610000000000246e-01
5.691059999999999869e-02
-2.307690000000000019e-01
6.504849999999999799e-01
5.999999999999999778e-01
1.199999999999999956e-01
-3.125000000000000000e-02
6.153849999999999598e-01
6.091950000000000420e-01
1.000000000000000056e-01
-1.384620000000000017e-01
6.633660000000000112e-01
5.368420000000000414e-01
1.093750000000000000e-01
-1.562500000000000000e-01
5.533979999999999455e-01
4.315789999999999904e-01
4.687500000000000000e-02
