-1.562500000000000000e-01
-2.181819999999999871e-01
-7.142859999999999765e-01
-6.033060000000000089e-01
-3.870970000000000244e-01
-4.545449999999999768e-01
-8.947370000000000045e-01
-7.968750000000000000e-01
-6.250000000000000000e-01
-5.339810000000000390e-01
-8.315789999999999571e-01
-7.968750000000000000e-01
-5.806449999999999667e-01
-3.653850000000000153e-01
-7.826089999999999991e-01
-7.457629999999999537e-01
-4.687500000000000000e-01
-4.368929999999999758e-01
-1.000000000000000000e+00
-8.373979999999999757e-01
-5.692310000000000425e-01
-4.951459999999999750e-01
-7.777779999999999694e-01
-7.600000000000000089e-01
-4.687500000000000000e-01
-3.846149999999999847e-01
-7.471259999999999568e-01
-7.333330000000000126e-01
-3.538459999999999939e-01
-3.663370000000000237e-01
-6.421050000000000368e-01
-6.093750000000000000e-01
-3.750000000000000000e-01
-3.786410000000000053e-01
-5.578950000000000298e-01
-5.625000000000000000e-01
