-2.812500000000000000e-01
4.909089999999999843e-01
4.523809999999999776e-01
1.074380000000000057e-01
-2.580649999999999888e-01
4.000000000000000222e-01
4.105260000000000020e-01
4.687500000000000000e-02
-2.812500000000000000e-01
5.922330000000000094e-01
3.052630000000000066e-01
-1.562500000000000000e-02
-2.580649999999999888e-01
4.615380000000000038e-01
4.347829999999999750e-01
-3.389829999999999927e-02
-2.812500000000000000e-01
4.757279999999999842e-01
5.180719999999999770e-01
-2.439020000000000077e-02
-1.384620000000000017e-01
4.757279999999999842e-01
5.333329999999999460e-01
4.000000000000000083e-02
-2.812500000000000000e-01
4.423079999999999790e-01
5.172409999999999508e-01
0.000000000000000000e+00
-2.615379999999999927e-01
4.851489999999999969e-01
3.473680000000000101e-01
1.562500000000000000e-02
-1.562500000000000000e-01
5.339810000000000390e-01
3.473680000000000101e-01
6.250000000000000000e-02
