-2.812500000000000000e-01
3.272729999999999806e-01
2.380950000000000011e-01
4.132229999999999931e-02
-1.612899999999999889e-01
3.272729999999999806e-01
4.105260000000000020e-01
-1.562500000000000000e-02
-1.875000000000000000e-01
4.951459999999999750e-01
5.157890000000000530e-01
1.562500000000000000e-01
-2.580649999999999888e-01
3.076920000000000210e-01
1.304349999999999954e-01
-3.389829999999999927e-02
-1.562500000000000000e-01
3.980580000000000229e-01
3.012050000000000005e-01
-2.439020000000000077e-02
-2.615379999999999927e-01
4.757279999999999842e-01
5.333329999999999460e-01
4.000000000000000083e-02
-2.812500000000000000e-01
2.500000000000000000e-01
1.954019999999999924e-01
-1.166670000000000068e-01
-2.615379999999999927e-01
3.861390000000000100e-01
3.473680000000000101e-01
-4.687500000000000000e-02
-1.562500000000000000e-01
4.563110000000000221e-01
4.526319999999999788e-01
6.250000000000000000e-02
