2.187500000000000000e-01
2.363639999999999908e-01
-1.190480000000000010e-01
-3.057849999999999735e-01
2.580649999999999888e-01
2.363639999999999908e-01
-9.473679999999999601e-02
-2.812500000000000000e-01
-3.125000000000000000e-02
-2.912620000000000139e-02
-9.473679999999999601e-02
-2.187500000000000000e-01
2.258060000000000067e-01
2.500000000000000000e-01
-1.304349999999999954e-01
-2.711859999999999826e-01
1.875000000000000000e-01
1.844659999999999911e-01
-1.204820000000000023e-02
-2.520330000000000070e-01
2.000000000000000111e-01
1.844659999999999911e-01
-4.444440000000000196e-02
-2.479999999999999982e-01
1.250000000000000000e-01
1.153850000000000015e-01
-1.494250000000000023e-01
-3.666670000000000207e-01
1.384620000000000017e-01
1.485150000000000081e-01
-1.578950000000000076e-01
-2.656250000000000000e-01
2.500000000000000000e-01
2.038830000000000087e-01
-7.368420000000000525e-02
-2.656250000000000000e-01
