3.750000000000000000e-01
3.818179999999999907e-01
2.619049999999999989e-01
-1.735540000000000138e-01
5.483869999999999578e-01
3.818179999999999907e-01
2.421049999999999869e-01
-9.375000000000000000e-02
5.000000000000000000e-01
4.757279999999999842e-01
2.421049999999999869e-01
-1.562500000000000000e-01
3.548390000000000155e-01
4.038459999999999828e-01
1.086960000000000010e-01
-1.186439999999999995e-01
3.125000000000000000e-01
4.174760000000000137e-01
1.566269999999999885e-01
-1.707319999999999949e-01
5.692310000000000425e-01
4.951459999999999750e-01
2.888890000000000069e-01
-1.039999999999999952e-01
4.687500000000000000e-01
4.615380000000000038e-01
1.954019999999999924e-01
-1.333330000000000071e-01
4.769229999999999858e-01
5.049500000000000099e-01
1.578950000000000076e-01
-1.562500000000000000e-01
6.250000000000000000e-01
6.504849999999999799e-01
3.473680000000000101e-01
-4.687500000000000000e-02
