-4.062500000000000000e-01
3.636360000000000287e-02
-2.380950000000000080e-02
-1.735540000000000138e-01
-4.838709999999999956e-01
1.090909999999999935e-01
-1.052630000000000059e-02
-1.562500000000000000e-01
-6.250000000000000000e-01
1.067960000000000020e-01
-1.052630000000000059e-02
-1.562500000000000000e-01
-4.516129999999999867e-01
0.000000000000000000e+00
-4.347829999999999750e-02
-2.033899999999999875e-01
-4.687500000000000000e-01
9.708740000000000425e-03
-1.204820000000000023e-02
-2.520330000000000070e-01
-4.461539999999999950e-01
-6.796119999999999939e-02
4.444440000000000196e-02
-2.479999999999999982e-01
-4.687500000000000000e-01
-3.846150000000000263e-02
-5.747130000000000294e-02
-2.999999999999999889e-01
-4.461539999999999950e-01
-8.910890000000000477e-02
-1.578950000000000076e-01
-2.656250000000000000e-01
-5.937500000000000000e-01
-1.067960000000000020e-01
-1.578950000000000076e-01
-2.656250000000000000e-01
