1.250000000000000000e-01
1.818180000000000143e-02
-4.761900000000000160e-02
-2.066119999999999901e-01
-9.677420000000000466e-02
-1.272729999999999972e-01
-3.052630000000000066e-01
-1.875000000000000000e-01
-2.500000000000000000e-01
-2.038830000000000087e-01
-3.052630000000000066e-01
-2.968750000000000000e-01
2.580649999999999888e-01
2.307690000000000019e-01
-6.521739999999999482e-02
-2.203390000000000071e-01
2.187500000000000000e-01
2.427179999999999893e-01
-3.614459999999999895e-02
-3.333329999999999904e-01
1.076919999999999961e-01
9.708740000000000425e-03
-1.333330000000000071e-01
-2.640000000000000124e-01
6.250000000000000000e-02
2.307690000000000019e-01
-1.149430000000000070e-02
-4.000000000000000222e-01
3.230770000000000031e-01
2.673269999999999813e-01
-3.157890000000000003e-02
-1.875000000000000000e-01
3.125000000000000000e-01
2.427179999999999893e-01
5.263160000000000061e-02
-2.343750000000000000e-01
