9.375000000000000000e-02
1.636360000000000037e-01
-2.380950000000000080e-02
-3.057849999999999735e-01
1.290320000000000078e-01
1.090909999999999935e-01
-9.473679999999999601e-02
-3.281250000000000000e-01
-1.562500000000000000e-01
4.854370000000000213e-02
-2.421049999999999869e-01
-4.531250000000000000e-01
9.677420000000000466e-02
1.730770000000000086e-01
-1.304349999999999954e-01
-2.711859999999999826e-01
-1.562500000000000000e-01
-6.796119999999999939e-02
-1.084340000000000026e-01
-2.520330000000000070e-01
-4.461539999999999950e-01
-3.009709999999999885e-01
4.444440000000000196e-02
-2.400000000000000050e-02
-4.687500000000000000e-01
-5.769229999999999636e-01
3.333329999999999904e-01
2.500000000000000000e-01
-6.615379999999999594e-01
-7.425739999999999563e-01
5.789469999999999894e-01
5.468750000000000000e-01
-7.812500000000000000e-01
-8.640780000000000127e-01
5.789469999999999894e-01
6.562500000000000000e-01
