-1.875000000000000000e-01
5.636360000000000259e-01
4.523809999999999776e-01
1.074380000000000057e-01
-1.612899999999999889e-01
5.636360000000000259e-01
5.157890000000000530e-01
1.093750000000000000e-01
-1.875000000000000000e-01
6.699030000000000262e-01
6.210529999999999662e-01
1.093750000000000000e-01
-1.290320000000000078e-01
6.346150000000000402e-01
5.434780000000000166e-01
1.016949999999999937e-01
-1.562500000000000000e-01
6.504849999999999799e-01
6.385539999999999550e-01
4.065040000000000320e-02
-2.615379999999999927e-01
6.504849999999999799e-01
6.444440000000000168e-01
1.039999999999999952e-01
-1.562500000000000000e-01
6.153849999999999598e-01
5.172409999999999508e-01
5.000000000000000278e-02
-2.615379999999999927e-01
6.633660000000000112e-01
5.578950000000000298e-01
6.250000000000000000e-02
-2.812500000000000000e-01
8.058250000000000135e-01
5.578950000000000298e-01
1.250000000000000000e-01
