-8.125000000000000000e-01
-8.181819999999999649e-01
5.000000000000000000e-01
5.537189999999999612e-01
-8.064519999999999467e-01
-9.090909999999999824e-01
4.526319999999999788e-01
5.937500000000000000e-01
-8.125000000000000000e-01
-8.640780000000000127e-01
4.526319999999999788e-01
5.937500000000000000e-01
-8.709679999999999644e-01
-8.653849999999999598e-01
5.434780000000000166e-01
7.457629999999999537e-01
-9.375000000000000000e-01
-9.223299999999999832e-01
6.385539999999999550e-01
6.097559999999999647e-01
-8.461539999999999617e-01
-8.640780000000000127e-01
5.333329999999999460e-01
6.640000000000000346e-01
-8.750000000000000000e-01
-9.230770000000000364e-01
5.402299999999999880e-01
7.500000000000000000e-01
-8.461539999999999617e-01
-8.613859999999999850e-01
7.052629999999999733e-01
6.562500000000000000e-01
-8.750000000000000000e-01
-9.223299999999999832e-01
5.789469999999999894e-01
6.562500000000000000e-01
