-5.937500000000000000e-01
-2.000000000000000111e-01
-2.142860000000000043e-01
-3.388430000000000053e-01
-6.774189999999999934e-01
-2.000000000000000111e-01
-1.789469999999999950e-01
-3.125000000000000000e-01
-6.875000000000000000e-01
-1.456310000000000104e-01
-2.631580000000000030e-01
-3.125000000000000000e-01
-5.806449999999999667e-01
3.846150000000000263e-02
-2.173910000000000078e-02
-2.203390000000000071e-01
-5.937500000000000000e-01
-2.912620000000000139e-02
-8.433730000000000393e-02
-3.170729999999999937e-01
-5.692310000000000425e-01
-1.067960000000000020e-01
6.666669999999999541e-02
-2.479999999999999982e-01
-5.937500000000000000e-01
7.692309999999999426e-02
-1.149430000000000070e-02
-2.666669999999999874e-01
-5.692310000000000425e-01
-4.950500000000000039e-02
-3.157890000000000003e-02
-2.343750000000000000e-01
-5.937500000000000000e-01
-1.456310000000000104e-01
-2.210529999999999995e-01
-2.968750000000000000e-01
