-8.750000000000000000e-01
-9.272730000000000139e-01
6.190480000000000427e-01
8.181819999999999649e-01
-8.709679999999999644e-01
-8.727270000000000305e-01
4.526319999999999788e-01
7.343750000000000000e-01
-8.750000000000000000e-01
-8.640780000000000127e-01
5.578950000000000298e-01
7.343750000000000000e-01
-7.741940000000000488e-01
-9.230770000000000364e-01
6.956520000000000481e-01
7.966100000000000403e-01
-7.812500000000000000e-01
-9.223299999999999832e-01
8.072289999999999743e-01
7.073169999999999735e-01
-7.538460000000000161e-01
-8.640780000000000127e-01
8.000000000000000444e-01
7.600000000000000089e-01
-8.125000000000000000e-01
-9.230770000000000364e-01
8.390800000000000480e-01
7.500000000000000000e-01
-7.846149999999999514e-01
-9.207920000000000549e-01
7.473680000000000323e-01
7.187500000000000000e-01
-8.125000000000000000e-01
-9.223299999999999832e-01
7.473680000000000323e-01
7.812500000000000000e-01
