-5.937500000000000000e-01
-6.545450000000000434e-01
-1.904760000000000064e-01
-1.735540000000000138e-01
-8.709679999999999644e-01
-8.181819999999999649e-01
-7.368420000000000525e-02
7.812500000000000000e-02
-9.687500000000000000e-01
-9.223299999999999832e-01
1.052630000000000059e-02
3.125000000000000000e-01
-8.064519999999999467e-01
-8.269229999999999636e-01
2.173910000000000078e-02
2.542369999999999908e-01
-9.062500000000000000e-01
-9.223299999999999832e-01
2.530120000000000147e-01
3.495929999999999871e-01
-9.692309999999999537e-01
-9.611650000000000471e-01
2.888890000000000069e-01
4.719999999999999751e-01
-7.500000000000000000e-01
-8.653849999999999598e-01
1.724140000000000117e-01
2.333330000000000126e-01
-7.230769999999999698e-01
-8.019800000000000262e-01
1.368419999999999914e-01
2.968750000000000000e-01
-8.750000000000000000e-01
-9.611650000000000471e-01
2.421049999999999869e-01
4.375000000000000000e-01
