-9.375000000000000000e-01
-8.181819999999999649e-01
5.000000000000000000e-01
5.867769999999999930e-01
-8.709679999999999644e-01
-8.727270000000000305e-01
5.578950000000000298e-01
6.718750000000000000e-01
-8.750000000000000000e-01
-8.640780000000000127e-01
5.578950000000000298e-01
6.718750000000000000e-01
-8.709679999999999644e-01
-8.653849999999999598e-01
6.956520000000000481e-01
6.610169999999999657e-01
-8.750000000000000000e-01
-8.640780000000000127e-01
5.421690000000000120e-01
6.422759999999999581e-01
-8.461539999999999617e-01
-9.223299999999999832e-01
5.555560000000000498e-01
7.600000000000000089e-01
-9.062500000000000000e-01
-9.230770000000000364e-01
8.390800000000000480e-01
7.500000000000000000e-01
-7.846149999999999514e-01
-9.207920000000000549e-01
7.473680000000000323e-01
7.187500000000000000e-01
-9.062500000000000000e-01
-9.223299999999999832e-01
7.473680000000000323e-01
7.187500000000000000e-01
