-2.500000000000000000e-01
5.454549999999999677e-02
9.523810000000000608e-02
-1.735540000000000138e-01
-3.548390000000000155e-01
-1.818180000000000143e-02
-1.578950000000000076e-01
-2.656250000000000000e-01
-3.750000000000000000e-01
4.854370000000000213e-02
-1.578950000000000076e-01
-2.187500000000000000e-01
-3.548390000000000155e-01
1.538460000000000105e-01
1.086960000000000010e-01
-1.186439999999999995e-01
-3.750000000000000000e-01
2.427179999999999893e-01
2.530120000000000147e-01
-1.707319999999999949e-01
-2.307690000000000019e-01
2.427179999999999893e-01
4.000000000000000222e-01
-5.600000000000000117e-02
-1.562500000000000000e-01
3.076920000000000210e-01
2.873560000000000003e-01
-3.333330000000000320e-02
-1.538460000000000001e-02
5.049500000000000099e-01
3.263159999999999950e-01
-1.562500000000000000e-02
-1.562500000000000000e-01
4.757279999999999842e-01
3.263159999999999950e-01
-1.562500000000000000e-02
