-1.562500000000000000e-01
5.454550000000000232e-01
5.000000000000000000e-01
7.438019999999999354e-02
-1.290320000000000078e-01
3.818179999999999907e-01
3.473680000000000101e-01
-4.687500000000000000e-02
-2.812500000000000000e-01
2.427179999999999893e-01
1.578950000000000076e-01
-1.562500000000000000e-01
-1.290320000000000078e-01
6.923080000000000345e-01
6.521740000000000315e-01
2.033899999999999875e-01
-2.812500000000000000e-01
5.339810000000000390e-01
5.180719999999999770e-01
-2.439020000000000077e-02
-2.615379999999999927e-01
3.592230000000000145e-01
2.222220000000000029e-01
-7.199999999999999456e-02
-1.250000000000000000e-01
6.923080000000000345e-01
6.551719999999999766e-01
1.333330000000000071e-01
-1.076919999999999961e-01
7.425739999999999563e-01
4.736839999999999939e-01
1.406250000000000000e-01
-2.500000000000000000e-01
5.339810000000000390e-01
2.842109999999999914e-01
-3.125000000000000000e-02
