-4.687500000000000000e-01
-9.090910000000000657e-02
0.000000000000000000e+00
-2.892560000000000131e-01
-4.516129999999999867e-01
-1.818180000000000143e-02
1.052630000000000059e-02
-1.562500000000000000e-01
-4.687500000000000000e-01
1.262139999999999929e-01
1.052630000000000059e-02
-2.187500000000000000e-01
-4.838709999999999956e-01
1.538460000000000105e-01
1.086960000000000010e-01
-1.186439999999999995e-01
-5.000000000000000000e-01
1.650490000000000013e-01
6.024100000000000288e-02
-2.357720000000000093e-01
-4.769229999999999858e-01
1.650490000000000013e-01
1.111110000000000014e-01
-2.159999999999999976e-01
-2.812500000000000000e-01
3.846149999999999847e-01
3.793099999999999805e-01
-3.333330000000000320e-02
-1.384620000000000017e-01
4.257429999999999826e-01
2.421049999999999869e-01
-9.375000000000000000e-02
-2.812500000000000000e-01
3.203880000000000061e-01
1.368419999999999914e-01
-9.375000000000000000e-02
