2.500000000000000000e-01
3.090910000000000046e-01
4.761900000000000160e-02
-3.223139999999999894e-01
2.903229999999999977e-01
2.363639999999999908e-01
5.263160000000000061e-02
-2.968750000000000000e-01
3.750000000000000000e-01
3.203880000000000061e-01
5.263160000000000061e-02
-2.968750000000000000e-01
4.193549999999999778e-01
2.307690000000000019e-01
2.173910000000000078e-02
-2.881360000000000032e-01
3.750000000000000000e-01
3.203880000000000061e-01
6.024100000000000288e-02
-2.682930000000000037e-01
2.307690000000000019e-01
3.203880000000000061e-01
1.111110000000000014e-01
-2.640000000000000124e-01
3.125000000000000000e-01
3.269230000000000191e-01
-1.149430000000000070e-02
-2.666669999999999874e-01
3.230770000000000031e-01
2.673269999999999813e-01
5.263160000000000061e-02
-2.968750000000000000e-01
6.250000000000000000e-02
9.708740000000000425e-03
-3.157890000000000003e-02
-1.875000000000000000e-01
