-1.250000000000000000e-01
-1.636360000000000037e-01
-5.714289999999999647e-01
-5.371899999999999453e-01
-9.677420000000000466e-02
-1.636360000000000037e-01
-3.263159999999999950e-01
-5.000000000000000000e-01
1.250000000000000000e-01
1.262139999999999929e-01
-2.421049999999999869e-01
-3.906250000000000000e-01
-9.677420000000000466e-02
-7.692309999999999426e-02
-5.217389999999999528e-01
-5.593219999999999859e-01
-3.125000000000000000e-02
-6.796119999999999939e-02
-5.421690000000000120e-01
-5.934960000000000235e-01
-1.076919999999999961e-01
9.708740000000000425e-03
-3.555559999999999832e-01
-4.560000000000000164e-01
-3.125000000000000000e-02
-7.692309999999999426e-02
-4.482760000000000078e-01
-4.500000000000000111e-01
-1.538460000000000001e-02
2.970300000000000024e-02
-3.473680000000000101e-01
-4.062500000000000000e-01
9.375000000000000000e-02
8.737860000000000071e-02
-2.631580000000000030e-01
-4.062500000000000000e-01
