3.750000000000000000e-01
3.818179999999999907e-01
1.428570000000000118e-01
-1.735540000000000138e-01
4.193549999999999778e-01
3.818179999999999907e-01
1.368419999999999914e-01
-1.562500000000000000e-01
5.000000000000000000e-01
3.980580000000000229e-01
1.368419999999999914e-01
-1.562500000000000000e-01
3.548390000000000155e-01
3.269230000000000191e-01
1.956519999999999926e-01
-1.864409999999999956e-01
3.125000000000000000e-01
4.174760000000000137e-01
1.566269999999999885e-01
-2.357720000000000093e-01
3.230770000000000031e-01
4.174760000000000137e-01
2.000000000000000111e-01
-1.680000000000000104e-01
3.437500000000000000e-01
4.615380000000000038e-01
1.954019999999999924e-01
-1.833329999999999960e-01
4.769229999999999858e-01
4.257429999999999826e-01
1.578950000000000076e-01
-1.562500000000000000e-01
4.687500000000000000e-01
3.980580000000000229e-01
7.368420000000000525e-02
-1.562500000000000000e-01
