-1.562500000000000000e-01
-2.000000000000000111e-01
-3.809520000000000128e-01
-4.710739999999999927e-01
-3.225809999999999789e-02
-1.272729999999999972e-01
-1.789469999999999950e-01
-3.125000000000000000e-01
-1.562500000000000000e-01
-1.456310000000000104e-01
-1.789469999999999950e-01
-3.125000000000000000e-01
-2.258060000000000067e-01
-2.500000000000000000e-01
-4.565219999999999834e-01
-4.576270000000000060e-01
-2.500000000000000000e-01
-2.427179999999999893e-01
-3.734939999999999927e-01
-4.959350000000000147e-01
-2.307690000000000019e-01
-3.203880000000000061e-01
-2.888890000000000069e-01
-4.239999999999999880e-01
1.250000000000000000e-01
1.538460000000000105e-01
8.045979999999999799e-02
-2.166669999999999985e-01
3.846149999999999847e-01
3.465349999999999819e-01
5.263160000000000061e-02
-1.250000000000000000e-01
1.250000000000000000e-01
8.737860000000000071e-02
-3.157890000000000003e-02
-2.968750000000000000e-01
