6.562500000000000000e-01
5.272729999999999917e-01
3.809520000000000128e-01
-5.785119999999999846e-02
7.096770000000000023e-01
5.272729999999999917e-01
3.473680000000000101e-01
-4.687500000000000000e-02
5.312500000000000000e-01
5.339810000000000390e-01
3.473680000000000101e-01
-1.562500000000000000e-01
5.483869999999999578e-01
6.153849999999999598e-01
3.478260000000000240e-01
-1.694920000000000107e-02
6.250000000000000000e-01
5.339810000000000390e-01
4.216869999999999785e-01
-1.382110000000000005e-01
5.076920000000000321e-01
6.310679999999999623e-01
3.555559999999999832e-01
-8.000000000000000167e-03
6.250000000000000000e-01
5.384619999999999962e-01
3.793099999999999805e-01
-3.333330000000000320e-02
6.307690000000000241e-01
6.831679999999999975e-01
4.315789999999999904e-01
-7.812500000000000000e-02
6.250000000000000000e-01
6.504849999999999799e-01
3.263159999999999950e-01
-1.562500000000000000e-02
