9.375000000000000000e-02
1.090909999999999935e-01
-1.904760000000000064e-01
-3.553720000000000212e-01
2.580649999999999888e-01
1.090909999999999935e-01
-9.473679999999999601e-02
-3.906250000000000000e-01
2.187500000000000000e-01
3.203880000000000061e-01
-9.473679999999999601e-02
-3.281250000000000000e-01
9.677420000000000466e-02
1.730770000000000086e-01
-1.304349999999999954e-01
-3.220339999999999869e-01
6.250000000000000000e-02
1.067960000000000020e-01
-1.204820000000000023e-02
-4.308939999999999992e-01
3.230770000000000031e-01
1.067960000000000020e-01
-1.333330000000000071e-01
-2.959999999999999853e-01
2.500000000000000000e-01
1.923080000000000067e-01
-5.747130000000000294e-02
-3.666670000000000207e-01
1.384620000000000017e-01
1.485150000000000081e-01
-2.421049999999999869e-01
-3.906250000000000000e-01
1.250000000000000000e-01
1.262139999999999929e-01
-1.578950000000000076e-01
-3.906250000000000000e-01
