-1.875000000000000000e-01
1.818180000000000143e-02
4.761900000000000160e-02
-2.066119999999999901e-01
-1.612899999999999889e-01
1.818180000000000143e-02
-3.157890000000000003e-02
-1.875000000000000000e-01
-1.875000000000000000e-01
1.650490000000000013e-01
1.368419999999999914e-01
-6.250000000000000000e-02
-1.290320000000000078e-01
9.615379999999999761e-02
-1.304349999999999954e-01
-1.525420000000000109e-01
-1.562500000000000000e-01
1.067960000000000020e-01
-1.204820000000000023e-02
-2.032519999999999882e-01
-3.846149999999999847e-01
-2.912620000000000139e-02
-1.111110000000000014e-01
-2.640000000000000124e-01
-2.812500000000000000e-01
-7.692309999999999426e-02
1.149430000000000070e-02
-2.333330000000000126e-01
-2.615379999999999927e-01
2.970300000000000024e-02
-2.631580000000000030e-01
-2.031250000000000000e-01
-3.750000000000000000e-01
-6.796119999999999939e-02
-1.789469999999999950e-01
-2.031250000000000000e-01
