5.625000000000000000e-01
4.000000000000000222e-01
2.380950000000000011e-01
-1.404960000000000098e-01
4.838709999999999956e-01
4.909089999999999843e-01
1.368419999999999914e-01
-1.875000000000000000e-01
4.375000000000000000e-01
4.951459999999999750e-01
3.052630000000000066e-01
-1.250000000000000000e-01
6.774189999999999934e-01
5.576919999999999655e-01
2.391300000000000092e-01
3.389829999999999927e-02
6.250000000000000000e-01
5.728159999999999918e-01
3.012050000000000005e-01
-8.943089999999999373e-02
3.538459999999999939e-01
5.728159999999999918e-01
4.222219999999999862e-01
-8.799999999999999489e-02
6.562500000000000000e-01
7.884619999999999962e-01
5.172409999999999508e-01
5.000000000000000278e-02
5.384619999999999962e-01
7.425739999999999563e-01
3.473680000000000101e-01
-9.375000000000000000e-02
4.062500000000000000e-01
6.310679999999999623e-01
3.473680000000000101e-01
-9.375000000000000000e-02
