-6.250000000000000000e-01
-5.454549999999999677e-02
-4.761900000000000160e-02
-2.561979999999999813e-01
-6.129029999999999756e-01
-5.454549999999999677e-02
5.263160000000000061e-02
-2.343750000000000000e-01
-5.000000000000000000e-01
8.737860000000000071e-02
-3.157890000000000003e-02
-1.250000000000000000e-01
-6.129029999999999756e-01
3.846150000000000263e-02
-1.304349999999999954e-01
-2.203390000000000071e-01
-7.187500000000000000e-01
-1.067960000000000020e-01
-1.807229999999999948e-01
-3.333329999999999904e-01
-4.769229999999999858e-01
4.854370000000000213e-02
-4.444440000000000196e-02
-1.360000000000000098e-01
-5.937500000000000000e-01
9.615379999999999761e-02
1.034479999999999983e-01
-2.333330000000000126e-01
-6.615379999999999594e-01
1.287129999999999941e-01
-9.473679999999999601e-02
-2.656250000000000000e-01
-5.937500000000000000e-01
1.844659999999999911e-01
-1.052630000000000059e-02
-2.031250000000000000e-01
