4.062500000000000000e-01
4.363639999999999741e-01
2.857140000000000235e-01
-1.074380000000000057e-01
5.806449999999999667e-01
4.363639999999999741e-01
1.578950000000000076e-01
-9.375000000000000000e-02
4.062500000000000000e-01
5.339810000000000390e-01
3.473680000000000101e-01
-9.375000000000000000e-02
5.483869999999999578e-01
5.192309999999999981e-01
2.608699999999999908e-01
-8.474579999999999613e-02
5.000000000000000000e-01
5.339810000000000390e-01
3.253010000000000068e-01
-1.382110000000000005e-01
3.846149999999999847e-01
5.339810000000000390e-01
3.555559999999999832e-01
-7.199999999999999456e-02
3.750000000000000000e-01
5.384619999999999962e-01
2.643679999999999919e-01
-1.000000000000000056e-01
3.846149999999999847e-01
5.049500000000000099e-01
2.210529999999999995e-01
-1.250000000000000000e-01
3.750000000000000000e-01
3.980580000000000229e-01
2.210529999999999995e-01
-1.250000000000000000e-01
