3.750000000000000000e-01
3.636360000000000148e-01
1.904760000000000064e-01
-1.074380000000000057e-01
4.193549999999999778e-01
3.636360000000000148e-01
1.789469999999999950e-01
-9.375000000000000000e-02
3.750000000000000000e-01
5.339810000000000390e-01
2.842109999999999914e-01
-9.375000000000000000e-02
2.903229999999999977e-01
3.076920000000000210e-01
2.173910000000000078e-02
-1.864409999999999956e-01
3.750000000000000000e-01
4.757279999999999842e-01
2.530120000000000147e-01
-1.219510000000000038e-01
5.076920000000000321e-01
6.504849999999999799e-01
4.000000000000000222e-01
-5.600000000000000117e-02
3.750000000000000000e-01
3.076920000000000210e-01
8.045979999999999799e-02
-2.500000000000000000e-01
3.846149999999999847e-01
4.257429999999999826e-01
1.368419999999999914e-01
-1.562500000000000000e-01
5.000000000000000000e-01
5.533979999999999455e-01
3.263159999999999950e-01
-9.375000000000000000e-02
