9.375000000000000000e-02
1.636360000000000037e-01
-1.190480000000000010e-01
-3.553720000000000212e-01
1.290320000000000078e-01
3.636360000000000287e-02
-9.473679999999999601e-02
-3.281250000000000000e-01
9.375000000000000000e-02
1.067960000000000020e-01
-1.578950000000000076e-01
-3.906250000000000000e-01
-2.580649999999999888e-01
-1.538460000000000105e-01
-4.565219999999999834e-01
-5.762709999999999777e-01
-1.562500000000000000e-01
-1.456310000000000104e-01
-4.698800000000000199e-01
-6.097559999999999647e-01
-1.384620000000000017e-01
-6.796119999999999939e-02
-2.888890000000000069e-01
-4.719999999999999751e-01
-2.500000000000000000e-01
-3.269230000000000191e-01
-5.862070000000000336e-01
-7.333330000000000126e-01
-3.538459999999999939e-01
-3.069310000000000094e-01
-6.421050000000000368e-01
-6.718750000000000000e-01
-3.750000000000000000e-01
-3.203880000000000061e-01
-6.421050000000000368e-01
-6.093750000000000000e-01
