-1.562500000000000000e-01
5.272729999999999917e-01
4.761900000000000022e-01
4.132229999999999931e-02
0.000000000000000000e+00
5.272729999999999917e-01
4.315789999999999904e-01
4.687500000000000000e-02
-3.125000000000000000e-02
6.310679999999999623e-01
4.315789999999999904e-01
1.093750000000000000e-01
-1.612899999999999889e-01
5.769229999999999636e-01
5.000000000000000000e-01
6.779659999999999853e-02
-6.250000000000000000e-02
6.699030000000000262e-01
7.108430000000000026e-01
8.130079999999999599e-03
-4.615380000000000177e-02
6.699030000000000262e-01
4.888890000000000180e-01
7.199999999999999456e-02
-1.562500000000000000e-01
5.576919999999999655e-01
5.172409999999999508e-01
6.666669999999999541e-02
-1.384620000000000017e-01
6.831679999999999975e-01
4.526319999999999788e-01
7.812500000000000000e-02
-1.562500000000000000e-01
5.728159999999999918e-01
4.526319999999999788e-01
7.812500000000000000e-02
