1.250000000000000000e-01
1.272729999999999972e-01
0.000000000000000000e+00
-2.396689999999999932e-01
-9.677420000000000466e-02
-9.090910000000000657e-02
-7.368420000000000525e-02
-2.187500000000000000e-01
-3.750000000000000000e-01
-3.203880000000000061e-01
-4.105260000000000020e-01
-2.656250000000000000e-01
0.000000000000000000e+00
-7.692309999999999426e-02
-2.608699999999999908e-01
-2.372879999999999989e-01
-3.750000000000000000e-01
-4.757279999999999842e-01
-2.530120000000000147e-01
-3.495929999999999871e-01
-4.769229999999999858e-01
-3.398059999999999969e-01
-1.777779999999999916e-01
-2.159999999999999976e-01
2.187500000000000000e-01
2.307690000000000019e-01
1.724140000000000117e-01
-2.500000000000000000e-01
1.076919999999999961e-01
2.970300000000000024e-02
-3.157890000000000003e-02
-2.187500000000000000e-01
9.375000000000000000e-02
8.737860000000000071e-02
-3.157890000000000003e-02
-2.187500000000000000e-01
