3.750000000000000000e-01
3.090910000000000046e-01
4.761900000000000160e-02
-2.396689999999999932e-01
4.193549999999999778e-01
3.818179999999999907e-01
1.368419999999999914e-01
-1.562500000000000000e-01
5.000000000000000000e-01
4.757279999999999842e-01
3.263159999999999950e-01
-9.375000000000000000e-02
3.548390000000000155e-01
3.269230000000000191e-01
1.086960000000000010e-01
-1.864409999999999956e-01
3.125000000000000000e-01
4.174760000000000137e-01
1.566269999999999885e-01
-2.357720000000000093e-01
3.230770000000000031e-01
4.951459999999999750e-01
3.777780000000000027e-01
-1.039999999999999952e-01
3.437500000000000000e-01
3.846149999999999847e-01
1.954019999999999924e-01
-1.833329999999999960e-01
4.769229999999999858e-01
5.049500000000000099e-01
1.578950000000000076e-01
-1.093750000000000000e-01
4.687500000000000000e-01
3.980580000000000229e-01
1.578950000000000076e-01
-1.093750000000000000e-01
