4.375000000000000000e-01
3.272729999999999806e-01
-4.761900000000000160e-02
-2.066119999999999901e-01
3.548390000000000155e-01
3.272729999999999806e-01
1.368419999999999914e-01
-1.875000000000000000e-01
3.125000000000000000e-01
4.174760000000000137e-01
1.368419999999999914e-01
-1.875000000000000000e-01
2.580649999999999888e-01
3.076920000000000210e-01
4.347829999999999750e-02
-2.203390000000000071e-01
2.187500000000000000e-01
3.203880000000000061e-01
1.807229999999999948e-01
-2.682930000000000037e-01
3.538459999999999939e-01
3.980580000000000229e-01
2.222220000000000029e-01
-1.360000000000000098e-01
4.062500000000000000e-01
4.423079999999999790e-01
1.954019999999999924e-01
-1.166670000000000068e-01
4.153850000000000042e-01
4.851489999999999969e-01
7.368420000000000525e-02
-2.031250000000000000e-01
4.062500000000000000e-01
3.592230000000000145e-01
7.368420000000000525e-02
-1.562500000000000000e-01
