5.000000000000000000e-01
2.909089999999999732e-01
9.523810000000000608e-02
-2.396689999999999932e-01
4.193549999999999778e-01
2.909089999999999732e-01
9.473679999999999601e-02
-2.187500000000000000e-01
3.750000000000000000e-01
4.563110000000000221e-01
9.473679999999999601e-02
-2.187500000000000000e-01
6.774189999999999934e-01
5.384619999999999962e-01
4.130429999999999935e-01
-1.186439999999999995e-01
6.250000000000000000e-01
6.504849999999999799e-01
4.939760000000000262e-01
-5.691059999999999869e-02
6.307690000000000241e-01
6.504849999999999799e-01
5.111109999999999820e-01
-5.600000000000000117e-02
7.812500000000000000e-01
6.153849999999999598e-01
4.942529999999999979e-01
3.333330000000000320e-02
7.846149999999999514e-01
6.633660000000000112e-01
4.315789999999999904e-01
4.687500000000000000e-02
7.812500000000000000e-01
7.281549999999999967e-01
3.263159999999999950e-01
-1.562500000000000000e-02
