-1.562500000000000000e-01
-1.272729999999999972e-01
-4.761900000000000022e-01
-5.867769999999999930e-01
-2.580649999999999888e-01
-3.454550000000000121e-01
-4.947369999999999823e-01
-5.468750000000000000e-01
-1.562500000000000000e-01
-1.456310000000000104e-01
-4.947369999999999823e-01
-4.375000000000000000e-01
-2.258060000000000067e-01
-1.153850000000000015e-01
-5.434780000000000166e-01
-5.254240000000000022e-01
-2.500000000000000000e-01
-1.844659999999999911e-01
-6.385539999999999550e-01
-5.609760000000000302e-01
-1.076919999999999961e-01
-1.067960000000000020e-01
-2.888890000000000069e-01
-4.239999999999999880e-01
-3.125000000000000000e-02
0.000000000000000000e+00
-4.022990000000000177e-01
-4.500000000000000111e-01
-1.076919999999999961e-01
1.089109999999999939e-01
-3.052630000000000066e-01
-4.062500000000000000e-01
-3.125000000000000000e-02
9.708740000000000425e-03
-2.210529999999999995e-01
-3.593750000000000000e-01
