-5.312500000000000000e-01
-5.090909999999999602e-01
-4.047620000000000107e-01
-3.719009999999999816e-01
-6.451609999999999845e-01
-4.363639999999999741e-01
-3.473680000000000101e-01
-2.812500000000000000e-01
-5.312500000000000000e-01
-2.038830000000000087e-01
-1.789469999999999950e-01
-3.437500000000000000e-01
-4.838709999999999956e-01
-4.423079999999999790e-01
-3.260870000000000157e-01
-2.372879999999999989e-01
-5.000000000000000000e-01
-3.009709999999999885e-01
-2.289160000000000084e-01
-2.845530000000000004e-01
-3.846149999999999847e-01
-1.456310000000000104e-01
-1.555559999999999998e-01
-2.159999999999999976e-01
-1.562500000000000000e-01
-3.846150000000000263e-02
1.149430000000000070e-02
-1.833329999999999960e-01
1.076919999999999961e-01
2.673269999999999813e-01
1.578950000000000076e-01
-1.093750000000000000e-01
2.187500000000000000e-01
4.757279999999999842e-01
2.631580000000000030e-01
-4.687500000000000000e-02
