-2.500000000000000000e-01
5.454550000000000232e-01
5.714289999999999647e-01
9.090910000000000657e-02
-2.258060000000000067e-01
6.181820000000000093e-01
5.157890000000000530e-01
9.375000000000000000e-02
-2.500000000000000000e-01
6.504849999999999799e-01
6.421050000000000368e-01
4.687500000000000000e-02
-1.290320000000000078e-01
5.384619999999999962e-01
5.217389999999999528e-01
1.355929999999999913e-01
-3.125000000000000000e-02
6.310679999999999623e-01
6.144579999999999487e-01
7.317070000000000518e-02
-1.538460000000000001e-02
6.310679999999999623e-01
6.222220000000000528e-01
7.199999999999999456e-02
-2.812500000000000000e-01
6.538460000000000383e-01
5.862070000000000336e-01
3.333330000000000320e-02
-2.615379999999999927e-01
6.237620000000000386e-01
5.157890000000000530e-01
4.687500000000000000e-02
-2.812500000000000000e-01
5.922330000000000094e-01
5.157890000000000530e-01
4.687500000000000000e-02
