9.375000000000000000e-02
9.090910000000000657e-02
-2.142860000000000043e-01
-4.380169999999999897e-01
1.290320000000000078e-01
9.090910000000000657e-02
-2.631580000000000030e-01
-4.062500000000000000e-01
9.375000000000000000e-02
1.650490000000000013e-01
-1.789469999999999950e-01
-4.062500000000000000e-01
9.677420000000000466e-02
7.692309999999999426e-02
-2.391300000000000092e-01
-4.406780000000000141e-01
-1.875000000000000000e-01
9.708740000000000425e-03
-4.216869999999999785e-01
-5.284550000000000081e-01
-1.692309999999999925e-01
9.708740000000000425e-03
-4.222219999999999862e-01
-5.200000000000000178e-01
-3.125000000000000000e-02
3.846150000000000263e-02
-2.413790000000000102e-01
-5.000000000000000000e-01
-1.538460000000000001e-02
6.930690000000000461e-02
-3.263159999999999950e-01
-4.531250000000000000e-01
-1.562500000000000000e-01
-1.067960000000000020e-01
-4.736839999999999939e-01
-5.625000000000000000e-01
