-6.875000000000000000e-01
-1.272729999999999972e-01
-1.190480000000000010e-01
-2.231400000000000050e-01
-6.774189999999999934e-01
-2.000000000000000111e-01
-1.789469999999999950e-01
-2.031250000000000000e-01
-6.875000000000000000e-01
-6.796119999999999939e-02
7.368420000000000525e-02
-2.031250000000000000e-01
-6.774189999999999934e-01
-1.923080000000000067e-01
-2.826089999999999991e-01
-3.389829999999999788e-01
-6.875000000000000000e-01
-1.844659999999999911e-01
-1.807229999999999948e-01
-3.170729999999999937e-01
-6.615379999999999594e-01
-1.844659999999999911e-01
-1.111110000000000014e-01
-2.479999999999999982e-01
-6.875000000000000000e-01
-7.692309999999999426e-02
-1.149430000000000070e-02
-2.666669999999999874e-01
-7.846149999999999514e-01
-1.287129999999999941e-01
-2.210529999999999995e-01
-2.968750000000000000e-01
-6.875000000000000000e-01
-1.456310000000000104e-01
-2.210529999999999995e-01
-2.968750000000000000e-01
