5.000000000000000000e-01
5.454550000000000232e-01
4.761900000000000022e-01
-2.479340000000000016e-02
5.483869999999999578e-01
5.454550000000000232e-01
5.157890000000000530e-01
-7.812500000000000000e-02
6.250000000000000000e-01
6.504849999999999799e-01
6.421050000000000368e-01
-1.562500000000000000e-02
5.483869999999999578e-01
6.153849999999999598e-01
3.043480000000000074e-01
0.000000000000000000e+00
6.562500000000000000e-01
5.533979999999999455e-01
2.771080000000000210e-01
-5.691059999999999869e-02
6.615379999999999594e-01
6.310679999999999623e-01
4.000000000000000222e-01
8.000000000000000167e-03
5.625000000000000000e-01
5.769229999999999636e-01
3.563220000000000276e-01
-1.499999999999999944e-01
5.692310000000000425e-01
6.237620000000000386e-01
4.105260000000000020e-01
-6.250000000000000000e-02
5.625000000000000000e-01
5.922330000000000094e-01
3.052630000000000066e-01
-6.250000000000000000e-02
