-5.937500000000000000e-01
-2.545450000000000212e-01
-3.571429999999999882e-01
-3.884299999999999975e-01
-4.838709999999999956e-01
-2.000000000000000111e-01
-3.894739999999999869e-01
-2.968750000000000000e-01
-5.000000000000000000e-01
-6.796119999999999939e-02
-2.210529999999999995e-01
-2.968750000000000000e-01
-6.451609999999999845e-01
-2.115380000000000038e-01
-3.913039999999999852e-01
-3.559320000000000261e-01
-5.312500000000000000e-01
-1.262139999999999929e-01
-3.975899999999999990e-01
-3.983740000000000059e-01
-5.076920000000000321e-01
-1.262139999999999929e-01
-2.222220000000000029e-01
-2.640000000000000124e-01
-5.000000000000000000e-01
-1.538460000000000105e-01
-1.954019999999999924e-01
-3.333329999999999904e-01
-5.999999999999999778e-01
2.970300000000000024e-02
-1.157890000000000030e-01
-2.968750000000000000e-01
-5.000000000000000000e-01
-6.796119999999999939e-02
-1.157890000000000030e-01
-2.968750000000000000e-01
