-1.000000000000000000e+00
-9.636360000000000481e-01
3.571429999999999882e-01
5.702479999999999771e-01
-9.032259999999999733e-01
-9.272730000000000139e-01
2.210529999999999995e-01
4.375000000000000000e-01
-6.875000000000000000e-01
-6.504849999999999799e-01
5.263160000000000061e-02
9.375000000000000000e-02
-9.677419999999999911e-01
-9.615380000000000038e-01
3.043480000000000074e-01
6.271189999999999820e-01
-8.750000000000000000e-01
-9.611650000000000471e-01
3.734939999999999927e-01
5.447149999999999492e-01
-7.230769999999999698e-01
-8.058250000000000135e-01
3.111110000000000264e-01
3.280000000000000138e-01
-8.125000000000000000e-01
-1.000000000000000000e+00
2.643679999999999919e-01
5.833329999999999904e-01
-8.769230000000000080e-01
-9.603960000000000274e-01
2.210529999999999995e-01
5.625000000000000000e-01
-8.125000000000000000e-01
-9.029129999999999656e-01
2.210529999999999995e-01
4.531250000000000000e-01
