3.750000000000000000e-01
3.818179999999999907e-01
1.428570000000000118e-01
-1.735540000000000138e-01
4.193549999999999778e-01
3.090910000000000046e-01
2.421049999999999869e-01
-1.562500000000000000e-01
3.750000000000000000e-01
4.757279999999999842e-01
1.368419999999999914e-01
-1.562500000000000000e-01
3.548390000000000155e-01
4.038459999999999828e-01
1.086960000000000010e-01
-1.864409999999999956e-01
4.375000000000000000e-01
4.174760000000000137e-01
1.566269999999999885e-01
-2.357720000000000093e-01
3.230770000000000031e-01
3.398059999999999969e-01
1.111110000000000014e-01
-1.680000000000000104e-01
3.437500000000000000e-01
3.846149999999999847e-01
1.954019999999999924e-01
-1.833329999999999960e-01
4.769229999999999858e-01
4.257429999999999826e-01
1.578950000000000076e-01
-1.562500000000000000e-01
4.687500000000000000e-01
3.203880000000000061e-01
-1.052630000000000059e-02
-1.562500000000000000e-01
