6.250000000000000000e-01
5.272729999999999917e-01
4.047620000000000107e-01
-1.074380000000000057e-01
5.483869999999999578e-01
4.363639999999999741e-01
2.842109999999999914e-01
-9.375000000000000000e-02
5.000000000000000000e-01
5.339810000000000390e-01
2.842109999999999914e-01
-9.375000000000000000e-02
6.774189999999999934e-01
4.615380000000000038e-01
3.043480000000000074e-01
-6.779659999999999853e-02
5.000000000000000000e-01
5.533979999999999455e-01
2.530120000000000147e-01
-5.691059999999999869e-02
6.307690000000000241e-01
5.533979999999999455e-01
2.888890000000000069e-01
-5.600000000000000117e-02
6.562500000000000000e-01
6.153849999999999598e-01
4.942529999999999979e-01
-1.166670000000000068e-01
5.076920000000000321e-01
5.841579999999999551e-01
2.421049999999999869e-01
-9.375000000000000000e-02
5.000000000000000000e-01
5.533979999999999455e-01
2.421049999999999869e-01
-9.375000000000000000e-02
