4.687500000000000000e-01
4.727270000000000083e-01
2.857140000000000235e-01
-1.239669999999999939e-01
5.161289999999999489e-01
4.727270000000000083e-01
4.526319999999999788e-01
-4.687500000000000000e-02
4.687500000000000000e-01
4.757279999999999842e-01
2.631580000000000030e-01
-1.093750000000000000e-01
5.806449999999999667e-01
4.423079999999999790e-01
3.260870000000000157e-01
-3.389829999999999927e-02
5.312500000000000000e-01
5.339810000000000390e-01
3.975899999999999990e-01
-1.382110000000000005e-01
5.384619999999999962e-01
5.339810000000000390e-01
4.222219999999999862e-01
-2.400000000000000050e-02
5.000000000000000000e-01
6.153849999999999598e-01
3.333329999999999904e-01
-5.000000000000000278e-02
3.846149999999999847e-01
5.643559999999999688e-01
2.842109999999999914e-01
-9.375000000000000000e-02
5.000000000000000000e-01
5.339810000000000390e-01
3.684209999999999985e-01
-9.375000000000000000e-02
