4.375000000000000000e-01
4.000000000000000222e-01
1.428570000000000118e-01
-1.404960000000000098e-01
4.838709999999999956e-01
4.000000000000000222e-01
1.368419999999999914e-01
-1.875000000000000000e-01
4.375000000000000000e-01
4.174760000000000137e-01
2.210529999999999995e-01
-1.250000000000000000e-01
3.870970000000000244e-01
4.615380000000000038e-01
1.304349999999999954e-01
-1.016949999999999937e-01
4.687500000000000000e-01
4.757279999999999842e-01
1.807229999999999948e-01
-2.032519999999999882e-01
4.769229999999999858e-01
4.757279999999999842e-01
2.222220000000000029e-01
-1.360000000000000098e-01
4.062500000000000000e-01
5.192309999999999981e-01
3.103449999999999820e-01
-1.166670000000000068e-01
5.384619999999999962e-01
5.643559999999999688e-01
1.578950000000000076e-01
-9.375000000000000000e-02
4.062500000000000000e-01
5.339810000000000390e-01
3.473680000000000101e-01
-9.375000000000000000e-02
