-3.750000000000000000e-01
2.181819999999999871e-01
9.523810000000000608e-02
-1.074380000000000057e-01
-3.548390000000000155e-01
2.909089999999999732e-01
2.842109999999999914e-01
-9.375000000000000000e-02
-3.750000000000000000e-01
3.009709999999999885e-01
1.052630000000000059e-02
-1.562500000000000000e-01
-3.548390000000000155e-01
2.307690000000000019e-01
1.086960000000000010e-01
-1.186439999999999995e-01
-5.000000000000000000e-01
2.427179999999999893e-01
1.566269999999999885e-01
-1.707319999999999949e-01
-4.769229999999999858e-01
2.427179999999999893e-01
2.888890000000000069e-01
-1.039999999999999952e-01
-4.062500000000000000e-01
3.076920000000000210e-01
3.793099999999999805e-01
-3.333330000000000320e-02
-3.846149999999999847e-01
2.673269999999999813e-01
1.368419999999999914e-01
-9.375000000000000000e-02
-5.312500000000000000e-01
1.650490000000000013e-01
1.368419999999999914e-01
-9.375000000000000000e-02
