9.375000000000000000e-02
1.090909999999999935e-01
-1.190480000000000010e-01
-3.553720000000000212e-01
-1.290320000000000078e-01
-1.818180000000000143e-02
-2.421049999999999869e-01
-4.531250000000000000e-01
-2.812500000000000000e-01
-2.912620000000000139e-02
-2.421049999999999869e-01
-3.281250000000000000e-01
-1.290320000000000078e-01
-7.692309999999999426e-02
-1.304349999999999954e-01
-2.033899999999999875e-01
-4.687500000000000000e-01
-3.009709999999999885e-01
-1.204820000000000023e-02
-8.943089999999999373e-02
-5.692310000000000425e-01
-5.728159999999999918e-01
3.333329999999999904e-01
2.640000000000000124e-01
-6.875000000000000000e-01
-7.500000000000000000e-01
6.551719999999999766e-01
5.666670000000000318e-01
-7.538460000000000161e-01
-8.613859999999999850e-01
5.789469999999999894e-01
6.562500000000000000e-01
-7.812500000000000000e-01
-8.640780000000000127e-01
7.052629999999999733e-01
6.562500000000000000e-01
