-2.500000000000000000e-01
-2.000000000000000111e-01
-6.428570000000000118e-01
-5.702479999999999771e-01
0.000000000000000000e+00
-1.272729999999999972e-01
-4.736839999999999939e-01
-5.312500000000000000e-01
-1.250000000000000000e-01
-1.456310000000000104e-01
-4.736839999999999939e-01
-5.781250000000000000e-01
-1.290320000000000078e-01
-1.346150000000000124e-01
-5.434780000000000166e-01
-5.762709999999999777e-01
-1.562500000000000000e-01
-1.262139999999999929e-01
-6.626509999999999900e-01
-6.097559999999999647e-01
-1.384620000000000017e-01
-1.262139999999999929e-01
-5.555560000000000498e-01
-5.999999999999999778e-01
-1.875000000000000000e-01
-1.538460000000000105e-01
-6.321839999999999682e-01
-6.500000000000000222e-01
-1.692309999999999925e-01
-1.287129999999999941e-01
-5.157890000000000530e-01
-5.937500000000000000e-01
-1.875000000000000000e-01
-1.456310000000000104e-01
-5.999999999999999778e-01
-5.937500000000000000e-01
