5.625000000000000000e-01
5.636360000000000259e-01
4.523809999999999776e-01
-2.479340000000000016e-02
6.129029999999999756e-01
5.636360000000000259e-01
5.157890000000000530e-01
4.687500000000000000e-02
7.187500000000000000e-01
9.611650000000000471e-01
6.210529999999999662e-01
1.562500000000000000e-01
5.161289999999999489e-01
5.576919999999999655e-01
3.260870000000000157e-01
-1.016949999999999937e-01
4.687500000000000000e-01
4.757279999999999842e-01
3.975899999999999990e-01
-8.943089999999999373e-02
6.307690000000000241e-01
8.446599999999999664e-01
8.888890000000000402e-01
2.800000000000000266e-01
5.312500000000000000e-01
7.884619999999999962e-01
6.321839999999999682e-01
5.000000000000000278e-02
6.615379999999999594e-01
7.425739999999999563e-01
5.578950000000000298e-01
1.250000000000000000e-01
6.562500000000000000e-01
9.029129999999999656e-01
7.894740000000000091e-01
1.718750000000000000e-01
