-2.812500000000000000e-01
3.636360000000000148e-01
5.000000000000000000e-01
8.264459999999999515e-03
-2.580649999999999888e-01
5.272729999999999917e-01
4.526319999999999788e-01
6.250000000000000000e-02
-2.812500000000000000e-01
5.339810000000000390e-01
3.473680000000000101e-01
6.250000000000000000e-02
-9.677420000000000466e-02
6.153849999999999598e-01
4.565219999999999834e-01
1.016949999999999937e-01
-2.500000000000000000e-01
6.310679999999999623e-01
5.421690000000000120e-01
-2.439020000000000077e-02
-2.307690000000000019e-01
6.310679999999999623e-01
6.666670000000000096e-01
1.039999999999999952e-01
-2.500000000000000000e-01
5.384619999999999962e-01
4.942529999999999979e-01
3.333330000000000320e-02
-1.076919999999999961e-01
5.841579999999999551e-01
4.315789999999999904e-01
4.687500000000000000e-02
-2.500000000000000000e-01
6.504849999999999799e-01
5.157890000000000530e-01
4.687500000000000000e-02
