6.250000000000000000e-01
4.727270000000000083e-01
2.857140000000000235e-01
-5.785119999999999846e-02
6.774189999999999934e-01
5.454550000000000232e-01
4.526319999999999788e-01
-4.687500000000000000e-02
6.250000000000000000e-01
5.728159999999999918e-01
4.526319999999999788e-01
1.562500000000000000e-02
7.096770000000000023e-01
6.153849999999999598e-01
4.347829999999999750e-01
3.389829999999999927e-02
6.562500000000000000e-01
6.310679999999999623e-01
3.975899999999999990e-01
-8.943089999999999373e-02
6.615379999999999594e-01
6.310679999999999623e-01
4.222219999999999862e-01
-2.400000000000000050e-02
6.250000000000000000e-01
6.923080000000000345e-01
4.252870000000000261e-01
-5.000000000000000278e-02
5.076920000000000321e-01
6.633660000000000112e-01
3.684209999999999985e-01
-3.125000000000000000e-02
6.250000000000000000e-01
5.339810000000000390e-01
3.684209999999999985e-01
-9.375000000000000000e-02
