-3.750000000000000000e-01
-1.272729999999999972e-01
-4.761900000000000160e-02
-2.561979999999999813e-01
-2.258060000000000067e-01
-2.545450000000000212e-01
1.368419999999999914e-01
-7.812500000000000000e-02
-2.500000000000000000e-01
-2.815529999999999977e-01
2.210529999999999995e-01
-1.562500000000000000e-02
-3.870970000000000244e-01
-7.692309999999999426e-02
-2.173910000000000009e-01
-2.203390000000000071e-01
-4.062500000000000000e-01
-2.815529999999999977e-01
6.024100000000000288e-02
-5.691059999999999869e-02
-3.846149999999999847e-01
-3.980580000000000229e-01
2.000000000000000111e-01
1.360000000000000098e-01
-6.250000000000000000e-01
-4.423079999999999790e-01
-3.793099999999999805e-01
-3.333329999999999904e-01
-3.846149999999999847e-01
-2.079209999999999947e-01
-2.000000000000000111e-01
-2.968750000000000000e-01
-2.812500000000000000e-01
-1.456310000000000104e-01
-1.157890000000000030e-01
-1.875000000000000000e-01
