-1.875000000000000000e-01
4.909089999999999843e-01
5.714289999999999647e-01
4.132229999999999931e-02
-1.612899999999999889e-01
4.909089999999999843e-01
4.105260000000000020e-01
4.687500000000000000e-02
-1.875000000000000000e-01
5.922330000000000094e-01
3.052630000000000066e-01
4.687500000000000000e-02
-1.290320000000000078e-01
6.346150000000000402e-01
4.347829999999999750e-01
1.016949999999999937e-01
-3.125000000000000000e-02
5.728159999999999918e-01
5.180719999999999770e-01
4.065040000000000320e-02
-1.384620000000000017e-01
6.504849999999999799e-01
4.222219999999999862e-01
1.039999999999999952e-01
-1.562500000000000000e-01
6.153849999999999598e-01
5.172409999999999508e-01
1.166670000000000068e-01
-1.384620000000000017e-01
6.633660000000000112e-01
4.526319999999999788e-01
1.250000000000000000e-01
-1.562500000000000000e-01
7.087379999999999791e-01
4.526319999999999788e-01
1.250000000000000000e-01
