-1.250000000000000000e-01
1.818180000000000143e-02
-2.619049999999999989e-01
-3.884299999999999975e-01
1.612899999999999889e-01
1.636360000000000037e-01
5.263160000000000061e-02
-1.875000000000000000e-01
1.250000000000000000e-01
3.980580000000000229e-01
1.368419999999999914e-01
-1.875000000000000000e-01
-1.290320000000000078e-01
-1.346150000000000124e-01
-4.782609999999999917e-01
-5.084750000000000103e-01
9.375000000000000000e-02
1.650490000000000013e-01
-3.614459999999999895e-02
-2.682930000000000037e-01
2.307690000000000019e-01
3.980580000000000229e-01
1.111110000000000014e-01
-2.000000000000000111e-01
-4.062500000000000000e-01
-2.307690000000000019e-01
-7.011490000000000222e-01
-6.500000000000000222e-01
-2.615379999999999927e-01
-2.079209999999999947e-01
-6.631580000000000252e-01
-5.937500000000000000e-01
-2.812500000000000000e-01
-2.233009999999999995e-01
-5.157890000000000530e-01
-5.312500000000000000e-01
