6.250000000000000000e-02
3.636360000000000287e-02
-2.142860000000000043e-01
-4.049590000000000134e-01
9.677420000000000466e-02
3.636360000000000287e-02
-2.631580000000000030e-01
-4.375000000000000000e-01
6.250000000000000000e-02
1.844659999999999911e-01
-9.473679999999999601e-02
-3.750000000000000000e-01
3.225809999999999789e-02
1.153850000000000015e-01
-2.826089999999999991e-01
-4.067799999999999749e-01
1.250000000000000000e-01
1.262139999999999929e-01
-1.807229999999999948e-01
-4.471539999999999959e-01
1.384620000000000017e-01
1.262139999999999929e-01
-1.111110000000000014e-01
-3.760000000000000009e-01
-3.125000000000000000e-02
1.538460000000000105e-01
-2.183910000000000018e-01
-4.000000000000000222e-01
-1.538460000000000001e-02
1.881190000000000084e-01
-1.368419999999999914e-01
-3.593750000000000000e-01
1.250000000000000000e-01
8.737860000000000071e-02
-1.368419999999999914e-01
-4.062500000000000000e-01
