-9.375000000000000000e-01
-9.454550000000000454e-01
1.000000000000000000e+00
9.338840000000000474e-01
-9.354839999999999822e-01
-9.454550000000000454e-01
7.894740000000000091e-01
8.906250000000000000e-01
-9.375000000000000000e-01
-9.417480000000000295e-01
6.842110000000000136e-01
7.656250000000000000e-01
-9.354839999999999822e-01
-9.615380000000000038e-01
7.826089999999999991e-01
9.830510000000000081e-01
-8.750000000000000000e-01
-9.611650000000000471e-01
6.385539999999999550e-01
7.723579999999999890e-01
-8.461539999999999617e-01
-8.640780000000000127e-01
7.555560000000000054e-01
8.239999999999999547e-01
-8.750000000000000000e-01
-9.230770000000000364e-01
7.931030000000000024e-01
8.000000000000000444e-01
-8.461539999999999617e-01
-9.603960000000000274e-01
8.105259999999999687e-01
8.281250000000000000e-01
-8.750000000000000000e-01
-9.223299999999999832e-01
8.105259999999999687e-01
7.656250000000000000e-01
