-1.250000000000000000e-01
-1.818180000000000143e-02
-1.904760000000000064e-01
-4.214879999999999738e-01
3.225809999999999789e-02
2.181819999999999871e-01
-2.421049999999999869e-01
-3.281250000000000000e-01
1.250000000000000000e-01
3.009709999999999885e-01
1.052630000000000059e-02
-2.656250000000000000e-01
1.612899999999999889e-01
2.307690000000000019e-01
2.173910000000000078e-02
-1.864409999999999956e-01
1.250000000000000000e-01
3.980580000000000229e-01
1.566269999999999885e-01
-2.357720000000000093e-01
2.615379999999999927e-01
3.980580000000000229e-01
2.000000000000000111e-01
-2.159999999999999976e-01
9.375000000000000000e-02
1.538460000000000105e-01
-1.149430000000000070e-02
-2.500000000000000000e-01
2.307690000000000019e-01
4.257429999999999826e-01
5.263160000000000061e-02
-2.187500000000000000e-01
2.187500000000000000e-01
3.203880000000000061e-01
5.263160000000000061e-02
-2.187500000000000000e-01
