-1.250000000000000000e-01
1.818180000000000143e-02
-3.571429999999999882e-01
-4.380169999999999897e-01
0.000000000000000000e+00
-5.454549999999999677e-02
-2.210529999999999995e-01
-3.593750000000000000e-01
-3.125000000000000000e-02
9.708740000000000425e-03
-2.210529999999999995e-01
-3.593750000000000000e-01
1.290320000000000078e-01
2.307690000000000019e-01
-6.521739999999999482e-02
-2.203390000000000071e-01
9.375000000000000000e-02
8.737860000000000071e-02
-2.048190000000000011e-01
-3.983740000000000059e-01
-1.538460000000000001e-02
9.708740000000000425e-03
-2.222220000000000029e-01
-3.920000000000000151e-01
-6.250000000000000000e-02
0.000000000000000000e+00
-2.873560000000000003e-01
-4.000000000000000222e-01
-4.615380000000000177e-02
2.970300000000000024e-02
-2.842109999999999914e-01
-4.218750000000000000e-01
-6.250000000000000000e-02
-1.456310000000000104e-01
-5.157890000000000530e-01
-4.687500000000000000e-01
