1.875000000000000000e-01
4.000000000000000222e-01
1.428570000000000118e-01
-2.479340000000000016e-02
2.258060000000000067e-01
5.636360000000000259e-01
3.052630000000000066e-01
4.687500000000000000e-02
-6.250000000000000000e-02
4.951459999999999750e-01
3.052630000000000066e-01
-1.562500000000000000e-02
2.580649999999999888e-01
5.576919999999999655e-01
2.391300000000000092e-01
1.016949999999999937e-01
-3.125000000000000000e-02
4.757279999999999842e-01
3.975899999999999990e-01
-2.439020000000000077e-02
-2.615379999999999927e-01
3.203880000000000061e-01
2.222220000000000029e-01
-8.799999999999999489e-02
6.250000000000000000e-02
4.423079999999999790e-01
4.022990000000000177e-01
-6.666669999999999541e-02
-2.615379999999999927e-01
3.861390000000000100e-01
3.473680000000000101e-01
1.562500000000000000e-02
-4.687500000000000000e-01
3.592230000000000145e-01
1.578950000000000076e-01
-4.687500000000000000e-02
