-8.750000000000000000e-01
-9.272730000000000139e-01
5.238099999999999978e-01
6.198350000000000248e-01
-8.709679999999999644e-01
-9.272730000000000139e-01
4.736839999999999939e-01
5.468750000000000000e-01
-8.750000000000000000e-01
-8.640780000000000127e-01
3.684209999999999985e-01
4.843750000000000000e-01
-8.064519999999999467e-01
-8.653849999999999598e-01
5.000000000000000000e-01
6.101689999999999614e-01
-8.125000000000000000e-01
-8.640780000000000127e-01
5.903610000000000246e-01
4.796750000000000180e-01
-7.846149999999999514e-01
-8.252429999999999488e-01
5.999999999999999778e-01
4.719999999999999751e-01
-8.750000000000000000e-01
-9.038460000000000383e-01
7.241379999999999484e-01
5.166669999999999874e-01
-7.230769999999999698e-01
-9.603960000000000274e-01
5.368420000000000414e-01
5.000000000000000000e-01
-8.750000000000000000e-01
-9.029129999999999656e-01
3.263159999999999950e-01
4.375000000000000000e-01
