5.000000000000000000e-01
4.545449999999999768e-01
4.761900000000000022e-01
-9.090910000000000657e-02
5.483869999999999578e-01
4.545449999999999768e-01
4.315789999999999904e-01
-7.812500000000000000e-02
5.000000000000000000e-01
4.757279999999999842e-01
2.210529999999999995e-01
-1.250000000000000000e-01
5.483869999999999578e-01
5.384619999999999962e-01
2.173910000000000009e-01
-8.474579999999999613e-02
5.000000000000000000e-01
4.757279999999999842e-01
2.771080000000000210e-01
-1.382110000000000005e-01
6.615379999999999594e-01
4.757279999999999842e-01
3.111110000000000264e-01
-7.199999999999999456e-02
5.625000000000000000e-01
5.769229999999999636e-01
2.643679999999999919e-01
-8.333329999999999904e-02
4.461539999999999950e-01
5.247519999999999962e-01
3.052630000000000066e-01
-1.250000000000000000e-01
4.375000000000000000e-01
4.951459999999999750e-01
1.368419999999999914e-01
-1.875000000000000000e-01
