4.062500000000000000e-01
3.636360000000000148e-01
2.857140000000000235e-01
-1.735540000000000138e-01
4.516129999999999867e-01
2.727269999999999972e-01
1.578950000000000076e-01
-1.562500000000000000e-01
3.125000000000000000e-01
3.592230000000000145e-01
1.578950000000000076e-01
-1.562500000000000000e-01
5.483869999999999578e-01
6.153849999999999598e-01
2.608699999999999908e-01
-1.694920000000000107e-02
5.000000000000000000e-01
4.563110000000000221e-01
4.216869999999999785e-01
-1.382110000000000005e-01
3.846149999999999847e-01
6.310679999999999623e-01
2.444439999999999946e-01
-7.199999999999999456e-02
5.000000000000000000e-01
4.615380000000000038e-01
2.643679999999999919e-01
-1.000000000000000056e-01
5.076920000000000321e-01
5.049500000000000099e-01
2.210529999999999995e-01
-7.812500000000000000e-02
5.000000000000000000e-01
5.533979999999999455e-01
2.210529999999999995e-01
-7.812500000000000000e-02
