3.125000000000000000e-01
3.636360000000000148e-01
2.857140000000000235e-01
-1.074380000000000057e-01
2.258060000000000067e-01
1.090909999999999935e-01
7.368420000000000525e-02
-1.562500000000000000e-01
-1.562500000000000000e-01
-2.233009999999999995e-01
-9.473679999999999601e-02
-2.031250000000000000e-01
2.903229999999999977e-01
4.423079999999999790e-01
1.521740000000000037e-01
-8.474579999999999613e-02
1.250000000000000000e-01
2.038830000000000087e-01
1.204820000000000023e-02
-2.682930000000000037e-01
-1.076919999999999961e-01
-1.067960000000000020e-01
-1.111110000000000014e-01
-2.000000000000000111e-01
1.250000000000000000e-01
2.307690000000000019e-01
-1.149430000000000070e-02
-2.166669999999999985e-01
2.615379999999999927e-01
3.465349999999999819e-01
5.263160000000000061e-02
-1.875000000000000000e-01
1.250000000000000000e-01
8.737860000000000071e-02
-3.157890000000000003e-02
-1.875000000000000000e-01
