-6.875000000000000000e-01
-1.636360000000000037e-01
-1.904760000000000064e-01
-2.892560000000000131e-01
-5.806449999999999667e-01
-9.090910000000000657e-02
-7.368420000000000525e-02
-2.656250000000000000e-01
-6.875000000000000000e-01
-1.067960000000000020e-01
-1.578950000000000076e-01
-2.656250000000000000e-01
-5.806449999999999667e-01
-7.692309999999999426e-02
-2.608699999999999908e-01
-2.372879999999999989e-01
-5.937500000000000000e-01
-6.796119999999999939e-02
-2.530120000000000147e-01
-2.845530000000000004e-01
-6.615379999999999594e-01
-6.796119999999999939e-02
-8.888890000000000680e-02
-1.680000000000000104e-01
-6.562500000000000000e-01
7.692309999999999426e-02
-8.045979999999999799e-02
-3.166669999999999763e-01
-5.076920000000000321e-01
2.970300000000000024e-02
-3.157890000000000003e-02
-2.187500000000000000e-01
-6.562500000000000000e-01
-6.796119999999999939e-02
-9.473679999999999601e-02
-2.812500000000000000e-01
