3.750000000000000000e-01
3.090910000000000046e-01
2.380950000000000011e-01
-1.404960000000000098e-01
5.483869999999999578e-01
3.090910000000000046e-01
1.368419999999999914e-01
-1.250000000000000000e-01
5.000000000000000000e-01
4.757279999999999842e-01
3.263159999999999950e-01
-7.812500000000000000e-02
5.483869999999999578e-01
4.615380000000000038e-01
2.173910000000000009e-01
-8.474579999999999613e-02
5.000000000000000000e-01
4.757279999999999842e-01
2.771080000000000210e-01
-1.382110000000000005e-01
3.846149999999999847e-01
4.757279999999999842e-01
4.000000000000000222e-01
-7.199999999999999456e-02
4.375000000000000000e-01
4.038459999999999828e-01
2.643679999999999919e-01
-1.499999999999999944e-01
5.692310000000000425e-01
5.247519999999999962e-01
3.052630000000000066e-01
-6.250000000000000000e-02
5.625000000000000000e-01
4.951459999999999750e-01
3.052630000000000066e-01
-1.250000000000000000e-01
