5.000000000000000000e-01
4.545449999999999768e-01
2.619049999999999989e-01
-1.735540000000000138e-01
5.483869999999999578e-01
4.545449999999999768e-01
2.421049999999999869e-01
-9.375000000000000000e-02
5.000000000000000000e-01
5.533979999999999455e-01
3.263159999999999950e-01
-9.375000000000000000e-02
4.838709999999999956e-01
4.807690000000000019e-01
1.956519999999999926e-01
-5.084749999999999687e-02
4.375000000000000000e-01
5.922330000000000094e-01
3.493979999999999864e-01
-1.056909999999999933e-01
5.692310000000000425e-01
6.699030000000000262e-01
5.999999999999999778e-01
8.000000000000000167e-03
3.437500000000000000e-01
4.615380000000000038e-01
4.022990000000000177e-01
-1.333330000000000071e-01
4.769229999999999858e-01
6.831679999999999975e-01
4.526319999999999788e-01
-4.687500000000000000e-02
6.250000000000000000e-01
6.504849999999999799e-01
3.473680000000000101e-01
-4.687500000000000000e-02
