0.000000000000000000e+00
4.363639999999999741e-01
3.095240000000000213e-01
-4.132229999999999931e-02
-2.258060000000000067e-01
2.181819999999999871e-01
9.473679999999999601e-02
-2.187500000000000000e-01
-2.500000000000000000e-01
2.038830000000000087e-01
-1.578950000000000076e-01
-2.656250000000000000e-01
0.000000000000000000e+00
6.346150000000000402e-01
5.000000000000000000e-01
1.186439999999999995e-01
-1.250000000000000000e-01
4.757279999999999842e-01
4.939760000000000262e-01
-1.219510000000000038e-01
-2.307690000000000019e-01
2.427179999999999893e-01
1.111110000000000014e-01
-1.680000000000000104e-01
-3.125000000000000000e-02
6.153849999999999598e-01
6.091950000000000420e-01
1.000000000000000056e-01
-1.384620000000000017e-01
5.841579999999999551e-01
4.315789999999999904e-01
4.687500000000000000e-02
-2.812500000000000000e-01
4.757279999999999842e-01
3.263159999999999950e-01
-1.562500000000000000e-02
