-3.125000000000000000e-02
-1.818180000000000143e-02
-1.904760000000000064e-01
-3.057849999999999735e-01
0.000000000000000000e+00
3.636360000000000287e-02
-9.473679999999999601e-02
-2.812500000000000000e-01
9.375000000000000000e-02
1.844659999999999911e-01
-9.473679999999999601e-02
-2.812500000000000000e-01
9.677420000000000466e-02
9.615379999999999761e-02
-4.347829999999999750e-02
-2.711859999999999826e-01
6.250000000000000000e-02
1.844659999999999911e-01
-1.204820000000000023e-02
-3.170729999999999937e-01
7.692309999999999426e-02
9.708740000000000425e-03
-1.333330000000000071e-01
-2.959999999999999853e-01
0.000000000000000000e+00
1.153850000000000015e-01
3.448280000000000095e-02
-2.500000000000000000e-01
-1.076919999999999961e-01
2.277230000000000087e-01
-7.368420000000000525e-02
-1.562500000000000000e-01
-1.250000000000000000e-01
1.262139999999999929e-01
1.052630000000000059e-02
-9.375000000000000000e-02
