-5.937500000000000000e-01
-2.363639999999999908e-01
-2.857140000000000235e-01
-3.553720000000000212e-01
-5.806449999999999667e-01
-2.363639999999999908e-01
-3.263159999999999950e-01
-3.281250000000000000e-01
-6.875000000000000000e-01
-2.427179999999999893e-01
-3.263159999999999950e-01
-3.281250000000000000e-01
-6.774189999999999934e-01
-1.538460000000000105e-01
-2.608699999999999908e-01
-3.728810000000000180e-01
-6.875000000000000000e-01
-1.456310000000000104e-01
-2.530120000000000147e-01
-3.495929999999999871e-01
-6.615379999999999594e-01
-6.796119999999999939e-02
-8.888890000000000680e-02
-2.800000000000000266e-01
-6.562500000000000000e-01
-1.346150000000000124e-01
-2.643679999999999919e-01
-3.166669999999999763e-01
-6.307690000000000241e-01
-1.089109999999999939e-01
-2.631580000000000030e-01
-2.812500000000000000e-01
-7.500000000000000000e-01
-1.262139999999999929e-01
-1.789469999999999950e-01
-2.812500000000000000e-01
