-4.687500000000000000e-01
3.636360000000000287e-02
7.142859999999999487e-02
-1.735540000000000138e-01
-5.806449999999999667e-01
3.636360000000000287e-02
7.368420000000000525e-02
-9.375000000000000000e-02
-6.875000000000000000e-01
9.708740000000000425e-03
-9.473679999999999601e-02
-2.031250000000000000e-01
-5.806449999999999667e-01
-3.846150000000000263e-02
-1.086960000000000010e-01
-2.711859999999999826e-01
-5.937500000000000000e-01
-2.912620000000000139e-02
-8.433730000000000393e-02
-3.170729999999999937e-01
-5.692310000000000425e-01
-2.912620000000000139e-02
-1.111110000000000014e-01
-2.479999999999999982e-01
-5.937500000000000000e-01
0.000000000000000000e+00
-1.149430000000000070e-02
-2.166669999999999985e-01
-4.769229999999999858e-01
1.089109999999999939e-01
-3.157890000000000003e-02
-2.343750000000000000e-01
-5.000000000000000000e-01
8.737860000000000071e-02
5.263160000000000061e-02
-1.875000000000000000e-01
