-3.125000000000000000e-02
3.636360000000000287e-02
-3.809520000000000128e-01
-4.876030000000000086e-01
0.000000000000000000e+00
-9.090910000000000657e-02
-2.421049999999999869e-01
-3.906250000000000000e-01
-3.125000000000000000e-02
4.854370000000000213e-02
-3.263159999999999950e-01
-5.156250000000000000e-01
-1.290320000000000078e-01
0.000000000000000000e+00
-3.695649999999999769e-01
-4.576270000000000060e-01
-6.250000000000000000e-02
9.708740000000000425e-03
-3.734939999999999927e-01
-5.447149999999999492e-01
-4.615380000000000177e-02
9.708740000000000425e-03
-2.222220000000000029e-01
-4.719999999999999751e-01
1.250000000000000000e-01
3.846150000000000263e-02
-2.413790000000000102e-01
-4.833330000000000126e-01
1.538460000000000001e-02
6.930690000000000461e-02
-2.421049999999999869e-01
-4.375000000000000000e-01
-1.250000000000000000e-01
4.854370000000000213e-02
-3.263159999999999950e-01
-4.375000000000000000e-01
