1.875000000000000000e-01
1.090909999999999935e-01
-1.190480000000000010e-01
-2.892560000000000131e-01
-2.580649999999999888e-01
-3.454550000000000121e-01
7.368420000000000525e-02
-4.687500000000000000e-02
-7.812500000000000000e-01
-8.058250000000000135e-01
4.526319999999999788e-01
6.250000000000000000e-01
2.903229999999999977e-01
1.923080000000000067e-01
-1.086960000000000010e-01
-2.711859999999999826e-01
0.000000000000000000e+00
4.854370000000000213e-02
-8.433730000000000393e-02
-3.170729999999999937e-01
-4.461539999999999950e-01
-5.728159999999999918e-01
4.444440000000000057e-01
3.439999999999999725e-01
2.500000000000000000e-01
2.307690000000000019e-01
-1.149430000000000070e-02
-2.666669999999999874e-01
3.846149999999999847e-01
2.673269999999999813e-01
-3.157890000000000003e-02
-2.968750000000000000e-01
-1.250000000000000000e-01
-2.038830000000000087e-01
5.263160000000000061e-02
-1.250000000000000000e-01
