-1.562500000000000000e-01
-3.272729999999999806e-01
-4.047620000000000107e-01
-4.380169999999999897e-01
-3.870970000000000244e-01
-3.818179999999999907e-01
-4.315789999999999904e-01
-3.437500000000000000e-01
-5.312500000000000000e-01
-4.757279999999999842e-01
-2.631580000000000030e-01
-4.062500000000000000e-01
-1.612899999999999889e-01
-1.538460000000000105e-01
-4.130429999999999935e-01
-4.406780000000000141e-01
-1.875000000000000000e-01
-3.009709999999999885e-01
-5.180719999999999770e-01
-4.796750000000000180e-01
-3.846149999999999847e-01
-3.592230000000000145e-01
-4.888890000000000180e-01
-4.560000000000000164e-01
-3.125000000000000000e-02
-3.846150000000000263e-02
-2.413790000000000102e-01
-4.333330000000000237e-01
-1.384620000000000017e-01
-8.910890000000000477e-02
-4.736839999999999939e-01
-5.156250000000000000e-01
-2.812500000000000000e-01
-2.427179999999999893e-01
-6.210529999999999662e-01
-5.625000000000000000e-01
