-2.812500000000000000e-01
-2.727269999999999972e-01
-6.904759999999999787e-01
-6.859499999999999487e-01
-3.870970000000000244e-01
-4.727270000000000083e-01
-7.473680000000000323e-01
-7.031250000000000000e-01
-5.000000000000000000e-01
-4.951459999999999750e-01
-6.631580000000000252e-01
-7.031250000000000000e-01
-3.870970000000000244e-01
-4.230769999999999809e-01
-9.565219999999999834e-01
-8.474580000000000446e-01
-6.250000000000000000e-01
-5.339810000000000390e-01
-9.518069999999999586e-01
-8.699189999999999978e-01
-5.999999999999999778e-01
-5.339810000000000390e-01
-5.111109999999999820e-01
-5.520000000000000462e-01
-4.687500000000000000e-01
-4.423079999999999790e-01
-9.310340000000000282e-01
-8.333329999999999904e-01
-5.692310000000000425e-01
-4.851489999999999969e-01
-7.894740000000000091e-01
-7.656250000000000000e-01
-4.687500000000000000e-01
-4.951459999999999750e-01
-6.421050000000000368e-01
-5.937500000000000000e-01
