5.000000000000000000e-01
3.090910000000000046e-01
1.428570000000000118e-01
-1.404960000000000098e-01
4.193549999999999778e-01
3.818179999999999907e-01
2.210529999999999995e-01
-1.250000000000000000e-01
5.000000000000000000e-01
3.203880000000000061e-01
1.368419999999999914e-01
-1.875000000000000000e-01
2.580649999999999888e-01
3.846149999999999847e-01
2.173910000000000078e-02
-2.203390000000000071e-01
5.000000000000000000e-01
3.203880000000000061e-01
6.024100000000000288e-02
-2.682930000000000037e-01
5.076920000000000321e-01
3.203880000000000061e-01
1.111110000000000014e-01
-1.360000000000000098e-01
4.375000000000000000e-01
4.807690000000000019e-01
2.643679999999999919e-01
-8.333329999999999904e-02
4.461539999999999950e-01
5.247519999999999962e-01
1.368419999999999914e-01
-1.250000000000000000e-01
3.125000000000000000e-01
4.174760000000000137e-01
5.263160000000000061e-02
-1.250000000000000000e-01
