2.187500000000000000e-01
2.363639999999999908e-01
4.761900000000000160e-02
-2.396689999999999932e-01
2.580649999999999888e-01
3.090910000000000046e-01
5.263160000000000061e-02
-1.562500000000000000e-01
2.187500000000000000e-01
3.203880000000000061e-01
5.263160000000000061e-02
-1.562500000000000000e-01
3.548390000000000155e-01
3.269230000000000191e-01
2.173910000000000078e-02
-1.864409999999999956e-01
4.375000000000000000e-01
3.398059999999999969e-01
1.566269999999999885e-01
-2.357720000000000093e-01
3.230770000000000031e-01
3.398059999999999969e-01
1.111110000000000014e-01
-1.680000000000000104e-01
3.437500000000000000e-01
3.076920000000000210e-01
1.034479999999999983e-01
-2.500000000000000000e-01
2.307690000000000019e-01
4.257429999999999826e-01
-1.052630000000000059e-02
-2.187500000000000000e-01
2.187500000000000000e-01
3.980580000000000229e-01
1.578950000000000076e-01
-1.562500000000000000e-01
