-6.562500000000000000e-01
-6.727269999999999639e-01
3.571429999999999882e-01
5.206610000000000404e-01
-8.709679999999999644e-01
-9.636360000000000481e-01
5.368420000000000414e-01
6.250000000000000000e-01
-8.750000000000000000e-01
-8.058250000000000135e-01
4.315789999999999904e-01
6.250000000000000000e-01
-3.870970000000000244e-01
0.000000000000000000e+00
3.913039999999999852e-01
2.542369999999999908e-01
-8.125000000000000000e-01
-6.893200000000000438e-01
3.493979999999999864e-01
4.308939999999999992e-01
-6.923080000000000345e-01
-5.728159999999999918e-01
3.777780000000000027e-01
4.239999999999999880e-01
-1.562500000000000000e-01
5.576919999999999655e-01
4.022990000000000177e-01
6.666669999999999541e-02
-4.769229999999999858e-01
-1.485150000000000081e-01
2.631580000000000030e-01
7.812500000000000000e-02
-6.250000000000000000e-01
-4.757279999999999842e-01
-1.052630000000000059e-02
1.875000000000000000e-01
