-3.750000000000000000e-01
5.454549999999999677e-02
-9.523810000000000608e-02
-2.396689999999999932e-01
-2.258060000000000067e-01
1.272729999999999972e-01
1.052630000000000059e-02
-1.562500000000000000e-01
-2.500000000000000000e-01
3.786410000000000053e-01
1.789469999999999950e-01
-3.125000000000000000e-02
-4.838709999999999956e-01
2.307690000000000019e-01
1.086960000000000010e-01
-1.864409999999999956e-01
-3.750000000000000000e-01
3.203880000000000061e-01
3.734939999999999927e-01
-1.219510000000000038e-01
-2.307690000000000019e-01
3.203880000000000061e-01
2.000000000000000111e-01
-5.600000000000000117e-02
-2.812500000000000000e-01
3.846149999999999847e-01
3.793099999999999805e-01
-1.166670000000000068e-01
-2.615379999999999927e-01
5.049500000000000099e-01
3.263159999999999950e-01
-1.562500000000000000e-02
-2.812500000000000000e-01
4.757279999999999842e-01
3.263159999999999950e-01
-1.562500000000000000e-02
