-2.500000000000000000e-01
5.454550000000000232e-01
5.714289999999999647e-01
4.132229999999999931e-02
-3.548390000000000155e-01
4.545449999999999768e-01
5.157890000000000530e-01
4.687500000000000000e-02
-2.500000000000000000e-01
5.533979999999999455e-01
4.315789999999999904e-01
9.375000000000000000e-02
0.000000000000000000e+00
5.384619999999999962e-01
4.130429999999999935e-01
6.779659999999999853e-02
-1.562500000000000000e-01
4.757279999999999842e-01
3.734939999999999927e-01
8.130079999999999599e-03
-1.384620000000000017e-01
5.533979999999999455e-01
5.111109999999999820e-01
7.199999999999999456e-02
-2.812500000000000000e-01
5.769229999999999636e-01
4.712640000000000162e-01
1.000000000000000056e-01
-2.615379999999999927e-01
5.247519999999999962e-01
4.105260000000000020e-01
4.687500000000000000e-02
-2.812500000000000000e-01
5.922330000000000094e-01
3.052630000000000066e-01
-1.562500000000000000e-02
