-9.062500000000000000e-01
-9.636360000000000481e-01
2.380950000000000011e-01
3.388430000000000053e-01
-8.064519999999999467e-01
-8.727270000000000305e-01
1.368419999999999914e-01
1.562500000000000000e-01
-8.125000000000000000e-01
-7.669899999999999496e-01
-1.368419999999999914e-01
4.687500000000000000e-02
-9.677419999999999911e-01
-9.038460000000000383e-01
2.173910000000000009e-01
3.389829999999999788e-01
-8.750000000000000000e-01
-9.029129999999999656e-01
2.771080000000000210e-01
2.682930000000000037e-01
-7.230769999999999698e-01
-8.058250000000000135e-01
2.000000000000000111e-01
1.360000000000000098e-01
-9.062500000000000000e-01
-9.038460000000000383e-01
8.045979999999999799e-02
1.499999999999999944e-01
-9.692309999999999537e-01
-9.009899999999999576e-01
5.263160000000000061e-02
2.187500000000000000e-01
-9.062500000000000000e-01
-9.611650000000000471e-01
1.368419999999999914e-01
2.187500000000000000e-01
