-5.000000000000000000e-01
-6.727269999999999639e-01
1.666670000000000096e-01
1.900830000000000020e-01
-7.096770000000000023e-01
-8.181819999999999649e-01
3.473680000000000101e-01
4.218750000000000000e-01
-8.125000000000000000e-01
-8.058250000000000135e-01
1.578950000000000076e-01
3.593750000000000000e-01
-1.290320000000000078e-01
-1.538460000000000105e-01
-2.173910000000000009e-01
-2.033899999999999875e-01
-6.875000000000000000e-01
-6.893200000000000438e-01
-1.204820000000000023e-02
2.032519999999999882e-01
-8.461539999999999617e-01
-7.475730000000000430e-01
2.222220000000000029e-01
3.119999999999999996e-01
2.500000000000000000e-01
1.923080000000000067e-01
3.448280000000000095e-02
-3.666670000000000207e-01
-2.307690000000000019e-01
-3.069310000000000094e-01
-7.368420000000000525e-02
-1.562500000000000000e-01
-3.750000000000000000e-01
-3.786410000000000053e-01
1.052630000000000059e-02
-3.125000000000000000e-02
