9.375000000000000000e-02
9.090910000000000657e-02
-4.761900000000000160e-02
-3.719009999999999816e-01
1.290320000000000078e-01
1.636360000000000037e-01
-3.157890000000000003e-02
-3.437500000000000000e-01
9.375000000000000000e-02
1.650490000000000013e-01
-9.473679999999999601e-02
-4.062500000000000000e-01
9.677420000000000466e-02
1.538460000000000105e-01
-1.521740000000000037e-01
-3.728810000000000180e-01
1.875000000000000000e-01
1.650490000000000013e-01
-2.289160000000000084e-01
-4.796750000000000180e-01
2.000000000000000111e-01
1.650490000000000013e-01
-6.666669999999999541e-02
-4.079999999999999738e-01
2.187500000000000000e-01
1.730770000000000086e-01
-8.045979999999999799e-02
-4.333330000000000237e-01
1.076919999999999961e-01
1.287129999999999941e-01
-1.578950000000000076e-01
-3.906250000000000000e-01
9.375000000000000000e-02
1.067960000000000020e-01
-9.473679999999999601e-02
-3.281250000000000000e-01
