-2.812500000000000000e-01
5.454550000000000232e-01
5.000000000000000000e-01
7.438019999999999354e-02
-2.580649999999999888e-01
5.454550000000000232e-01
6.842110000000000136e-01
1.250000000000000000e-01
-3.125000000000000000e-02
6.504849999999999799e-01
6.842110000000000136e-01
1.250000000000000000e-01
-2.580649999999999888e-01
6.153849999999999598e-01
5.434780000000000166e-01
1.525420000000000109e-01
-2.812500000000000000e-01
6.310679999999999623e-01
6.385539999999999550e-01
8.943089999999999373e-02
-1.384620000000000017e-01
7.087379999999999791e-01
7.555560000000000054e-01
1.519999999999999962e-01
-2.500000000000000000e-01
5.192309999999999981e-01
6.551719999999999766e-01
6.666669999999999541e-02
-2.307690000000000019e-01
6.633660000000000112e-01
4.736839999999999939e-01
7.812500000000000000e-02
-2.500000000000000000e-01
6.310679999999999623e-01
5.789469999999999894e-01
1.406250000000000000e-01
