3.750000000000000000e-01
2.363639999999999908e-01
4.761900000000000160e-02
-2.561979999999999813e-01
2.903229999999999977e-01
1.636360000000000037e-01
-3.157890000000000003e-02
-1.875000000000000000e-01
-3.125000000000000000e-02
1.650490000000000013e-01
-1.368419999999999914e-01
-2.968750000000000000e-01
2.580649999999999888e-01
3.076920000000000210e-01
-6.521739999999999482e-02
-2.203390000000000071e-01
2.187500000000000000e-01
2.427179999999999893e-01
-1.084340000000000026e-01
-3.333329999999999904e-01
2.307690000000000019e-01
2.427179999999999893e-01
2.222220000000000098e-02
-2.640000000000000124e-01
3.125000000000000000e-01
3.269230000000000191e-01
8.045979999999999799e-02
-2.166669999999999985e-01
2.000000000000000111e-01
2.673269999999999813e-01
-3.157890000000000003e-02
-2.343750000000000000e-01
1.875000000000000000e-01
2.427179999999999893e-01
-3.157890000000000003e-02
-2.343750000000000000e-01
