4.062500000000000000e-01
3.636360000000000148e-01
2.857140000000000235e-01
-2.231400000000000050e-01
3.548390000000000155e-01
1.090909999999999935e-01
7.368420000000000525e-02
-2.656250000000000000e-01
-1.562500000000000000e-01
-1.456310000000000104e-01
-9.473679999999999601e-02
-4.375000000000000000e-01
4.193549999999999778e-01
4.423079999999999790e-01
6.521739999999999482e-02
-2.203390000000000071e-01
0.000000000000000000e+00
4.854370000000000213e-02
-1.807229999999999948e-01
-4.959350000000000147e-01
-1.076919999999999961e-01
-1.844659999999999911e-01
-2.000000000000000111e-01
-3.760000000000000009e-01
-3.125000000000000000e-02
0.000000000000000000e+00
-2.183910000000000018e-01
-4.000000000000000222e-01
-1.076919999999999961e-01
-4.950500000000000039e-02
-2.210529999999999995e-01
-4.062500000000000000e-01
1.250000000000000000e-01
8.737860000000000071e-02
-1.368419999999999914e-01
-2.968750000000000000e-01
