-1.562500000000000000e-01
2.727269999999999972e-01
7.142859999999999487e-02
-2.231400000000000050e-01
9.677420000000000466e-02
3.636360000000000148e-01
3.473680000000000101e-01
-4.687500000000000000e-02
6.250000000000000000e-02
7.087379999999999791e-01
4.526319999999999788e-01
6.250000000000000000e-02
1.612899999999999889e-01
6.153849999999999598e-01
4.565219999999999834e-01
3.389829999999999927e-02
1.250000000000000000e-01
7.087379999999999791e-01
5.421690000000000120e-01
1.056909999999999933e-01
1.538460000000000001e-02
7.087379999999999791e-01
5.555560000000000498e-01
1.680000000000000104e-01
1.250000000000000000e-01
7.115380000000000038e-01
5.862070000000000336e-01
8.333329999999999904e-02
1.384620000000000017e-01
6.831679999999999975e-01
6.421050000000000368e-01
9.375000000000000000e-02
2.500000000000000000e-01
7.281549999999999967e-01
6.421050000000000368e-01
1.562500000000000000e-01
