-1.562500000000000000e-01
-1.818180000000000143e-02
-3.809520000000000128e-01
-4.876030000000000086e-01
-1.290320000000000078e-01
-1.818180000000000143e-02
-3.263159999999999950e-01
-4.531250000000000000e-01
-3.125000000000000000e-02
-2.912620000000000139e-02
-2.421049999999999869e-01
-4.531250000000000000e-01
9.677420000000000466e-02
1.730770000000000086e-01
-2.173910000000000009e-01
-3.220339999999999869e-01
1.875000000000000000e-01
2.621359999999999801e-01
-1.204820000000000023e-02
-2.520330000000000070e-01
3.230770000000000031e-01
3.592230000000000145e-01
4.444440000000000196e-02
-1.839999999999999969e-01
5.000000000000000000e-01
5.192309999999999981e-01
3.333329999999999904e-01
-1.166670000000000068e-01
5.076920000000000321e-01
5.643559999999999688e-01
2.842109999999999914e-01
-9.375000000000000000e-02
5.000000000000000000e-01
4.563110000000000221e-01
2.842109999999999914e-01
-9.375000000000000000e-02
