6.250000000000000000e-02
1.818180000000000074e-01
1.666670000000000096e-01
-5.785119999999999846e-02
2.258060000000000067e-01
1.818180000000000074e-01
2.631580000000000030e-01
1.562500000000000000e-02
1.875000000000000000e-01
3.592230000000000145e-01
3.473680000000000101e-01
6.250000000000000000e-02
2.903229999999999977e-01
6.153849999999999598e-01
5.652169999999999694e-01
1.694920000000000038e-01
5.000000000000000000e-01
7.087379999999999791e-01
8.072289999999999743e-01
1.056909999999999933e-01
5.076920000000000321e-01
6.310679999999999623e-01
5.555560000000000498e-01
4.000000000000000083e-02
3.750000000000000000e-01
7.115380000000000038e-01
7.241379999999999484e-01
1.499999999999999944e-01
6.307690000000000241e-01
7.623760000000000536e-01
7.473680000000000323e-01
1.562500000000000000e-01
3.750000000000000000e-01
6.504849999999999799e-01
5.157890000000000530e-01
4.687500000000000000e-02
