-3.125000000000000000e-02
9.090910000000000657e-02
-2.142860000000000043e-01
-4.380169999999999897e-01
1.290320000000000078e-01
1.818180000000000143e-02
-1.789469999999999950e-01
-4.062500000000000000e-01
9.375000000000000000e-02
1.650490000000000013e-01
-1.789469999999999950e-01
-4.062500000000000000e-01
9.677420000000000466e-02
7.692309999999999426e-02
-2.391300000000000092e-01
-4.406780000000000141e-01
-6.250000000000000000e-02
8.737860000000000071e-02
-3.253010000000000068e-01
-4.146340000000000026e-01
7.692309999999999426e-02
8.737860000000000071e-02
-2.444439999999999946e-01
-4.079999999999999738e-01
-1.562500000000000000e-01
-1.153850000000000015e-01
-4.022990000000000177e-01
-6.166669999999999652e-01
-2.615379999999999927e-01
-8.910890000000000477e-02
-5.368420000000000414e-01
-5.625000000000000000e-01
-1.562500000000000000e-01
-1.067960000000000020e-01
-3.894739999999999869e-01
-5.156250000000000000e-01
