1.875000000000000000e-01
1.090909999999999935e-01
-2.142860000000000043e-01
-4.049590000000000134e-01
-3.548390000000000155e-01
-3.454550000000000121e-01
-6.421050000000000368e-01
-8.125000000000000000e-01
-6.875000000000000000e-01
-6.310679999999999623e-01
-7.263159999999999616e-01
-7.656250000000000000e-01
1.612899999999999889e-01
1.153850000000000015e-01
-1.956519999999999926e-01
-5.254240000000000022e-01
-4.687500000000000000e-01
-3.786410000000000053e-01
-8.072289999999999743e-01
-9.186990000000000434e-01
-5.692310000000000425e-01
-5.728159999999999918e-01
-5.333329999999999460e-01
-7.279999999999999805e-01
-3.125000000000000000e-02
7.692309999999999426e-02
-2.183910000000000018e-01
-5.833329999999999904e-01
-4.769229999999999858e-01
-4.059409999999999963e-01
-7.263159999999999616e-01
-8.125000000000000000e-01
-5.937500000000000000e-01
-5.339810000000000390e-01
-6.421050000000000368e-01
-6.406250000000000000e-01
