-1.875000000000000000e-01
4.000000000000000222e-01
2.380950000000000011e-01
4.132229999999999931e-02
-1.612899999999999889e-01
4.000000000000000222e-01
4.105260000000000020e-01
-1.562500000000000000e-02
-1.875000000000000000e-01
4.174760000000000137e-01
2.210529999999999995e-01
-6.250000000000000000e-02
-2.580649999999999888e-01
2.307690000000000019e-01
4.347829999999999750e-02
-2.203390000000000071e-01
-2.812500000000000000e-01
3.203880000000000061e-01
1.807229999999999948e-01
-2.032519999999999882e-01
-1.384620000000000017e-01
3.203880000000000061e-01
1.333330000000000071e-01
-1.360000000000000098e-01
-2.812500000000000000e-01
9.615379999999999761e-02
1.149430000000000070e-02
-3.499999999999999778e-01
-2.615379999999999927e-01
1.287129999999999941e-01
-9.473679999999999601e-02
-3.125000000000000000e-01
-1.562500000000000000e-01
1.067960000000000020e-01
-1.789469999999999950e-01
-2.656250000000000000e-01
