-5.000000000000000000e-01
-5.636360000000000259e-01
-5.476189999999999669e-01
-4.214879999999999738e-01
-6.129029999999999756e-01
-5.636360000000000259e-01
-3.894739999999999869e-01
-3.906250000000000000e-01
-5.000000000000000000e-01
-5.922330000000000094e-01
-5.368420000000000414e-01
-5.156250000000000000e-01
-5.806449999999999667e-01
-5.000000000000000000e-01
-5.434780000000000166e-01
-4.576270000000000060e-01
-5.937500000000000000e-01
-4.951459999999999750e-01
-5.662650000000000183e-01
-4.308939999999999992e-01
-4.461539999999999950e-01
-4.951459999999999750e-01
-3.777780000000000027e-01
-4.239999999999999880e-01
-4.687500000000000000e-01
-4.615380000000000038e-01
-3.333329999999999904e-01
-4.333330000000000237e-01
-5.692310000000000425e-01
-6.237620000000000386e-01
-1.578950000000000076e-01
-1.562500000000000000e-01
-8.750000000000000000e-01
-8.058250000000000135e-01
-7.368420000000000525e-02
7.812500000000000000e-02
