-2.500000000000000000e-01
3.818179999999999907e-01
5.714289999999999647e-01
-2.479340000000000016e-02
0.000000000000000000e+00
4.545449999999999768e-01
5.157890000000000530e-01
4.687500000000000000e-02
-3.125000000000000000e-02
5.533979999999999455e-01
5.157890000000000530e-01
4.687500000000000000e-02
-1.290320000000000078e-01
4.615380000000000038e-01
4.130429999999999935e-01
6.779659999999999853e-02
-1.562500000000000000e-01
5.533979999999999455e-01
3.734939999999999927e-01
8.130079999999999599e-03
-1.384620000000000017e-01
5.533979999999999455e-01
6.222220000000000528e-01
7.199999999999999456e-02
-1.875000000000000000e-01
4.807690000000000019e-01
4.712640000000000162e-01
-3.333330000000000320e-02
-2.615379999999999927e-01
5.247519999999999962e-01
3.052630000000000066e-01
-1.562500000000000000e-02
-1.875000000000000000e-01
4.174760000000000137e-01
3.052630000000000066e-01
-1.562500000000000000e-02
