0.000000000000000000e+00
5.454549999999999677e-02
-2.857140000000000235e-01
-4.710739999999999927e-01
2.903229999999999977e-01
1.272729999999999972e-01
-7.368420000000000525e-02
-3.281250000000000000e-01
2.500000000000000000e-01
2.038830000000000087e-01
-7.368420000000000525e-02
-2.656250000000000000e-01
6.774189999999999934e-01
5.384619999999999962e-01
1.956519999999999926e-01
-1.186439999999999995e-01
3.750000000000000000e-01
4.757279999999999842e-01
3.734939999999999927e-01
-2.357720000000000093e-01
3.846149999999999847e-01
3.980580000000000229e-01
2.000000000000000111e-01
-1.039999999999999952e-01
3.750000000000000000e-01
4.615380000000000038e-01
1.724140000000000117e-01
-1.833329999999999960e-01
5.076920000000000321e-01
5.049500000000000099e-01
1.368419999999999914e-01
-1.562500000000000000e-01
5.000000000000000000e-01
4.757279999999999842e-01
1.368419999999999914e-01
-9.375000000000000000e-02
