2.187500000000000000e-01
2.363639999999999908e-01
4.761900000000000160e-02
-1.074380000000000057e-01
-1.290320000000000078e-01
2.363639999999999908e-01
2.421049999999999869e-01
-1.562500000000000000e-02
-2.812500000000000000e-01
3.203880000000000061e-01
3.263159999999999950e-01
-9.375000000000000000e-02
3.548390000000000155e-01
4.038459999999999828e-01
1.956519999999999926e-01
-5.084749999999999687e-02
6.250000000000000000e-02
3.398059999999999969e-01
1.566269999999999885e-01
-1.056909999999999933e-01
-2.615379999999999927e-01
3.398059999999999969e-01
1.111110000000000014e-01
8.000000000000000167e-03
2.187500000000000000e-01
3.846149999999999847e-01
3.103449999999999820e-01
-6.666669999999999541e-02
-1.538460000000000001e-02
5.049500000000000099e-01
4.526319999999999788e-01
1.562500000000000000e-02
-4.062500000000000000e-01
3.203880000000000061e-01
2.631580000000000030e-01
-4.687500000000000000e-02
