3.750000000000000000e-01
2.909089999999999732e-01
9.523810000000000608e-02
-2.396689999999999932e-01
4.193549999999999778e-01
3.636360000000000148e-01
9.473679999999999601e-02
-2.187500000000000000e-01
3.750000000000000000e-01
4.563110000000000221e-01
9.473679999999999601e-02
-1.562500000000000000e-01
6.774189999999999934e-01
6.346150000000000402e-01
4.130429999999999935e-01
0.000000000000000000e+00
6.250000000000000000e-01
6.504849999999999799e-01
4.939760000000000262e-01
-1.219510000000000038e-01
6.307690000000000241e-01
5.533979999999999455e-01
4.000000000000000222e-01
-1.039999999999999952e-01
7.812500000000000000e-01
6.153849999999999598e-01
4.942529999999999979e-01
3.333330000000000320e-02
7.846149999999999514e-01
7.623760000000000536e-01
3.263159999999999950e-01
-1.562500000000000000e-02
6.562500000000000000e-01
6.310679999999999623e-01
3.263159999999999950e-01
-1.562500000000000000e-02
