1.250000000000000000e-01
5.454549999999999677e-02
-1.904760000000000064e-01
-4.214879999999999738e-01
1.612899999999999889e-01
2.181819999999999871e-01
-7.368420000000000525e-02
-3.281250000000000000e-01
1.250000000000000000e-01
3.009709999999999885e-01
-7.368420000000000525e-02
-3.906250000000000000e-01
1.612899999999999889e-01
7.692309999999999426e-02
-1.739130000000000120e-01
-4.237290000000000223e-01
2.500000000000000000e-01
1.650490000000000013e-01
-1.566269999999999885e-01
-4.146340000000000026e-01
2.615379999999999927e-01
3.203880000000000061e-01
-8.888890000000000680e-02
-2.800000000000000266e-01
2.187500000000000000e-01
2.307690000000000019e-01
-8.045979999999999799e-02
-3.833329999999999793e-01
2.307690000000000019e-01
2.673269999999999813e-01
-3.157890000000000003e-02
-3.437500000000000000e-01
9.375000000000000000e-02
2.427179999999999893e-01
-9.473679999999999601e-02
-3.437500000000000000e-01
