3.750000000000000000e-01
2.909089999999999732e-01
0.000000000000000000e+00
-2.396689999999999932e-01
2.903229999999999977e-01
1.272729999999999972e-01
-7.368420000000000525e-02
-2.656250000000000000e-01
1.250000000000000000e-01
4.854370000000000213e-02
-1.578950000000000076e-01
-4.375000000000000000e-01
2.903229999999999977e-01
1.538460000000000105e-01
-1.739130000000000120e-01
-3.050849999999999951e-01
-1.250000000000000000e-01
8.737860000000000071e-02
-3.493979999999999864e-01
-4.634150000000000214e-01
-1.076919999999999961e-01
9.708740000000000425e-03
-2.666669999999999874e-01
-3.920000000000000151e-01
-3.125000000000000000e-02
0.000000000000000000e+00
-2.643679999999999919e-01
-4.500000000000000111e-01
-1.538460000000000001e-02
-4.950500000000000039e-02
-2.631580000000000030e-01
-4.062500000000000000e-01
-3.125000000000000000e-02
-6.796119999999999939e-02
-2.631580000000000030e-01
-4.062500000000000000e-01
