-1.250000000000000000e-01
9.090910000000000657e-02
1.428570000000000118e-01
-9.090910000000000657e-02
-3.548390000000000155e-01
-1.272729999999999972e-01
-1.368419999999999914e-01
-2.343750000000000000e-01
-5.000000000000000000e-01
-2.038830000000000087e-01
-3.052630000000000066e-01
-2.968750000000000000e-01
-1.290320000000000078e-01
7.692309999999999426e-02
-6.521739999999999482e-02
-2.203390000000000071e-01
-4.062500000000000000e-01
-1.262139999999999929e-01
-3.012050000000000005e-01
-3.983740000000000059e-01
-5.076920000000000321e-01
-2.038830000000000087e-01
-2.222220000000000029e-01
-2.640000000000000124e-01
-6.250000000000000000e-02
3.269230000000000191e-01
1.724140000000000117e-01
-8.333329999999999904e-02
-2.615379999999999927e-01
2.970300000000000024e-02
-2.000000000000000111e-01
-2.343750000000000000e-01
-5.000000000000000000e-01
-3.009709999999999885e-01
-2.842109999999999914e-01
-3.593750000000000000e-01
