-2.500000000000000000e-01
-1.636360000000000037e-01
-5.714289999999999647e-01
-6.033060000000000089e-01
-2.258060000000000067e-01
-1.636360000000000037e-01
-4.947369999999999823e-01
-5.625000000000000000e-01
-2.500000000000000000e-01
-1.844659999999999911e-01
-5.578950000000000298e-01
-5.625000000000000000e-01
-2.258060000000000067e-01
-1.538460000000000105e-01
-5.217389999999999528e-01
-5.593219999999999859e-01
-2.500000000000000000e-01
-1.456310000000000104e-01
-7.349400000000000377e-01
-6.422759999999999581e-01
-1.076919999999999961e-01
-1.456310000000000104e-01
-5.333329999999999460e-01
-5.200000000000000178e-01
-1.562500000000000000e-01
-1.346150000000000124e-01
-5.172409999999999508e-01
-6.666670000000000096e-01
-1.384620000000000017e-01
-1.089109999999999939e-01
-4.947369999999999823e-01
-6.093750000000000000e-01
-1.562500000000000000e-01
-1.262139999999999929e-01
-4.947369999999999823e-01
-5.468750000000000000e-01
