3.125000000000000000e-01
3.636360000000000148e-01
3.809520000000000128e-01
-5.785119999999999846e-02
9.677420000000000466e-02
1.818180000000000074e-01
-1.052630000000000059e-02
-2.031250000000000000e-01
-6.250000000000000000e-02
9.708740000000000425e-03
-3.263159999999999950e-01
-4.375000000000000000e-01
4.193549999999999778e-01
5.192309999999999981e-01
3.478260000000000240e-01
-1.694920000000000107e-02
3.750000000000000000e-01
4.563110000000000221e-01
3.253010000000000068e-01
-1.382110000000000005e-01
2.615379999999999927e-01
3.009709999999999885e-01
1.555559999999999998e-01
-1.360000000000000098e-01
5.000000000000000000e-01
4.615380000000000038e-01
3.793099999999999805e-01
3.333330000000000320e-02
5.076920000000000321e-01
5.841579999999999551e-01
3.263159999999999950e-01
-1.562500000000000000e-02
5.000000000000000000e-01
5.533979999999999455e-01
4.315789999999999904e-01
-1.562500000000000000e-02
