-3.750000000000000000e-01
-4.181819999999999982e-01
-7.380949999999999456e-01
-6.528929999999999456e-01
-3.548390000000000155e-01
-4.181819999999999982e-01
-5.578950000000000298e-01
-5.625000000000000000e-01
-4.687500000000000000e-01
-3.786410000000000053e-01
-4.105260000000000020e-01
-4.375000000000000000e-01
-3.548390000000000155e-01
-3.461540000000000172e-01
-5.217389999999999528e-01
-4.915249999999999897e-01
-3.750000000000000000e-01
-3.398059999999999969e-01
-5.421690000000000120e-01
-4.634150000000000214e-01
-3.538459999999999939e-01
-4.174760000000000137e-01
-4.444440000000000057e-01
-3.920000000000000151e-01
-4.062500000000000000e-01
-4.038459999999999828e-01
-3.563220000000000276e-01
-4.500000000000000111e-01
-2.615379999999999927e-01
-3.267329999999999957e-01
-3.473680000000000101e-01
-4.843750000000000000e-01
-4.062500000000000000e-01
-3.980580000000000229e-01
-4.315789999999999904e-01
-4.062500000000000000e-01
