-4.062500000000000000e-01
-4.000000000000000222e-01
-4.761900000000000160e-02
-2.066119999999999901e-01
-4.838709999999999956e-01
-5.999999999999999778e-01
1.368419999999999914e-01
1.093750000000000000e-01
-7.187500000000000000e-01
-7.475730000000000430e-01
3.052630000000000066e-01
3.281250000000000000e-01
-8.064519999999999467e-01
-8.076919999999999655e-01
4.347829999999999750e-01
5.932199999999999696e-01
-8.125000000000000000e-01
-9.029129999999999656e-01
5.180719999999999770e-01
5.772359999999999713e-01
-7.846149999999999514e-01
-8.640780000000000127e-01
5.333329999999999460e-01
6.320000000000000062e-01
-8.750000000000000000e-01
-8.653849999999999598e-01
6.321839999999999682e-01
6.999999999999999556e-01
-9.076920000000000543e-01
-9.207920000000000549e-01
5.578950000000000298e-01
6.250000000000000000e-01
-8.750000000000000000e-01
-8.640780000000000127e-01
4.526319999999999788e-01
6.250000000000000000e-01
