5.000000000000000000e-01
3.818179999999999907e-01
1.428570000000000118e-01
-2.066119999999999901e-01
4.193549999999999778e-01
2.363639999999999908e-01
1.368419999999999914e-01
-1.250000000000000000e-01
2.500000000000000000e-01
3.203880000000000061e-01
-3.157890000000000003e-02
-2.968750000000000000e-01
4.193549999999999778e-01
4.615380000000000038e-01
2.173910000000000009e-01
-2.203390000000000071e-01
3.750000000000000000e-01
3.980580000000000229e-01
6.024100000000000288e-02
-2.682930000000000037e-01
3.846149999999999847e-01
3.203880000000000061e-01
3.111110000000000264e-01
-1.360000000000000098e-01
5.625000000000000000e-01
5.769229999999999636e-01
3.563220000000000276e-01
-8.333329999999999904e-02
3.230770000000000031e-01
4.455450000000000244e-01
-3.157890000000000003e-02
-1.875000000000000000e-01
3.125000000000000000e-01
3.398059999999999969e-01
5.263160000000000061e-02
-1.875000000000000000e-01
