-6.250000000000000000e-02
1.818180000000000143e-02
-3.333329999999999904e-01
-4.545449999999999768e-01
-1.612899999999999889e-01
9.090910000000000657e-02
-2.842109999999999914e-01
-3.593750000000000000e-01
6.250000000000000000e-02
2.427179999999999893e-01
5.263160000000000061e-02
-2.343750000000000000e-01
1.290320000000000078e-01
2.307690000000000019e-01
-1.956519999999999926e-01
-2.881360000000000032e-01
2.187500000000000000e-01
1.844659999999999911e-01
-1.084340000000000026e-01
-3.333329999999999904e-01
1.076919999999999961e-01
1.844659999999999911e-01
4.444440000000000196e-02
-3.119999999999999996e-01
1.875000000000000000e-01
2.500000000000000000e-01
1.034479999999999983e-01
-1.833329999999999960e-01
3.230770000000000031e-01
3.861390000000000100e-01
7.368420000000000525e-02
-1.562500000000000000e-01
3.125000000000000000e-01
2.621359999999999801e-01
7.368420000000000525e-02
-2.656250000000000000e-01
