-2.812500000000000000e-01
2.363639999999999908e-01
2.619049999999999989e-01
-1.074380000000000057e-01
-1.290320000000000078e-01
3.090910000000000046e-01
2.421049999999999869e-01
-1.562500000000000000e-02
-1.562500000000000000e-01
4.757279999999999842e-01
3.263159999999999950e-01
-1.562500000000000000e-02
-2.580649999999999888e-01
1.538460000000000105e-01
1.956519999999999926e-01
-1.186439999999999995e-01
-2.812500000000000000e-01
3.398059999999999969e-01
3.493979999999999864e-01
-1.056909999999999933e-01
-2.615379999999999927e-01
4.174760000000000137e-01
3.777780000000000027e-01
-4.000000000000000083e-02
-4.062500000000000000e-01
3.846150000000000263e-02
1.954019999999999924e-01
-1.333330000000000071e-01
-3.846149999999999847e-01
2.079209999999999947e-01
1.578950000000000076e-01
-1.093750000000000000e-01
-4.062500000000000000e-01
2.427179999999999893e-01
2.631580000000000030e-01
-1.093750000000000000e-01
