0.000000000000000000e+00
-1.818180000000000143e-02
-1.904760000000000064e-01
-2.892560000000000131e-01
-9.677420000000000466e-02
-9.090910000000000657e-02
-2.421049999999999869e-01
-3.906250000000000000e-01
-3.750000000000000000e-01
-3.203880000000000061e-01
-4.947369999999999823e-01
-5.625000000000000000e-01
0.000000000000000000e+00
0.000000000000000000e+00
-2.608699999999999908e-01
-3.728810000000000180e-01
-3.125000000000000000e-02
-6.796119999999999939e-02
-2.530120000000000147e-01
-4.146340000000000026e-01
-2.307690000000000019e-01
-3.398059999999999969e-01
-4.444440000000000057e-01
-6.320000000000000062e-01
-1.562500000000000000e-01
-1.346150000000000124e-01
-4.482760000000000078e-01
-5.333329999999999460e-01
-1.538460000000000001e-02
-4.950500000000000039e-02
-3.473680000000000101e-01
-3.437500000000000000e-01
-2.812500000000000000e-01
-3.398059999999999969e-01
-4.947369999999999823e-01
-6.093750000000000000e-01
