3.750000000000000000e-01
6.181820000000000093e-01
5.714289999999999647e-01
9.090910000000000657e-02
1.612899999999999889e-01
5.454550000000000232e-01
4.315789999999999904e-01
-1.562500000000000000e-02
-3.125000000000000000e-02
4.757279999999999842e-01
2.210529999999999995e-01
-7.812500000000000000e-02
0.000000000000000000e+00
4.615380000000000038e-01
3.043480000000000074e-01
6.779659999999999853e-02
-1.562500000000000000e-01
3.980580000000000229e-01
3.734939999999999927e-01
-1.382110000000000005e-01
-2.615379999999999927e-01
2.427179999999999893e-01
2.000000000000000111e-01
-7.199999999999999456e-02
-1.875000000000000000e-01
2.307690000000000019e-01
8.045979999999999799e-02
-2.166669999999999985e-01
-2.615379999999999927e-01
1.881190000000000084e-01
5.263160000000000061e-02
-1.875000000000000000e-01
-2.812500000000000000e-01
1.650490000000000013e-01
1.368419999999999914e-01
-1.250000000000000000e-01
