6.250000000000000000e-01
5.454550000000000232e-01
3.809520000000000128e-01
-5.785119999999999846e-02
5.161289999999999489e-01
3.818179999999999907e-01
1.578950000000000076e-01
-1.562500000000000000e-01
2.187500000000000000e-01
1.844659999999999911e-01
-9.473679999999999601e-02
-3.281250000000000000e-01
5.806449999999999667e-01
5.192309999999999981e-01
2.391300000000000092e-01
-1.525420000000000109e-01
3.125000000000000000e-01
3.592230000000000145e-01
8.433730000000000393e-02
-2.520330000000000070e-01
2.000000000000000111e-01
1.844659999999999911e-01
4.444440000000000196e-02
-2.959999999999999853e-01
3.750000000000000000e-01
3.653850000000000153e-01
1.264369999999999938e-01
-2.500000000000000000e-01
2.615379999999999927e-01
4.059409999999999963e-01
-7.368420000000000525e-02
-3.281250000000000000e-01
1.250000000000000000e-01
1.262139999999999929e-01
-7.368420000000000525e-02
-3.906250000000000000e-01
