5.312500000000000000e-01
4.363639999999999741e-01
2.857140000000000235e-01
-1.074380000000000057e-01
5.806449999999999667e-01
4.363639999999999741e-01
2.631580000000000030e-01
-4.687500000000000000e-02
6.562500000000000000e-01
6.310679999999999623e-01
3.473680000000000101e-01
-4.687500000000000000e-02
6.774189999999999934e-01
5.192309999999999981e-01
2.608699999999999908e-01
-8.474579999999999613e-02
6.250000000000000000e-01
6.310679999999999623e-01
4.216869999999999785e-01
-7.317070000000000518e-02
7.846149999999999514e-01
7.087379999999999791e-01
4.444440000000000057e-01
-8.000000000000000167e-03
6.250000000000000000e-01
5.384619999999999962e-01
3.793099999999999805e-01
-3.333330000000000320e-02
6.307690000000000241e-01
5.841579999999999551e-01
3.263159999999999950e-01
-7.812500000000000000e-02
6.250000000000000000e-01
5.533979999999999455e-01
4.315789999999999904e-01
-1.562500000000000000e-02
