3.750000000000000000e-01
3.818179999999999907e-01
1.428570000000000118e-01
-2.066119999999999901e-01
4.193549999999999778e-01
3.090910000000000046e-01
1.368419999999999914e-01
-2.343750000000000000e-01
3.750000000000000000e-01
3.980580000000000229e-01
1.368419999999999914e-01
-1.875000000000000000e-01
4.193549999999999778e-01
5.384619999999999962e-01
3.043480000000000074e-01
-8.474579999999999613e-02
3.750000000000000000e-01
3.980580000000000229e-01
1.566269999999999885e-01
-2.682930000000000037e-01
3.846149999999999847e-01
3.980580000000000229e-01
2.000000000000000111e-01
-2.000000000000000111e-01
7.187500000000000000e-01
9.423080000000000345e-01
7.011490000000000222e-01
1.499999999999999944e-01
7.230769999999999698e-01
9.009899999999999576e-01
6.210529999999999662e-01
1.093750000000000000e-01
3.125000000000000000e-01
4.174760000000000137e-01
2.210529999999999995e-01
-1.250000000000000000e-01
