5.312500000000000000e-01
3.636360000000000148e-01
3.809520000000000128e-01
-1.074380000000000057e-01
5.806449999999999667e-01
4.363639999999999741e-01
3.473680000000000101e-01
1.562500000000000000e-02
6.562500000000000000e-01
7.087379999999999791e-01
5.578950000000000298e-01
1.562500000000000000e-02
4.193549999999999778e-01
5.192309999999999981e-01
2.608699999999999908e-01
-8.474579999999999613e-02
5.000000000000000000e-01
6.310679999999999623e-01
4.216869999999999785e-01
-7.317070000000000518e-02
6.307690000000000241e-01
7.087379999999999791e-01
4.444440000000000057e-01
4.000000000000000083e-02
5.000000000000000000e-01
6.346150000000000402e-01
3.793099999999999805e-01
-1.000000000000000056e-01
6.307690000000000241e-01
6.831679999999999975e-01
4.315789999999999904e-01
-7.812500000000000000e-02
5.000000000000000000e-01
3.980580000000000229e-01
1.368419999999999914e-01
-7.812500000000000000e-02
