-6.250000000000000000e-01
-2.181819999999999871e-01
-2.857140000000000235e-01
-3.553720000000000212e-01
-4.838709999999999956e-01
-1.636360000000000037e-01
-2.421049999999999869e-01
-2.812500000000000000e-01
-4.062500000000000000e-01
-2.912620000000000139e-02
-1.578950000000000076e-01
-2.187500000000000000e-01
-5.806449999999999667e-01
-7.692309999999999426e-02
-1.304349999999999954e-01
-3.220339999999999869e-01
-5.937500000000000000e-01
-1.456310000000000104e-01
-3.012050000000000005e-01
-4.308939999999999992e-01
-5.692310000000000425e-01
-6.796119999999999939e-02
-4.444440000000000196e-02
-2.479999999999999982e-01
-4.687500000000000000e-01
-1.153850000000000015e-01
-1.494250000000000023e-01
-3.666670000000000207e-01
-6.615379999999999594e-01
-3.069310000000000094e-01
-4.105260000000000020e-01
-3.906250000000000000e-01
-5.937500000000000000e-01
-1.844659999999999911e-01
-3.263159999999999950e-01
-2.656250000000000000e-01
