-4.062500000000000000e-01
-4.545449999999999768e-01
-2.380950000000000080e-02
-1.239669999999999939e-01
-4.838709999999999956e-01
-4.545449999999999768e-01
-1.052630000000000059e-02
-1.093750000000000000e-01
-4.062500000000000000e-01
-4.174760000000000137e-01
-1.052630000000000059e-02
-1.093750000000000000e-01
-5.806449999999999667e-01
-4.423079999999999790e-01
-4.347829999999999750e-02
-3.389829999999999927e-02
-3.750000000000000000e-01
-4.368929999999999758e-01
-1.084340000000000026e-01
-1.382110000000000005e-01
-4.461539999999999950e-01
-3.592230000000000145e-01
-4.444440000000000196e-02
-1.839999999999999969e-01
-4.687500000000000000e-01
-4.615380000000000038e-01
-2.413790000000000102e-01
-2.500000000000000000e-01
-4.461539999999999950e-01
-4.455450000000000244e-01
-2.421049999999999869e-01
-2.656250000000000000e-01
-4.687500000000000000e-01
-4.563110000000000221e-01
-2.421049999999999869e-01
-3.281250000000000000e-01
