5.000000000000000000e-01
4.545449999999999768e-01
2.619049999999999989e-01
-1.074380000000000057e-01
5.483869999999999578e-01
5.272729999999999917e-01
2.421049999999999869e-01
-1.562500000000000000e-02
5.000000000000000000e-01
5.533979999999999455e-01
3.263159999999999950e-01
-9.375000000000000000e-02
9.677420000000000466e-02
0.000000000000000000e+00
2.173910000000000078e-02
-1.864409999999999956e-01
4.375000000000000000e-01
4.174760000000000137e-01
2.530120000000000147e-01
-1.707319999999999949e-01
5.692310000000000425e-01
5.922330000000000094e-01
2.888890000000000069e-01
-4.000000000000000083e-02
-1.562500000000000000e-01
-1.730770000000000086e-01
1.034479999999999983e-01
-1.833329999999999960e-01
2.307690000000000019e-01
3.465349999999999819e-01
-1.052630000000000059e-02
-2.812500000000000000e-01
6.250000000000000000e-01
5.728159999999999918e-01
2.631580000000000030e-01
-4.687500000000000000e-02
