-8.125000000000000000e-01
-8.727270000000000305e-01
7.619050000000000544e-01
6.198350000000000248e-01
-7.096770000000000023e-01
-8.727270000000000305e-01
5.578950000000000298e-01
5.937500000000000000e-01
-8.125000000000000000e-01
-8.640780000000000127e-01
4.526319999999999788e-01
4.843750000000000000e-01
-9.354839999999999822e-01
-8.653849999999999598e-01
4.347829999999999750e-01
6.271189999999999820e-01
-8.750000000000000000e-01
-8.640780000000000127e-01
3.975899999999999990e-01
5.447149999999999492e-01
-8.461539999999999617e-01
-8.640780000000000127e-01
4.222219999999999862e-01
5.520000000000000462e-01
-8.750000000000000000e-01
-9.230770000000000364e-01
5.402299999999999880e-01
6.166669999999999652e-01
-8.461539999999999617e-01
-9.207920000000000549e-01
4.736839999999999939e-01
5.468750000000000000e-01
-8.750000000000000000e-01
-8.640780000000000127e-01
3.684209999999999985e-01
4.843750000000000000e-01
