-8.750000000000000000e-01
-9.272730000000000139e-01
6.190480000000000427e-01
6.528929999999999456e-01
-8.709679999999999644e-01
-9.272730000000000139e-01
6.631580000000000252e-01
7.343750000000000000e-01
-8.750000000000000000e-01
-8.640780000000000127e-01
6.631580000000000252e-01
7.812500000000000000e-01
-7.741940000000000488e-01
-8.653849999999999598e-01
5.652169999999999694e-01
7.288139999999999619e-01
-6.875000000000000000e-01
-9.223299999999999832e-01
8.072289999999999743e-01
6.422759999999999581e-01
-7.538460000000000161e-01
-9.223299999999999832e-01
6.666670000000000096e-01
6.959999999999999520e-01
-8.125000000000000000e-01
-9.230770000000000364e-01
7.241379999999999484e-01
6.833329999999999682e-01
-7.846149999999999514e-01
-9.207920000000000549e-01
6.421050000000000368e-01
6.562500000000000000e-01
-8.125000000000000000e-01
-9.223299999999999832e-01
7.473680000000000323e-01
7.812500000000000000e-01
