-7.812500000000000000e-01
-9.272730000000000139e-01
6.428570000000000118e-01
7.520660000000000123e-01
-7.741940000000000488e-01
-9.272730000000000139e-01
5.789469999999999894e-01
6.562500000000000000e-01
-8.750000000000000000e-01
-9.223299999999999832e-01
5.789469999999999894e-01
6.562500000000000000e-01
-8.064519999999999467e-01
-9.230770000000000364e-01
8.695650000000000324e-01
8.644070000000000364e-01
-6.875000000000000000e-01
-9.223299999999999832e-01
8.554220000000000157e-01
6.422759999999999581e-01
-6.615379999999999594e-01
-9.223299999999999832e-01
7.333330000000000126e-01
6.480000000000000204e-01
-8.750000000000000000e-01
-9.038460000000000383e-01
8.620689999999999742e-01
7.166670000000000540e-01
-8.461539999999999617e-01
-9.009899999999999576e-01
7.684210000000000207e-01
6.875000000000000000e-01
-7.500000000000000000e-01
-8.640780000000000127e-01
6.421050000000000368e-01
6.250000000000000000e-01
