-2.812500000000000000e-01
-4.727270000000000083e-01
2.380950000000000011e-01
1.570249999999999979e-01
-8.064519999999999467e-01
-8.727270000000000305e-01
6.210529999999999662e-01
7.968750000000000000e-01
-9.062500000000000000e-01
-9.029129999999999656e-01
7.473680000000000323e-01
7.968750000000000000e-01
0.000000000000000000e+00
-3.846150000000000263e-02
-1.304349999999999954e-01
-2.203390000000000071e-01
-5.000000000000000000e-01
-7.087379999999999791e-01
3.975899999999999990e-01
3.983740000000000059e-01
-9.076920000000000543e-01
-9.029129999999999656e-01
7.777779999999999694e-01
8.719999999999999973e-01
1.875000000000000000e-01
1.730770000000000086e-01
-8.045979999999999799e-02
-2.999999999999999889e-01
-2.615379999999999927e-01
-2.871290000000000231e-01
7.368420000000000525e-02
-4.687500000000000000e-02
-7.812500000000000000e-01
-8.058250000000000135e-01
4.526319999999999788e-01
6.250000000000000000e-01
