2.500000000000000000e-01
9.090910000000000657e-02
4.761900000000000160e-02
-3.223139999999999894e-01
0.000000000000000000e+00
-1.272729999999999972e-01
-2.210529999999999995e-01
-2.968750000000000000e-01
-2.500000000000000000e-01
-1.456310000000000104e-01
-2.210529999999999995e-01
-2.343750000000000000e-01
2.580649999999999888e-01
2.307690000000000019e-01
-6.521739999999999482e-02
-2.881360000000000032e-01
-3.125000000000000000e-02
-6.796119999999999939e-02
-1.084340000000000026e-01
-2.682930000000000037e-01
-1.384620000000000017e-01
-2.038830000000000087e-01
-4.444440000000000196e-02
-2.000000000000000111e-01
1.875000000000000000e-01
7.692309999999999426e-02
-1.034479999999999983e-01
-4.000000000000000222e-01
2.000000000000000111e-01
2.673269999999999813e-01
-3.157890000000000003e-02
-2.343750000000000000e-01
1.875000000000000000e-01
8.737860000000000071e-02
-2.000000000000000111e-01
-2.968750000000000000e-01
