-5.937500000000000000e-01
-4.181819999999999982e-01
1.904760000000000064e-01
3.223139999999999894e-01
-6.774189999999999934e-01
-9.272730000000000139e-01
3.684209999999999985e-01
5.468750000000000000e-01
-7.812500000000000000e-01
-9.223299999999999832e-01
2.842109999999999914e-01
5.937500000000000000e-01
-3.548390000000000155e-01
7.692309999999999426e-02
1.956519999999999926e-01
0.000000000000000000e+00
-3.750000000000000000e-01
-2.815529999999999977e-01
6.024100000000000288e-02
5.691059999999999869e-02
-5.692310000000000425e-01
-5.339810000000000390e-01
2.000000000000000111e-01
3.599999999999999867e-01
-1.562500000000000000e-01
3.846149999999999847e-01
2.873560000000000003e-01
-3.333330000000000320e-02
-1.384620000000000017e-01
1.881190000000000084e-01
5.263160000000000061e-02
-1.562500000000000000e-01
-2.812500000000000000e-01
9.708740000000000425e-03
5.263160000000000061e-02
-9.375000000000000000e-02
