5.312500000000000000e-01
5.272729999999999917e-01
3.809520000000000128e-01
8.264459999999999515e-03
5.806449999999999667e-01
5.272729999999999917e-01
2.631580000000000030e-01
-4.687500000000000000e-02
5.312500000000000000e-01
5.339810000000000390e-01
3.473680000000000101e-01
-4.687500000000000000e-02
6.774189999999999934e-01
5.192309999999999981e-01
2.608699999999999908e-01
-1.694920000000000107e-02
6.250000000000000000e-01
6.310679999999999623e-01
4.216869999999999785e-01
-7.317070000000000518e-02
6.307690000000000241e-01
6.310679999999999623e-01
5.555560000000000498e-01
-8.000000000000000167e-03
6.250000000000000000e-01
6.346150000000000402e-01
3.793099999999999805e-01
-1.000000000000000056e-01
6.307690000000000241e-01
6.831679999999999975e-01
4.315789999999999904e-01
-1.562500000000000000e-02
6.250000000000000000e-01
6.504849999999999799e-01
4.315789999999999904e-01
4.687500000000000000e-02
