5.000000000000000000e-01
3.818179999999999907e-01
3.571429999999999882e-01
-1.404960000000000098e-01
5.483869999999999578e-01
4.545449999999999768e-01
3.263159999999999950e-01
-1.250000000000000000e-01
5.000000000000000000e-01
4.757279999999999842e-01
2.210529999999999995e-01
-1.250000000000000000e-01
5.483869999999999578e-01
4.615380000000000038e-01
2.173910000000000009e-01
-1.525420000000000109e-01
5.000000000000000000e-01
4.757279999999999842e-01
3.734939999999999927e-01
-2.032519999999999882e-01
3.846149999999999847e-01
4.757279999999999842e-01
2.000000000000000111e-01
-1.360000000000000098e-01
4.375000000000000000e-01
4.038459999999999828e-01
-1.149430000000000070e-02
-2.166669999999999985e-01
3.230770000000000031e-01
4.455450000000000244e-01
1.368419999999999914e-01
-1.875000000000000000e-01
3.125000000000000000e-01
4.174760000000000137e-01
1.368419999999999914e-01
-1.875000000000000000e-01
