-3.750000000000000000e-01
3.090910000000000046e-01
3.571429999999999882e-01
-2.479340000000000016e-02
-2.258060000000000067e-01
3.818179999999999907e-01
4.315789999999999904e-01
-1.562500000000000000e-02
-2.500000000000000000e-01
5.533979999999999455e-01
3.263159999999999950e-01
4.687500000000000000e-02
-2.580649999999999888e-01
3.846149999999999847e-01
3.043480000000000074e-01
0.000000000000000000e+00
-4.062500000000000000e-01
3.980580000000000229e-01
3.734939999999999927e-01
-5.691059999999999869e-02
-3.846149999999999847e-01
4.757279999999999842e-01
5.111109999999999820e-01
8.000000000000000167e-03
-4.062500000000000000e-01
3.269230000000000191e-01
1.724140000000000117e-01
-2.166669999999999985e-01
-2.615379999999999927e-01
2.673269999999999813e-01
2.210529999999999995e-01
-6.250000000000000000e-02
-2.812500000000000000e-01
4.174760000000000137e-01
1.368419999999999914e-01
-6.250000000000000000e-02
