-6.250000000000000000e-01
-1.636360000000000037e-01
-1.904760000000000064e-01
-3.057849999999999735e-01
-4.838709999999999956e-01
3.636360000000000287e-02
-1.052630000000000059e-02
-2.187500000000000000e-01
-5.000000000000000000e-01
4.854370000000000213e-02
-1.052630000000000059e-02
-2.187500000000000000e-01
-6.774189999999999934e-01
-7.692309999999999426e-02
-2.173910000000000009e-01
-2.033899999999999875e-01
-5.937500000000000000e-01
1.067960000000000020e-01
-1.204820000000000023e-02
-2.520330000000000070e-01
-4.461539999999999950e-01
1.067960000000000020e-01
-4.444440000000000196e-02
-2.479999999999999982e-01
-3.750000000000000000e-01
-3.846150000000000263e-02
-5.747130000000000294e-02
-2.500000000000000000e-01
-3.538459999999999939e-01
2.277230000000000087e-01
1.052630000000000059e-02
-1.562500000000000000e-01
-3.750000000000000000e-01
3.009709999999999885e-01
1.789469999999999950e-01
-9.375000000000000000e-02
