5.000000000000000000e-01
4.545449999999999768e-01
2.619049999999999989e-01
-1.735540000000000138e-01
4.193549999999999778e-01
3.818179999999999907e-01
2.421049999999999869e-01
-1.562500000000000000e-01
5.000000000000000000e-01
4.757279999999999842e-01
3.263159999999999950e-01
-9.375000000000000000e-02
4.838709999999999956e-01
4.807690000000000019e-01
1.956519999999999926e-01
-1.186439999999999995e-01
4.375000000000000000e-01
4.174760000000000137e-01
2.530120000000000147e-01
-2.357720000000000093e-01
4.461539999999999950e-01
4.951459999999999750e-01
2.888890000000000069e-01
-1.039999999999999952e-01
3.437500000000000000e-01
3.076920000000000210e-01
1.034479999999999983e-01
-2.500000000000000000e-01
1.076919999999999961e-01
2.673269999999999813e-01
-9.473679999999999601e-02
-3.281250000000000000e-01
9.375000000000000000e-02
1.067960000000000020e-01
-9.473679999999999601e-02
-3.281250000000000000e-01
