-6.875000000000000000e-01
-1.636360000000000037e-01
-2.857140000000000235e-01
-2.892560000000000131e-01
-6.774189999999999934e-01
-2.363639999999999908e-01
-2.421049999999999869e-01
-3.281250000000000000e-01
-6.875000000000000000e-01
-1.844659999999999911e-01
-1.578950000000000076e-01
-2.656250000000000000e-01
-6.774189999999999934e-01
0.000000000000000000e+00
2.173910000000000078e-02
-1.864409999999999956e-01
-6.875000000000000000e-01
-6.796119999999999939e-02
-3.614459999999999895e-02
-2.845530000000000004e-01
-7.846149999999999514e-01
-1.456310000000000104e-01
-1.777779999999999916e-01
-2.800000000000000266e-01
-5.312500000000000000e-01
7.692309999999999426e-02
8.045979999999999799e-02
-1.166670000000000068e-01
-6.307690000000000241e-01
2.970300000000000024e-02
1.368419999999999914e-01
-1.562500000000000000e-01
-6.562500000000000000e-01
8.737860000000000071e-02
5.263160000000000061e-02
-1.562500000000000000e-01
