6.562500000000000000e-01
6.181820000000000093e-01
4.761900000000000022e-01
-2.479340000000000016e-02
5.483869999999999578e-01
5.272729999999999917e-01
4.315789999999999904e-01
-1.562500000000000000e-02
6.562500000000000000e-01
5.533979999999999455e-01
3.263159999999999950e-01
-9.375000000000000000e-02
6.129029999999999756e-01
5.769229999999999636e-01
2.826089999999999991e-01
-5.084749999999999687e-02
5.625000000000000000e-01
4.951459999999999750e-01
4.698800000000000199e-01
-5.691059999999999869e-02
5.692310000000000425e-01
5.922330000000000094e-01
3.777780000000000027e-01
-4.000000000000000083e-02
4.687500000000000000e-01
5.576919999999999655e-01
3.103449999999999820e-01
-6.666669999999999541e-02
6.307690000000000241e-01
6.039600000000000524e-01
2.631580000000000030e-01
-1.093750000000000000e-01
4.687500000000000000e-01
4.757279999999999842e-01
2.631580000000000030e-01
-4.687500000000000000e-02
