5.000000000000000000e-01
4.363639999999999741e-01
3.095240000000000213e-01
-4.132229999999999931e-02
5.483869999999999578e-01
4.363639999999999741e-01
1.789469999999999950e-01
-9.375000000000000000e-02
5.000000000000000000e-01
5.339810000000000390e-01
2.842109999999999914e-01
-9.375000000000000000e-02
5.483869999999999578e-01
4.615380000000000038e-01
1.956519999999999926e-01
-1.186439999999999995e-01
5.000000000000000000e-01
5.533979999999999455e-01
3.734939999999999927e-01
-1.219510000000000038e-01
5.076920000000000321e-01
5.533979999999999455e-01
5.111109999999999820e-01
-5.600000000000000117e-02
5.000000000000000000e-01
5.384619999999999962e-01
2.873560000000000003e-01
-1.833329999999999960e-01
3.846149999999999847e-01
5.049500000000000099e-01
2.421049999999999869e-01
-1.562500000000000000e-01
5.000000000000000000e-01
4.757279999999999842e-01
3.263159999999999950e-01
-9.375000000000000000e-02
