-3.750000000000000000e-01
4.363639999999999741e-01
4.047620000000000107e-01
7.438019999999999354e-02
-2.258060000000000067e-01
4.363639999999999741e-01
4.736839999999999939e-01
7.812500000000000000e-02
-2.500000000000000000e-01
4.563110000000000221e-01
3.684209999999999985e-01
1.562500000000000000e-02
-3.548390000000000155e-01
4.615380000000000038e-01
4.130429999999999935e-01
0.000000000000000000e+00
-2.500000000000000000e-01
5.533979999999999455e-01
4.939760000000000262e-01
8.130079999999999599e-03
-2.307690000000000019e-01
6.504849999999999799e-01
5.111109999999999820e-01
7.199999999999999456e-02
-2.812500000000000000e-01
3.076920000000000210e-01
2.873560000000000003e-01
-3.333330000000000320e-02
-1.384620000000000017e-01
5.841579999999999551e-01
4.315789999999999904e-01
4.687500000000000000e-02
-3.125000000000000000e-02
5.533979999999999455e-01
4.315789999999999904e-01
4.687500000000000000e-02
