-3.125000000000000000e-02
5.454550000000000232e-01
5.714289999999999647e-01
4.132229999999999931e-02
0.000000000000000000e+00
5.454550000000000232e-01
5.157890000000000530e-01
4.687500000000000000e-02
-1.250000000000000000e-01
6.504849999999999799e-01
5.157890000000000530e-01
9.375000000000000000e-02
0.000000000000000000e+00
6.153849999999999598e-01
4.130429999999999935e-01
1.355929999999999913e-01
-3.125000000000000000e-02
6.310679999999999623e-01
6.144579999999999487e-01
7.317070000000000518e-02
-1.538460000000000001e-02
5.533979999999999455e-01
5.111109999999999820e-01
7.199999999999999456e-02
-1.875000000000000000e-01
6.538460000000000383e-01
5.862070000000000336e-01
3.333330000000000320e-02
-4.615380000000000177e-02
7.029699999999999838e-01
4.105260000000000020e-01
1.093750000000000000e-01
-6.250000000000000000e-02
5.922330000000000094e-01
5.157890000000000530e-01
1.093750000000000000e-01
