4.687500000000000000e-01
3.090910000000000046e-01
1.666670000000000096e-01
-5.785119999999999846e-02
3.870970000000000244e-01
3.818179999999999907e-01
3.473680000000000101e-01
-4.687500000000000000e-02
3.437500000000000000e-01
6.504849999999999799e-01
5.578950000000000298e-01
1.562500000000000000e-02
4.516129999999999867e-01
5.192309999999999981e-01
3.260870000000000157e-01
3.389829999999999927e-02
1.875000000000000000e-01
7.087379999999999791e-01
3.975899999999999990e-01
2.439020000000000077e-02
2.000000000000000111e-01
6.310679999999999623e-01
5.333329999999999460e-01
4.000000000000000083e-02
1.250000000000000000e-01
5.192309999999999981e-01
4.252870000000000261e-01
0.000000000000000000e+00
1.538460000000000001e-02
4.851489999999999969e-01
1.789469999999999950e-01
-3.125000000000000000e-02
-2.500000000000000000e-01
3.786410000000000053e-01
9.473679999999999601e-02
-3.125000000000000000e-02
