-8.750000000000000000e-01
-9.272730000000000139e-01
4.047620000000000107e-01
6.198350000000000248e-01
-8.709679999999999644e-01
-9.272730000000000139e-01
3.684209999999999985e-01
5.937500000000000000e-01
-7.812500000000000000e-01
-9.223299999999999832e-01
2.842109999999999914e-01
4.843750000000000000e-01
-8.064519999999999467e-01
-7.692309999999999981e-01
1.956519999999999926e-01
3.728810000000000180e-01
-6.875000000000000000e-01
-5.922330000000000094e-01
1.566269999999999885e-01
1.869919999999999916e-01
-6.615379999999999594e-01
-4.174760000000000137e-01
2.222220000000000098e-02
7.199999999999999456e-02
-5.312500000000000000e-01
-2.884619999999999962e-01
1.724140000000000117e-01
-3.333330000000000320e-02
-3.846149999999999847e-01
-2.673269999999999813e-01
5.263160000000000061e-02
-1.562500000000000000e-02
-5.312500000000000000e-01
-3.398059999999999969e-01
5.263160000000000061e-02
-9.375000000000000000e-02
