0.000000000000000000e+00
-9.090910000000000657e-02
-3.809520000000000128e-01
-4.214879999999999738e-01
-9.677420000000000466e-02
-1.636360000000000037e-01
-4.105260000000000020e-01
-5.000000000000000000e-01
-2.500000000000000000e-01
-1.067960000000000020e-01
-4.947369999999999823e-01
-4.375000000000000000e-01
1.612899999999999889e-01
7.692309999999999426e-02
-2.608699999999999908e-01
-4.237290000000000223e-01
-1.250000000000000000e-01
8.737860000000000071e-02
-4.457829999999999848e-01
-4.634150000000000214e-01
-1.076919999999999961e-01
8.737860000000000071e-02
-2.666669999999999874e-01
-3.439999999999999725e-01
9.375000000000000000e-02
1.538460000000000105e-01
-8.045979999999999799e-02
-3.166669999999999763e-01
-1.538460000000000001e-02
2.970300000000000024e-02
-2.631580000000000030e-01
-4.062500000000000000e-01
-2.812500000000000000e-01
-6.796119999999999939e-02
-3.473680000000000101e-01
-4.062500000000000000e-01
