-1.562500000000000000e-01
-1.272729999999999972e-01
-3.809520000000000128e-01
-4.049590000000000134e-01
-1.290320000000000078e-01
-1.272729999999999972e-01
-2.631580000000000030e-01
-4.375000000000000000e-01
-6.250000000000000000e-02
1.067960000000000020e-01
-1.789469999999999950e-01
-2.656250000000000000e-01
-9.677420000000000466e-02
-1.153850000000000015e-01
-4.565219999999999834e-01
-5.254240000000000022e-01
-2.500000000000000000e-01
-1.067960000000000020e-01
-5.662650000000000183e-01
-4.959350000000000147e-01
1.538460000000000001e-02
4.854370000000000213e-02
-2.000000000000000111e-01
-3.119999999999999996e-01
-1.250000000000000000e-01
7.692309999999999426e-02
-4.022990000000000177e-01
-4.500000000000000111e-01
-1.076919999999999961e-01
1.089109999999999939e-01
-3.052630000000000066e-01
-3.593750000000000000e-01
-1.250000000000000000e-01
9.708740000000000425e-03
-3.052630000000000066e-01
-4.062500000000000000e-01
