-4.062500000000000000e-01
1.636360000000000037e-01
1.428570000000000118e-01
-1.074380000000000057e-01
-5.161289999999999489e-01
9.090910000000000657e-02
1.368419999999999914e-01
-9.375000000000000000e-02
-5.312500000000000000e-01
2.427179999999999893e-01
1.368419999999999914e-01
-9.375000000000000000e-02
-3.870970000000000244e-01
3.269230000000000191e-01
2.826089999999999991e-01
-5.084749999999999687e-02
-6.250000000000000000e-01
1.650490000000000013e-01
2.530120000000000147e-01
-1.707319999999999949e-01
-4.769229999999999858e-01
1.650490000000000013e-01
1.111110000000000014e-01
-1.039999999999999952e-01
-4.062500000000000000e-01
3.076920000000000210e-01
3.103449999999999820e-01
-1.333330000000000071e-01
-4.769229999999999858e-01
1.287129999999999941e-01
7.368420000000000525e-02
-1.562500000000000000e-01
-5.000000000000000000e-01
1.067960000000000020e-01
1.578950000000000076e-01
-1.093750000000000000e-01
