-6.250000000000000000e-01
-2.909089999999999732e-01
-2.857140000000000235e-01
-3.553720000000000212e-01
-6.129029999999999756e-01
-2.909089999999999732e-01
-3.263159999999999950e-01
-3.906250000000000000e-01
-5.000000000000000000e-01
-1.650490000000000013e-01
-3.263159999999999950e-01
-3.281250000000000000e-01
-5.806449999999999667e-01
-1.538460000000000105e-01
-4.565219999999999834e-01
-3.220339999999999869e-01
-5.937500000000000000e-01
-1.456310000000000104e-01
-3.734939999999999927e-01
-3.658540000000000125e-01
-5.692310000000000425e-01
-6.796119999999999939e-02
-1.333330000000000071e-01
-2.479999999999999982e-01
-4.687500000000000000e-01
-1.153850000000000015e-01
-1.494250000000000023e-01
-2.999999999999999889e-01
-5.692310000000000425e-01
-8.910890000000000477e-02
-1.578950000000000076e-01
-2.656250000000000000e-01
-5.937500000000000000e-01
-1.067960000000000020e-01
-1.578950000000000076e-01
-2.187500000000000000e-01
