8.437500000000000000e-01
5.636360000000000259e-01
5.714289999999999647e-01
4.132229999999999931e-02
7.741940000000000488e-01
4.909089999999999843e-01
4.105260000000000020e-01
-6.250000000000000000e-02
7.187500000000000000e-01
5.922330000000000094e-01
4.105260000000000020e-01
-6.250000000000000000e-02
6.774189999999999934e-01
7.307690000000000019e-01
3.260870000000000157e-01
-3.389829999999999927e-02
6.250000000000000000e-01
5.728159999999999918e-01
1.807229999999999948e-01
-1.544719999999999982e-01
4.769229999999999858e-01
3.980580000000000229e-01
2.222220000000000029e-01
-1.360000000000000098e-01
5.312500000000000000e-01
5.192309999999999981e-01
3.103449999999999820e-01
-1.166670000000000068e-01
4.153850000000000042e-01
3.861390000000000100e-01
1.578950000000000076e-01
-2.031250000000000000e-01
3.125000000000000000e-01
1.844659999999999911e-01
-1.052630000000000059e-02
-3.125000000000000000e-01
