-2.812500000000000000e-01
-2.727269999999999972e-01
-7.619050000000000544e-01
-6.363640000000000407e-01
-2.580649999999999888e-01
-2.727269999999999972e-01
-5.157890000000000530e-01
-5.937500000000000000e-01
-2.812500000000000000e-01
-2.233009999999999995e-01
-5.999999999999999778e-01
-5.312500000000000000e-01
-3.870970000000000244e-01
-2.500000000000000000e-01
-7.391299999999999537e-01
-5.423729999999999940e-01
-1.562500000000000000e-01
-1.650490000000000013e-01
-5.421690000000000120e-01
-5.772359999999999713e-01
-1.384620000000000017e-01
-2.427179999999999893e-01
-5.111109999999999820e-01
-5.520000000000000462e-01
-3.750000000000000000e-01
-1.538460000000000105e-01
-5.172409999999999508e-01
-5.999999999999999778e-01
-2.615379999999999927e-01
-1.287129999999999941e-01
-4.947369999999999823e-01
-5.468750000000000000e-01
-1.562500000000000000e-01
-1.456310000000000104e-01
-4.947369999999999823e-01
-4.843750000000000000e-01
