2.187500000000000000e-01
2.363639999999999908e-01
-2.380950000000000080e-02
-3.057849999999999735e-01
3.870970000000000244e-01
2.363639999999999908e-01
-1.052630000000000059e-02
-2.812500000000000000e-01
9.375000000000000000e-02
1.067960000000000020e-01
-9.473679999999999601e-02
-3.281250000000000000e-01
3.548390000000000155e-01
2.500000000000000000e-01
-1.304349999999999954e-01
-2.711859999999999826e-01
1.875000000000000000e-01
1.844659999999999911e-01
-3.012050000000000005e-01
-3.658540000000000125e-01
7.692309999999999426e-02
1.067960000000000020e-01
-2.888890000000000069e-01
-3.599999999999999867e-01
2.500000000000000000e-01
2.884619999999999962e-01
-5.747130000000000294e-02
-2.999999999999999889e-01
2.615379999999999927e-01
2.277230000000000087e-01
-7.368420000000000525e-02
-3.281250000000000000e-01
1.250000000000000000e-01
4.854370000000000213e-02
-2.421049999999999869e-01
-3.281250000000000000e-01
