-3.750000000000000000e-01
-2.000000000000000111e-01
-6.666670000000000096e-01
-5.867769999999999930e-01
-2.580649999999999888e-01
-1.272729999999999972e-01
-4.947369999999999823e-01
-4.843750000000000000e-01
-1.562500000000000000e-01
1.067960000000000020e-01
-2.631580000000000030e-01
-3.750000000000000000e-01
-9.677420000000000466e-02
-1.153850000000000015e-01
-4.565219999999999834e-01
-5.254240000000000022e-01
-2.500000000000000000e-01
-1.844659999999999911e-01
-5.662650000000000183e-01
-5.609760000000000302e-01
1.538460000000000001e-02
4.854370000000000213e-02
-2.000000000000000111e-01
-3.760000000000000009e-01
-1.250000000000000000e-01
7.692309999999999426e-02
-2.183910000000000018e-01
-4.500000000000000111e-01
-1.076919999999999961e-01
2.970300000000000024e-02
-3.052630000000000066e-01
-5.312500000000000000e-01
-1.250000000000000000e-01
-6.796119999999999939e-02
-3.894739999999999869e-01
-5.312500000000000000e-01
