-3.125000000000000000e-02
-1.272729999999999972e-01
-3.571429999999999882e-01
-3.884299999999999975e-01
-9.677420000000000466e-02
-1.272729999999999972e-01
-3.052630000000000066e-01
-4.062500000000000000e-01
-3.125000000000000000e-02
9.708740000000000425e-03
-2.210529999999999995e-01
-2.968750000000000000e-01
-1.290320000000000078e-01
-1.346150000000000124e-01
-3.043480000000000074e-01
-4.237290000000000223e-01
-1.562500000000000000e-01
-6.796119999999999939e-02
-3.975899999999999990e-01
-4.634150000000000214e-01
-1.538460000000000001e-02
9.708740000000000425e-03
-1.333330000000000071e-01
-3.280000000000000138e-01
-2.812500000000000000e-01
-1.538460000000000105e-01
-5.402299999999999880e-01
-4.666669999999999985e-01
-1.692309999999999925e-01
-1.287129999999999941e-01
-3.684209999999999985e-01
-4.218750000000000000e-01
-1.875000000000000000e-01
-6.796119999999999939e-02
-3.684209999999999985e-01
-3.593750000000000000e-01
