-2.812500000000000000e-01
2.363639999999999908e-01
1.428570000000000118e-01
-1.074380000000000057e-01
-2.580649999999999888e-01
2.363639999999999908e-01
2.421049999999999869e-01
-9.375000000000000000e-02
-1.562500000000000000e-01
3.203880000000000061e-01
5.263160000000000061e-02
-9.375000000000000000e-02
-2.580649999999999888e-01
3.269230000000000191e-01
2.826089999999999991e-01
-5.084749999999999687e-02
-2.812500000000000000e-01
3.398059999999999969e-01
3.493979999999999864e-01
-1.056909999999999933e-01
-1.692309999999999925e-01
4.174760000000000137e-01
3.777780000000000027e-01
-4.000000000000000083e-02
-2.812500000000000000e-01
3.076920000000000210e-01
1.954019999999999924e-01
-6.666669999999999541e-02
-2.615379999999999927e-01
4.257429999999999826e-01
2.631580000000000030e-01
-4.687500000000000000e-02
-2.812500000000000000e-01
4.757279999999999842e-01
4.526319999999999788e-01
-4.687500000000000000e-02
