-3.125000000000000000e-02
3.818179999999999907e-01
3.809520000000000128e-01
7.438019999999999354e-02
1.290320000000000078e-01
5.454550000000000232e-01
4.526319999999999788e-01
7.812500000000000000e-02
9.375000000000000000e-02
5.728159999999999918e-01
3.473680000000000101e-01
1.562500000000000000e-02
-3.225809999999999789e-02
5.192309999999999981e-01
4.347829999999999750e-01
3.389829999999999927e-02
6.250000000000000000e-02
6.310679999999999623e-01
3.975899999999999990e-01
2.439020000000000077e-02
-4.615380000000000177e-02
6.310679999999999623e-01
6.444440000000000168e-01
8.799999999999999489e-02
-1.250000000000000000e-01
4.423079999999999790e-01
4.252870000000000261e-01
0.000000000000000000e+00
1.538460000000000001e-02
5.643559999999999688e-01
3.684209999999999985e-01
1.562500000000000000e-02
0.000000000000000000e+00
5.339810000000000390e-01
3.684209999999999985e-01
-3.125000000000000000e-02
