-8.750000000000000000e-01
-9.272730000000000139e-01
7.857140000000000235e-01
6.859499999999999487e-01
-7.741940000000000488e-01
-9.272730000000000139e-01
5.789469999999999894e-01
5.468750000000000000e-01
-7.812500000000000000e-01
-9.223299999999999832e-01
4.736839999999999939e-01
4.843750000000000000e-01
-6.774189999999999934e-01
-8.653849999999999598e-01
5.000000000000000000e-01
7.288139999999999619e-01
-9.062500000000000000e-01
-9.611650000000000471e-01
8.554220000000000157e-01
6.422759999999999581e-01
-7.846149999999999514e-01
-9.223299999999999832e-01
5.999999999999999778e-01
5.360000000000000320e-01
-6.562500000000000000e-01
-7.115380000000000038e-01
2.873560000000000003e-01
1.666670000000000096e-01
-5.076920000000000321e-01
-8.019800000000000262e-01
3.263159999999999950e-01
3.593750000000000000e-01
-6.562500000000000000e-01
-7.475730000000000430e-01
1.368419999999999914e-01
1.093750000000000000e-01
