-2.812500000000000000e-01
5.272729999999999917e-01
6.190480000000000427e-01
1.735540000000000138e-01
-2.580649999999999888e-01
5.272729999999999917e-01
4.526319999999999788e-01
6.250000000000000000e-02
-1.562500000000000000e-01
6.310679999999999623e-01
5.578950000000000298e-01
6.250000000000000000e-02
-2.258060000000000067e-01
6.153849999999999598e-01
4.565219999999999834e-01
1.016949999999999937e-01
-1.250000000000000000e-01
6.310679999999999623e-01
6.626509999999999900e-01
4.065040000000000320e-02
-1.076919999999999961e-01
6.310679999999999623e-01
5.555560000000000498e-01
1.039999999999999952e-01
-2.500000000000000000e-01
5.384619999999999962e-01
4.942529999999999979e-01
8.333329999999999904e-02
-1.076919999999999961e-01
5.841579999999999551e-01
5.157890000000000530e-01
4.687500000000000000e-02
-1.250000000000000000e-01
6.504849999999999799e-01
5.157890000000000530e-01
9.375000000000000000e-02
