3.750000000000000000e-01
1.636360000000000037e-01
-4.761900000000000160e-02
-3.223139999999999894e-01
-9.677420000000000466e-02
-2.545450000000000212e-01
5.263160000000000061e-02
-1.250000000000000000e-01
-6.875000000000000000e-01
-7.669899999999999496e-01
4.315789999999999904e-01
6.093750000000000000e-01
4.193549999999999778e-01
3.846149999999999847e-01
-6.521739999999999482e-02
-2.203390000000000071e-01
9.375000000000000000e-02
1.650490000000000013e-01
-1.084340000000000026e-01
-3.333329999999999904e-01
-2.615379999999999927e-01
-3.980580000000000229e-01
2.000000000000000111e-01
1.360000000000000098e-01
3.125000000000000000e-01
4.038459999999999828e-01
8.045979999999999799e-02
-2.666669999999999874e-01
3.230770000000000031e-01
3.663370000000000237e-01
1.368419999999999914e-01
-1.875000000000000000e-01
3.125000000000000000e-01
4.174760000000000137e-01
5.263160000000000061e-02
-1.250000000000000000e-01
