-1.562500000000000000e-01
-1.272729999999999972e-01
-3.809520000000000128e-01
-5.206610000000000404e-01
-1.290320000000000078e-01
-2.000000000000000111e-01
-4.947369999999999823e-01
-5.468750000000000000e-01
-2.812500000000000000e-01
-2.233009999999999995e-01
-5.789469999999999894e-01
-5.937500000000000000e-01
-3.548390000000000155e-01
-3.269230000000000191e-01
-6.956520000000000481e-01
-6.440679999999999739e-01
-2.500000000000000000e-01
-1.844659999999999911e-01
-5.662650000000000183e-01
-5.609760000000000302e-01
-2.307690000000000019e-01
-2.427179999999999893e-01
-6.222220000000000528e-01
-5.999999999999999778e-01
-5.937500000000000000e-01
-4.230769999999999809e-01
-6.781610000000000138e-01
-6.999999999999999556e-01
-3.538459999999999939e-01
-2.673269999999999813e-01
-4.736839999999999939e-01
-4.687500000000000000e-01
-2.500000000000000000e-01
-2.038830000000000087e-01
-3.894739999999999869e-01
-5.312500000000000000e-01
