0.000000000000000000e+00
1.272729999999999972e-01
-9.523810000000000608e-02
-2.892560000000000131e-01
3.225809999999999789e-02
1.272729999999999972e-01
1.052630000000000059e-02
-2.656250000000000000e-01
1.250000000000000000e-01
3.009709999999999885e-01
1.052630000000000059e-02
-2.656250000000000000e-01
1.612899999999999889e-01
1.538460000000000105e-01
-1.739130000000000120e-01
-4.237290000000000223e-01
-3.125000000000000000e-02
1.650490000000000013e-01
-2.530120000000000147e-01
-4.146340000000000026e-01
-1.538460000000000001e-02
8.737860000000000071e-02
-1.777779999999999916e-01
-3.920000000000000151e-01
9.375000000000000000e-02
1.538460000000000105e-01
-8.045979999999999799e-02
-4.500000000000000111e-01
-1.538460000000000001e-02
1.881190000000000084e-01
-1.789469999999999950e-01
-4.062500000000000000e-01
-3.125000000000000000e-02
9.708740000000000425e-03
-3.473680000000000101e-01
-4.843750000000000000e-01
