7.500000000000000000e-01
6.363640000000000407e-01
5.000000000000000000e-01
8.264459999999999515e-03
6.774189999999999934e-01
5.454550000000000232e-01
4.526319999999999788e-01
-4.687500000000000000e-02
6.250000000000000000e-01
6.504849999999999799e-01
3.473680000000000101e-01
1.562500000000000000e-02
7.096770000000000023e-01
7.884619999999999962e-01
5.434780000000000166e-01
3.389829999999999927e-02
6.562500000000000000e-01
7.087379999999999791e-01
5.180719999999999770e-01
-2.439020000000000077e-02
5.384619999999999962e-01
7.087379999999999791e-01
5.333329999999999460e-01
-2.400000000000000050e-02
6.250000000000000000e-01
6.923080000000000345e-01
4.252870000000000261e-01
0.000000000000000000e+00
5.076920000000000321e-01
6.633660000000000112e-01
3.684209999999999985e-01
-3.125000000000000000e-02
5.000000000000000000e-01
4.563110000000000221e-01
2.842109999999999914e-01
-9.375000000000000000e-02
