-3.750000000000000000e-01
-4.000000000000000222e-01
-1.190480000000000010e-01
-1.735540000000000138e-01
-3.548390000000000155e-01
-4.000000000000000222e-01
-9.473679999999999601e-02
-9.375000000000000000e-02
-4.687500000000000000e-01
-4.368929999999999758e-01
-9.473679999999999601e-02
-4.687500000000000000e-02
-3.548390000000000155e-01
-3.846149999999999847e-01
-2.173910000000000078e-02
-8.474579999999999613e-02
-4.687500000000000000e-01
-3.786410000000000053e-01
1.204820000000000023e-02
-1.382110000000000005e-01
-4.461539999999999950e-01
-4.563110000000000221e-01
-2.222220000000000098e-02
-7.199999999999999456e-02
-3.750000000000000000e-01
-5.384619999999999962e-01
-3.103449999999999820e-01
-3.333329999999999904e-01
-4.769229999999999858e-01
-4.653470000000000106e-01
-3.052630000000000066e-01
-3.593750000000000000e-01
-5.000000000000000000e-01
-4.174760000000000137e-01
-2.210529999999999995e-01
-2.343750000000000000e-01
