6.250000000000000000e-02
1.818180000000000074e-01
-2.380950000000000080e-02
-2.231400000000000050e-01
-3.225809999999999789e-02
-5.454549999999999677e-02
-3.263159999999999950e-01
-4.375000000000000000e-01
-3.750000000000000000e-01
-3.009709999999999885e-01
-4.947369999999999823e-01
-5.937500000000000000e-01
4.193549999999999778e-01
4.423079999999999790e-01
2.608699999999999908e-01
-8.474579999999999613e-02
2.500000000000000000e-01
3.009709999999999885e-01
1.084340000000000026e-01
-2.032519999999999882e-01
1.384620000000000017e-01
2.038830000000000087e-01
-1.111110000000000014e-01
-3.760000000000000009e-01
5.000000000000000000e-01
5.384619999999999962e-01
3.793099999999999805e-01
-3.333330000000000320e-02
5.076920000000000321e-01
5.841579999999999551e-01
4.315789999999999904e-01
-1.562500000000000000e-02
3.750000000000000000e-01
4.757279999999999842e-01
2.210529999999999995e-01
-7.812500000000000000e-02
