-3.125000000000000000e-02
-1.818180000000000143e-02
-4.523809999999999776e-01
-4.876030000000000086e-01
-1.290320000000000078e-01
-1.636360000000000037e-01
-3.894739999999999869e-01
-5.156250000000000000e-01
-3.125000000000000000e-02
-2.912620000000000139e-02
-2.421049999999999869e-01
-5.156250000000000000e-01
9.677420000000000466e-02
0.000000000000000000e+00
-3.043480000000000074e-01
-5.084750000000000103e-01
-1.562500000000000000e-01
9.708740000000000425e-03
-3.012050000000000005e-01
-5.447149999999999492e-01
-1.384620000000000017e-01
1.067960000000000020e-01
-1.333330000000000071e-01
-3.599999999999999867e-01
0.000000000000000000e+00
1.153850000000000015e-01
-2.413790000000000102e-01
-4.333330000000000237e-01
1.538460000000000001e-02
6.930690000000000461e-02
-2.421049999999999869e-01
-3.906250000000000000e-01
1.250000000000000000e-01
1.262139999999999929e-01
-1.578950000000000076e-01
-3.281250000000000000e-01
