5.000000000000000000e-01
4.545449999999999768e-01
3.571429999999999882e-01
-9.090910000000000657e-02
6.774189999999999934e-01
4.545449999999999768e-01
3.263159999999999950e-01
-7.812500000000000000e-02
5.000000000000000000e-01
4.757279999999999842e-01
3.263159999999999950e-01
-1.250000000000000000e-01
5.483869999999999578e-01
5.384619999999999962e-01
2.173910000000000009e-01
-8.474579999999999613e-02
5.000000000000000000e-01
5.533979999999999455e-01
1.566269999999999885e-01
-2.032519999999999882e-01
5.076920000000000321e-01
5.533979999999999455e-01
3.111110000000000264e-01
-7.199999999999999456e-02
4.375000000000000000e-01
4.807690000000000019e-01
2.643679999999999919e-01
-1.499999999999999944e-01
4.461539999999999950e-01
5.247519999999999962e-01
1.368419999999999914e-01
-1.250000000000000000e-01
4.375000000000000000e-01
4.951459999999999750e-01
3.052630000000000066e-01
-1.250000000000000000e-01
