-1.562500000000000000e-01
-1.636360000000000037e-01
-5.476189999999999669e-01
-6.033060000000000089e-01
-1.290320000000000078e-01
-1.636360000000000037e-01
-3.894739999999999869e-01
-5.625000000000000000e-01
-1.562500000000000000e-01
-1.067960000000000020e-01
-3.894739999999999869e-01
-5.156250000000000000e-01
-1.290320000000000078e-01
0.000000000000000000e+00
-3.695649999999999769e-01
-5.084750000000000103e-01
-6.250000000000000000e-02
9.708740000000000425e-03
-3.734939999999999927e-01
-6.097559999999999647e-01
-2.615379999999999927e-01
9.708740000000000425e-03
-3.777780000000000027e-01
-5.360000000000000320e-01
0.000000000000000000e+00
-3.846150000000000263e-02
-3.333329999999999904e-01
-5.500000000000000444e-01
-1.076919999999999961e-01
-9.900990000000000138e-03
-4.105260000000000020e-01
-5.000000000000000000e-01
-1.250000000000000000e-01
-2.912620000000000139e-02
-4.105260000000000020e-01
-5.000000000000000000e-01
