-1.250000000000000000e-01
-2.363639999999999908e-01
-2.857140000000000235e-01
-3.553720000000000212e-01
-9.677420000000000466e-02
-1.636360000000000037e-01
-2.421049999999999869e-01
-3.281250000000000000e-01
0.000000000000000000e+00
4.854370000000000213e-02
-2.421049999999999869e-01
-3.281250000000000000e-01
-2.258060000000000067e-01
-1.538460000000000105e-01
-2.608699999999999908e-01
-2.372879999999999989e-01
-1.250000000000000000e-01
-1.456310000000000104e-01
-2.530120000000000147e-01
-3.495929999999999871e-01
-1.076919999999999961e-01
-6.796119999999999939e-02
-1.777779999999999916e-01
-2.800000000000000266e-01
-1.562500000000000000e-01
-2.115380000000000038e-01
-1.724140000000000117e-01
-3.166669999999999763e-01
-1.384620000000000017e-01
-1.089109999999999939e-01
-2.631580000000000030e-01
-3.437500000000000000e-01
-1.562500000000000000e-01
-1.262139999999999929e-01
-3.473680000000000101e-01
-4.062500000000000000e-01
