-6.875000000000000000e-01
-1.636360000000000037e-01
-1.904760000000000064e-01
-2.892560000000000131e-01
-6.774189999999999934e-01
-2.363639999999999908e-01
-2.421049999999999869e-01
-3.281250000000000000e-01
-5.937500000000000000e-01
-1.844659999999999911e-01
-3.263159999999999950e-01
-3.281250000000000000e-01
-4.838709999999999956e-01
-2.115380000000000038e-01
-3.478260000000000240e-01
-4.237290000000000223e-01
-5.937500000000000000e-01
-2.038830000000000087e-01
-3.493979999999999864e-01
-4.146340000000000026e-01
-5.692310000000000425e-01
-1.456310000000000104e-01
-1.777779999999999916e-01
-2.800000000000000266e-01
-5.312500000000000000e-01
-2.115380000000000038e-01
-3.563220000000000276e-01
-3.833329999999999793e-01
-6.307690000000000241e-01
-1.089109999999999939e-01
-3.473680000000000101e-01
-3.437500000000000000e-01
-5.312500000000000000e-01
-6.796119999999999939e-02
-2.631580000000000030e-01
-2.812500000000000000e-01
