1.875000000000000000e-01
1.818180000000000143e-02
-3.333329999999999904e-01
-3.884299999999999975e-01
9.677420000000000466e-02
-1.272729999999999972e-01
-2.000000000000000111e-01
-4.218750000000000000e-01
-6.250000000000000000e-02
9.708740000000000425e-03
-2.000000000000000111e-01
-4.218750000000000000e-01
2.580649999999999888e-01
1.730770000000000086e-01
-4.347829999999999750e-02
-3.389829999999999788e-01
-3.125000000000000000e-02
4.854370000000000213e-02
-2.771080000000000210e-01
-4.471539999999999959e-01
-1.538460000000000001e-02
-2.912620000000000139e-02
-2.888890000000000069e-01
-4.400000000000000022e-01
3.125000000000000000e-01
3.461540000000000172e-01
1.954019999999999924e-01
-2.333330000000000126e-01
2.000000000000000111e-01
2.079209999999999947e-01
-1.789469999999999950e-01
-3.125000000000000000e-01
-6.250000000000000000e-02
9.708740000000000425e-03
-3.263159999999999950e-01
-4.375000000000000000e-01
