-6.875000000000000000e-01
-7.090910000000000268e-01
2.857140000000000235e-01
2.892560000000000131e-01
-8.709679999999999644e-01
-9.272730000000000139e-01
5.578950000000000298e-01
6.718750000000000000e-01
-8.750000000000000000e-01
-9.223299999999999832e-01
5.578950000000000298e-01
6.250000000000000000e-01
-6.774189999999999934e-01
-6.923080000000000345e-01
1.521740000000000037e-01
1.694920000000000038e-01
-7.812500000000000000e-01
-7.475730000000000430e-01
4.216869999999999785e-01
3.983740000000000059e-01
-8.461539999999999617e-01
-9.223299999999999832e-01
8.000000000000000444e-01
6.959999999999999520e-01
-6.875000000000000000e-01
-7.692309999999999981e-01
5.862070000000000336e-01
3.833329999999999793e-01
-6.615379999999999594e-01
-6.435640000000000249e-01
3.263159999999999950e-01
2.187500000000000000e-01
-6.875000000000000000e-01
-8.640780000000000127e-01
5.157890000000000530e-01
6.562500000000000000e-01
