-7.187500000000000000e-01
-8.181819999999999649e-01
-2.380950000000000080e-02
7.438019999999999354e-02
-6.129029999999999756e-01
-7.636359999999999815e-01
-1.052630000000000059e-02
1.250000000000000000e-01
-6.250000000000000000e-01
-7.475730000000000430e-01
-1.052630000000000059e-02
1.875000000000000000e-01
-5.806449999999999667e-01
-5.769229999999999636e-01
-1.304349999999999954e-01
-3.389829999999999927e-02
-3.750000000000000000e-01
-4.368929999999999758e-01
-3.012050000000000005e-01
-2.032519999999999882e-01
-2.615379999999999927e-01
-1.456310000000000104e-01
-2.222220000000000029e-01
-2.959999999999999853e-01
-1.250000000000000000e-01
3.846150000000000263e-02
-1.494250000000000023e-01
-4.333330000000000237e-01
1.538460000000000001e-02
3.267329999999999957e-01
-2.421049999999999869e-01
-3.281250000000000000e-01
1.250000000000000000e-01
3.009709999999999885e-01
1.052630000000000059e-02
-2.656250000000000000e-01
