-1.250000000000000000e-01
4.545449999999999768e-01
5.714289999999999647e-01
9.090910000000000657e-02
-9.677420000000000466e-02
6.181820000000000093e-01
5.157890000000000530e-01
9.375000000000000000e-02
-1.250000000000000000e-01
7.281549999999999967e-01
6.421050000000000368e-01
9.375000000000000000e-02
0.000000000000000000e+00
6.153849999999999598e-01
5.217389999999999528e-01
2.033899999999999875e-01
-3.125000000000000000e-02
6.310679999999999623e-01
6.144579999999999487e-01
1.382110000000000005e-01
-1.384620000000000017e-01
6.310679999999999623e-01
6.222220000000000528e-01
1.360000000000000098e-01
-6.250000000000000000e-02
5.769229999999999636e-01
5.862070000000000336e-01
1.000000000000000056e-01
-1.692309999999999925e-01
7.029699999999999838e-01
6.210529999999999662e-01
1.562500000000000000e-01
-1.875000000000000000e-01
6.699030000000000262e-01
5.157890000000000530e-01
1.562500000000000000e-01
