5.625000000000000000e-01
5.636360000000000259e-01
4.523809999999999776e-01
4.132229999999999931e-02
6.129029999999999756e-01
5.636360000000000259e-01
5.157890000000000530e-01
4.687500000000000000e-02
5.625000000000000000e-01
6.699030000000000262e-01
3.052630000000000066e-01
-1.562500000000000000e-02
6.774189999999999934e-01
5.576919999999999655e-01
3.260870000000000157e-01
-3.389829999999999927e-02
6.250000000000000000e-01
5.728159999999999918e-01
5.180719999999999770e-01
-8.943089999999999373e-02
6.307690000000000241e-01
4.757279999999999842e-01
2.222220000000000029e-01
-1.360000000000000098e-01
4.062500000000000000e-01
5.192309999999999981e-01
3.103449999999999820e-01
-1.833329999999999960e-01
4.153850000000000042e-01
3.861390000000000100e-01
1.578950000000000076e-01
-2.656250000000000000e-01
3.125000000000000000e-01
2.621359999999999801e-01
7.368420000000000525e-02
-2.656250000000000000e-01
