-4.062500000000000000e-01
1.636360000000000037e-01
4.761900000000000160e-02
-1.074380000000000057e-01
-3.870970000000000244e-01
9.090910000000000657e-02
1.368419999999999914e-01
-9.375000000000000000e-02
-5.312500000000000000e-01
8.737860000000000071e-02
5.263160000000000061e-02
-1.562500000000000000e-01
-4.838709999999999956e-01
2.307690000000000019e-01
1.956519999999999926e-01
-5.084749999999999687e-02
-5.000000000000000000e-01
1.650490000000000013e-01
1.566269999999999885e-01
-1.707319999999999949e-01
-4.769229999999999858e-01
8.737860000000000071e-02
1.111110000000000014e-01
-1.680000000000000104e-01
-6.250000000000000000e-01
3.846150000000000263e-02
1.034479999999999983e-01
-2.500000000000000000e-01
-6.923080000000000345e-01
-8.910890000000000477e-02
-1.052630000000000059e-02
-2.187500000000000000e-01
-7.187500000000000000e-01
-1.067960000000000020e-01
-2.421049999999999869e-01
-2.187500000000000000e-01
