3.750000000000000000e-01
4.545449999999999768e-01
4.761900000000000022e-01
-2.479340000000000016e-02
5.483869999999999578e-01
5.272729999999999917e-01
5.368420000000000414e-01
4.687500000000000000e-02
6.562500000000000000e-01
7.281549999999999967e-01
4.315789999999999904e-01
4.687500000000000000e-02
6.129029999999999756e-01
6.538460000000000383e-01
2.826089999999999991e-01
6.779659999999999853e-02
5.625000000000000000e-01
6.699030000000000262e-01
5.903610000000000246e-01
8.130079999999999599e-03
7.230769999999999698e-01
6.699030000000000262e-01
4.888890000000000180e-01
7.199999999999999456e-02
6.250000000000000000e-01
5.576919999999999655e-01
4.022990000000000177e-01
0.000000000000000000e+00
6.307690000000000241e-01
6.039600000000000524e-01
3.473680000000000101e-01
-4.687500000000000000e-02
6.250000000000000000e-01
4.757279999999999842e-01
2.631580000000000030e-01
-1.093750000000000000e-01
