5.000000000000000000e-01
4.545449999999999768e-01
2.619049999999999989e-01
-1.074380000000000057e-01
5.483869999999999578e-01
2.363639999999999908e-01
1.368419999999999914e-01
-1.562500000000000000e-01
3.750000000000000000e-01
3.980580000000000229e-01
5.263160000000000061e-02
-2.187500000000000000e-01
4.838709999999999956e-01
4.807690000000000019e-01
1.956519999999999926e-01
-5.084749999999999687e-02
3.125000000000000000e-01
3.398059999999999969e-01
1.566269999999999885e-01
-2.845530000000000004e-01
3.230770000000000031e-01
3.398059999999999969e-01
2.000000000000000111e-01
-1.680000000000000104e-01
3.437500000000000000e-01
3.846149999999999847e-01
1.034479999999999983e-01
-3.166669999999999763e-01
2.307690000000000019e-01
2.673269999999999813e-01
-1.052630000000000059e-02
-2.812500000000000000e-01
3.437500000000000000e-01
2.427179999999999893e-01
-1.052630000000000059e-02
-2.187500000000000000e-01
