-4.062500000000000000e-01
-3.272729999999999806e-01
4.761900000000000160e-02
-2.479340000000000016e-02
-3.870970000000000244e-01
-4.363639999999999741e-01
1.368419999999999914e-01
1.093750000000000000e-01
-4.062500000000000000e-01
-3.980580000000000229e-01
1.368419999999999914e-01
1.093750000000000000e-01
-3.870970000000000244e-01
-2.307690000000000019e-01
-2.391300000000000092e-01
-3.050849999999999951e-01
-2.812500000000000000e-01
-1.456310000000000104e-01
-1.325300000000000089e-01
-2.357720000000000093e-01
-3.846149999999999847e-01
-3.592230000000000145e-01
2.222220000000000098e-02
8.000000000000000167e-03
-7.187500000000000000e-01
-5.384619999999999962e-01
-2.413790000000000102e-01
-1.833329999999999960e-01
-3.846149999999999847e-01
-1.485150000000000081e-01
-1.578950000000000076e-01
-3.281250000000000000e-01
-4.062500000000000000e-01
-3.009709999999999885e-01
-1.052630000000000059e-02
-4.687500000000000000e-02
