1.250000000000000000e-01
1.818180000000000143e-02
-4.761900000000000160e-02
-3.223139999999999894e-01
1.612899999999999889e-01
2.363639999999999908e-01
3.263159999999999950e-01
-7.812500000000000000e-02
2.500000000000000000e-01
5.533979999999999455e-01
4.315789999999999904e-01
4.687500000000000000e-02
4.193549999999999778e-01
4.615380000000000038e-01
2.173910000000000009e-01
0.000000000000000000e+00
3.750000000000000000e-01
5.533979999999999455e-01
4.939760000000000262e-01
8.130079999999999599e-03
2.307690000000000019e-01
6.310679999999999623e-01
5.111109999999999820e-01
7.199999999999999456e-02
1.875000000000000000e-01
4.038459999999999828e-01
3.563220000000000276e-01
-3.333330000000000320e-02
2.000000000000000111e-01
5.247519999999999962e-01
5.157890000000000530e-01
4.687500000000000000e-02
6.250000000000000000e-02
5.922330000000000094e-01
3.052630000000000066e-01
4.687500000000000000e-02
