-2.812500000000000000e-01
2.363639999999999908e-01
7.142859999999999487e-02
-1.239669999999999939e-01
-2.580649999999999888e-01
3.818179999999999907e-01
3.473680000000000101e-01
1.562500000000000000e-02
-1.562500000000000000e-01
4.757279999999999842e-01
5.578950000000000298e-01
1.562500000000000000e-02
-4.516129999999999867e-01
5.192309999999999981e-01
2.391300000000000092e-01
-3.389829999999999927e-02
-2.812500000000000000e-01
6.310679999999999623e-01
5.180719999999999770e-01
2.439020000000000077e-02
-1.384620000000000017e-01
6.310679999999999623e-01
5.333329999999999460e-01
4.000000000000000083e-02
-3.750000000000000000e-01
4.423079999999999790e-01
3.333329999999999904e-01
0.000000000000000000e+00
-3.538459999999999939e-01
5.643559999999999688e-01
3.684209999999999985e-01
1.562500000000000000e-02
-2.500000000000000000e-01
5.339810000000000390e-01
3.684209999999999985e-01
1.562500000000000000e-02
