1.875000000000000000e-01
3.636360000000000287e-02
-1.190480000000000010e-01
-2.231400000000000050e-01
-2.580649999999999888e-01
-1.272729999999999972e-01
-1.789469999999999950e-01
-3.125000000000000000e-01
-3.750000000000000000e-01
-1.456310000000000104e-01
-3.263159999999999950e-01
-4.375000000000000000e-01
-9.677420000000000466e-02
-3.846150000000000263e-02
-2.173910000000000078e-02
-2.203390000000000071e-01
0.000000000000000000e+00
-2.912620000000000139e-02
-8.433730000000000393e-02
-3.170729999999999937e-01
1.384620000000000017e-01
1.262139999999999929e-01
6.666669999999999541e-02
-2.479999999999999982e-01
-2.500000000000000000e-01
-2.115380000000000038e-01
2.643679999999999919e-01
-3.333330000000000320e-02
-1.538460000000000001e-02
1.089109999999999939e-01
5.263160000000000061e-02
-1.875000000000000000e-01
2.500000000000000000e-01
3.980580000000000229e-01
1.368419999999999914e-01
-1.250000000000000000e-01
