-6.875000000000000000e-01
-7.090910000000000268e-01
-2.380950000000000080e-02
2.396689999999999932e-01
-8.709679999999999644e-01
-7.636359999999999815e-01
1.578950000000000076e-01
2.812500000000000000e-01
-7.812500000000000000e-01
-6.310679999999999623e-01
1.578950000000000076e-01
1.718750000000000000e-01
-2.258060000000000067e-01
-3.269230000000000191e-01
-1.086960000000000010e-01
-1.525420000000000109e-01
-3.750000000000000000e-01
-3.786410000000000053e-01
1.204820000000000023e-02
-7.317070000000000518e-02
-2.307690000000000019e-01
-1.844659999999999911e-01
6.666669999999999541e-02
-7.199999999999999456e-02
3.750000000000000000e-01
3.076920000000000210e-01
1.724140000000000117e-01
-3.333329999999999904e-01
-1.538460000000000001e-02
1.089109999999999939e-01
5.263160000000000061e-02
-2.343750000000000000e-01
-1.250000000000000000e-01
9.708740000000000425e-03
5.263160000000000061e-02
-1.875000000000000000e-01
