-1.250000000000000000e-01
-9.090910000000000657e-02
-4.761900000000000022e-01
-5.371899999999999453e-01
-9.677420000000000466e-02
-9.090910000000000657e-02
-4.105260000000000020e-01
-5.000000000000000000e-01
-1.250000000000000000e-01
-1.067960000000000020e-01
-4.947369999999999823e-01
-5.625000000000000000e-01
-9.677420000000000466e-02
-7.692309999999999426e-02
-5.217389999999999528e-01
-6.101689999999999614e-01
-1.250000000000000000e-01
-6.796119999999999939e-02
-5.421690000000000120e-01
-6.422759999999999581e-01
-1.538460000000000001e-02
-6.796119999999999939e-02
-4.444440000000000057e-01
-5.679999999999999494e-01
-1.562500000000000000e-01
0.000000000000000000e+00
-4.482760000000000078e-01
-5.999999999999999778e-01
-1.384620000000000017e-01
-4.950500000000000039e-02
-4.315789999999999904e-01
-5.468750000000000000e-01
-1.562500000000000000e-01
-1.262139999999999929e-01
-4.315789999999999904e-01
-5.468750000000000000e-01
