-1.875000000000000000e-01
1.818180000000000143e-02
-4.285709999999999797e-01
-5.041320000000000245e-01
-3.225809999999999789e-02
-5.454549999999999677e-02
-3.684209999999999985e-01
-4.687500000000000000e-01
-6.250000000000000000e-02
9.708740000000000425e-03
-3.684209999999999985e-01
-4.687500000000000000e-01
0.000000000000000000e+00
-3.846150000000000263e-02
-1.956519999999999926e-01
-4.745759999999999978e-01
-3.125000000000000000e-02
4.854370000000000213e-02
-3.734939999999999927e-01
-5.121949999999999559e-01
-1.538460000000000001e-02
4.854370000000000213e-02
-2.888890000000000069e-01
-4.400000000000000022e-01
-6.250000000000000000e-02
0.000000000000000000e+00
-4.252870000000000261e-01
-5.999999999999999778e-01
7.692309999999999426e-02
2.970300000000000024e-02
-3.263159999999999950e-01
-4.375000000000000000e-01
-6.250000000000000000e-02
9.708740000000000425e-03
-3.263159999999999950e-01
-4.843750000000000000e-01
