-5.937500000000000000e-01
-5.454550000000000232e-01
-4.761900000000000022e-01
-4.710739999999999927e-01
-5.806449999999999667e-01
-4.909089999999999843e-01
-4.947369999999999823e-01
-5.625000000000000000e-01
-4.687500000000000000e-01
-4.563110000000000221e-01
-4.947369999999999823e-01
-5.000000000000000000e-01
-4.838709999999999956e-01
-4.230769999999999809e-01
-5.217389999999999528e-01
-5.593219999999999859e-01
-5.937500000000000000e-01
-4.174760000000000137e-01
-4.457829999999999848e-01
-5.284550000000000081e-01
-5.692310000000000425e-01
-4.757279999999999842e-01
-4.444440000000000057e-01
-3.920000000000000151e-01
-6.562500000000000000e-01
-4.807690000000000019e-01
-5.172409999999999508e-01
-5.999999999999999778e-01
-5.076920000000000321e-01
-4.653470000000000106e-01
-5.789469999999999894e-01
-5.468750000000000000e-01
-5.312500000000000000e-01
-3.980580000000000229e-01
-5.789469999999999894e-01
-5.468750000000000000e-01
