-6.250000000000000000e-01
-2.000000000000000111e-01
-3.333329999999999904e-01
-3.223139999999999894e-01
-6.129029999999999756e-01
-2.000000000000000111e-01
-2.842109999999999914e-01
-3.593750000000000000e-01
-6.250000000000000000e-01
-1.456310000000000104e-01
-3.684209999999999985e-01
-3.593750000000000000e-01
-6.129029999999999756e-01
-2.500000000000000000e-01
-2.826089999999999991e-01
-3.389829999999999788e-01
-6.250000000000000000e-01
-1.650490000000000013e-01
-2.771080000000000210e-01
-3.821140000000000092e-01
-5.999999999999999778e-01
-1.650490000000000013e-01
-2.000000000000000111e-01
-3.119999999999999996e-01
-6.875000000000000000e-01
-1.538460000000000105e-01
-2.643679999999999919e-01
-3.499999999999999778e-01
-5.692310000000000425e-01
2.970300000000000024e-02
-1.789469999999999950e-01
-2.656250000000000000e-01
-5.937500000000000000e-01
-6.796119999999999939e-02
-9.473679999999999601e-02
-3.125000000000000000e-01
