-6.250000000000000000e-02
-5.454549999999999677e-02
-3.333329999999999904e-01
-4.545449999999999768e-01
-3.225809999999999789e-02
-1.272729999999999972e-01
-4.526319999999999788e-01
-5.312500000000000000e-01
-1.875000000000000000e-01
-1.456310000000000104e-01
-5.157890000000000530e-01
-5.937500000000000000e-01
-1.290320000000000078e-01
3.846150000000000263e-02
-3.695649999999999769e-01
-4.745759999999999978e-01
-3.125000000000000000e-02
-2.912620000000000139e-02
-2.771080000000000210e-01
-5.121949999999999559e-01
-1.538460000000000001e-02
-2.912620000000000139e-02
-2.000000000000000111e-01
-4.400000000000000022e-01
1.875000000000000000e-01
2.500000000000000000e-01
1.149430000000000070e-02
-2.333330000000000126e-01
3.230770000000000031e-01
3.861390000000000100e-01
-1.052630000000000059e-02
-2.031250000000000000e-01
3.125000000000000000e-01
2.621359999999999801e-01
-9.473679999999999601e-02
-1.562500000000000000e-01
