0.000000000000000000e+00
-9.090910000000000657e-02
-9.523810000000000608e-02
-2.892560000000000131e-01
1.612899999999999889e-01
5.454549999999999677e-02
1.052630000000000059e-02
-2.656250000000000000e-01
0.000000000000000000e+00
4.854370000000000213e-02
-2.421049999999999869e-01
-3.281250000000000000e-01
0.000000000000000000e+00
7.692309999999999426e-02
2.173910000000000078e-02
-1.864409999999999956e-01
2.500000000000000000e-01
3.980580000000000229e-01
1.566269999999999885e-01
-1.707319999999999949e-01
2.615379999999999927e-01
3.203880000000000061e-01
1.111110000000000014e-01
-1.680000000000000104e-01
-3.125000000000000000e-02
0.000000000000000000e+00
-1.149430000000000070e-02
-2.500000000000000000e-01
2.307690000000000019e-01
3.465349999999999819e-01
-3.157890000000000003e-02
-2.187500000000000000e-01
2.187500000000000000e-01
3.203880000000000061e-01
-3.157890000000000003e-02
-2.187500000000000000e-01
