-6.250000000000000000e-02
-5.454549999999999677e-02
-4.761900000000000022e-01
-4.710739999999999927e-01
-1.290320000000000078e-01
-1.272729999999999972e-01
-3.263159999999999950e-01
-4.843750000000000000e-01
-6.250000000000000000e-02
9.708740000000000425e-03
-2.631580000000000030e-01
-4.375000000000000000e-01
3.225809999999999789e-02
-3.846150000000000263e-02
-4.565219999999999834e-01
-5.932199999999999696e-01
-1.250000000000000000e-01
-1.067960000000000020e-01
-4.698800000000000199e-01
-6.260160000000000169e-01
-1.076919999999999961e-01
-1.067960000000000020e-01
-4.666669999999999985e-01
-4.879999999999999893e-01
-1.250000000000000000e-01
-7.692309999999999426e-02
-5.862070000000000336e-01
-6.333330000000000348e-01
-1.076919999999999961e-01
-1.287129999999999941e-01
-4.736839999999999939e-01
-5.781250000000000000e-01
-1.250000000000000000e-01
-6.796119999999999939e-02
-4.736839999999999939e-01
-5.312500000000000000e-01
