-1.250000000000000000e-01
-9.090910000000000657e-02
-5.714289999999999647e-01
-5.371899999999999453e-01
-9.677420000000000466e-02
-1.636360000000000037e-01
-4.105260000000000020e-01
-4.375000000000000000e-01
-1.250000000000000000e-01
-1.844659999999999911e-01
-4.947369999999999823e-01
-5.625000000000000000e-01
-9.677420000000000466e-02
-7.692309999999999426e-02
-5.217389999999999528e-01
-5.593219999999999859e-01
-2.500000000000000000e-01
-6.796119999999999939e-02
-5.421690000000000120e-01
-5.284550000000000081e-01
-2.307690000000000019e-01
-6.796119999999999939e-02
-4.444440000000000057e-01
-5.200000000000000178e-01
-2.812500000000000000e-01
-7.692309999999999426e-02
-3.563220000000000276e-01
-5.333329999999999460e-01
-1.384620000000000017e-01
-1.089109999999999939e-01
-4.315789999999999904e-01
-4.843750000000000000e-01
-1.562500000000000000e-01
-2.038830000000000087e-01
-4.947369999999999823e-01
-5.468750000000000000e-01
