-4.062500000000000000e-01
-3.454550000000000121e-01
-4.523809999999999776e-01
-3.553720000000000212e-01
-3.870970000000000244e-01
-4.000000000000000222e-01
-4.736839999999999939e-01
-3.906250000000000000e-01
-6.250000000000000000e-01
-4.757279999999999842e-01
-4.736839999999999939e-01
-3.906250000000000000e-01
-3.548390000000000155e-01
-1.538460000000000105e-01
-3.695649999999999769e-01
-4.576270000000000060e-01
-2.812500000000000000e-01
-2.233009999999999995e-01
-4.698800000000000199e-01
-4.308939999999999992e-01
-3.538459999999999939e-01
-3.009709999999999885e-01
-4.666669999999999985e-01
-3.599999999999999867e-01
1.250000000000000000e-01
1.153850000000000015e-01
3.448280000000000095e-02
-2.999999999999999889e-01
1.538460000000000001e-02
6.930690000000000461e-02
-2.421049999999999869e-01
-3.281250000000000000e-01
-1.250000000000000000e-01
-1.067960000000000020e-01
-4.105260000000000020e-01
-4.375000000000000000e-01
