-3.750000000000000000e-01
3.818179999999999907e-01
2.380950000000000011e-01
-9.090910000000000657e-02
-5.806449999999999667e-01
1.818180000000000143e-02
5.263160000000000061e-02
-1.250000000000000000e-01
-5.937500000000000000e-01
8.737860000000000071e-02
1.368419999999999914e-01
-1.875000000000000000e-01
-5.161289999999999489e-01
7.692309999999999426e-02
2.173910000000000078e-02
-1.525420000000000109e-01
-6.562500000000000000e-01
9.708740000000000425e-03
6.024100000000000288e-02
-2.682930000000000037e-01
-6.307690000000000241e-01
-6.796119999999999939e-02
2.222220000000000098e-02
-2.000000000000000111e-01
-5.000000000000000000e-01
7.692309999999999426e-02
8.045979999999999799e-02
-2.166669999999999985e-01
-6.923080000000000345e-01
-4.950500000000000039e-02
5.263160000000000061e-02
-2.343750000000000000e-01
-6.250000000000000000e-01
-2.233009999999999995e-01
-2.842109999999999914e-01
-2.343750000000000000e-01
