3.750000000000000000e-01
3.090910000000000046e-01
4.761900000000000160e-02
-2.396689999999999932e-01
2.580649999999999888e-01
3.090910000000000046e-01
1.368419999999999914e-01
-2.187500000000000000e-01
3.750000000000000000e-01
3.203880000000000061e-01
1.368419999999999914e-01
-2.187500000000000000e-01
4.838709999999999956e-01
5.769229999999999636e-01
1.086960000000000010e-01
-1.186439999999999995e-01
3.125000000000000000e-01
4.174760000000000137e-01
1.566269999999999885e-01
-2.357720000000000093e-01
3.230770000000000031e-01
4.174760000000000137e-01
1.111110000000000014e-01
-1.680000000000000104e-01
6.250000000000000000e-01
5.576919999999999655e-01
4.022990000000000177e-01
-6.666669999999999541e-02
4.769229999999999858e-01
5.049500000000000099e-01
1.578950000000000076e-01
-1.562500000000000000e-01
3.437500000000000000e-01
3.980580000000000229e-01
7.368420000000000525e-02
-2.187500000000000000e-01
