6.562500000000000000e-01
5.272729999999999917e-01
3.809520000000000128e-01
-1.074380000000000057e-01
5.806449999999999667e-01
4.363639999999999741e-01
2.631580000000000030e-01
-9.375000000000000000e-02
4.062500000000000000e-01
3.592230000000000145e-01
1.578950000000000076e-01
-2.031250000000000000e-01
2.903229999999999977e-01
5.192309999999999981e-01
1.521740000000000037e-01
-2.203390000000000071e-01
2.500000000000000000e-01
5.339810000000000390e-01
1.084340000000000026e-01
-2.682930000000000037e-01
2.615379999999999927e-01
3.786410000000000053e-01
6.666669999999999541e-02
-2.479999999999999982e-01
3.750000000000000000e-01
5.384619999999999962e-01
3.793099999999999805e-01
-1.499999999999999944e-01
5.076920000000000321e-01
5.049500000000000099e-01
2.210529999999999995e-01
-1.250000000000000000e-01
3.750000000000000000e-01
3.980580000000000229e-01
1.368419999999999914e-01
-2.343750000000000000e-01
