3.750000000000000000e-01
3.090910000000000046e-01
1.428570000000000118e-01
-2.396689999999999932e-01
2.580649999999999888e-01
1.636360000000000037e-01
-9.473679999999999601e-02
-3.437500000000000000e-01
-3.125000000000000000e-02
9.708740000000000425e-03
-4.315789999999999904e-01
-4.843750000000000000e-01
-3.225809999999999789e-02
-7.692309999999999426e-02
-5.000000000000000000e-01
-4.915249999999999897e-01
-6.250000000000000000e-02
9.708740000000000425e-03
-4.216869999999999785e-01
-4.796750000000000180e-01
-1.692309999999999925e-01
-6.796119999999999939e-02
-3.333329999999999904e-01
-4.079999999999999738e-01
-1.562500000000000000e-01
-1.730770000000000086e-01
-5.632179999999999964e-01
-5.666670000000000318e-01
-1.384620000000000017e-01
-8.910890000000000477e-02
-4.736839999999999939e-01
-5.156250000000000000e-01
-3.125000000000000000e-02
-1.067960000000000020e-01
-4.736839999999999939e-01
-5.156250000000000000e-01
