-5.312500000000000000e-01
1.818180000000000143e-02
1.428570000000000118e-01
-1.735540000000000138e-01
-6.451609999999999845e-01
1.818180000000000143e-02
5.263160000000000061e-02
-1.562500000000000000e-01
-6.562500000000000000e-01
9.708740000000000425e-03
-3.157890000000000003e-02
-2.187500000000000000e-01
-4.838709999999999956e-01
0.000000000000000000e+00
-6.521739999999999482e-02
-2.372879999999999989e-01
-6.250000000000000000e-01
9.708740000000000425e-03
-3.614459999999999895e-02
-2.845530000000000004e-01
-5.999999999999999778e-01
9.708740000000000425e-03
1.111110000000000014e-01
-2.159999999999999976e-01
-5.000000000000000000e-01
9.615379999999999761e-02
1.149430000000000070e-02
-1.833329999999999960e-01
-5.999999999999999778e-01
6.930690000000000461e-02
-9.473679999999999601e-02
-2.187500000000000000e-01
-7.187500000000000000e-01
-1.067960000000000020e-01
-1.578950000000000076e-01
-2.812500000000000000e-01
