5.312500000000000000e-01
4.363639999999999741e-01
3.809520000000000128e-01
-1.074380000000000057e-01
5.806449999999999667e-01
4.363639999999999741e-01
1.578950000000000076e-01
-9.375000000000000000e-02
4.062500000000000000e-01
4.563110000000000221e-01
2.631580000000000030e-01
-1.562500000000000000e-01
5.483869999999999578e-01
6.153849999999999598e-01
4.565219999999999834e-01
-1.694920000000000107e-02
5.000000000000000000e-01
5.339810000000000390e-01
3.253010000000000068e-01
-7.317070000000000518e-02
5.076920000000000321e-01
5.339810000000000390e-01
2.444439999999999946e-01
-7.199999999999999456e-02
5.000000000000000000e-01
4.615380000000000038e-01
3.793099999999999805e-01
-1.499999999999999944e-01
5.076920000000000321e-01
5.049500000000000099e-01
2.210529999999999995e-01
-1.250000000000000000e-01
5.000000000000000000e-01
5.533979999999999455e-01
3.263159999999999950e-01
-7.812500000000000000e-02
