-1.875000000000000000e-01
4.000000000000000222e-01
2.380950000000000011e-01
-2.479340000000000016e-02
-1.612899999999999889e-01
1.636360000000000037e-01
1.368419999999999914e-01
-6.250000000000000000e-02
-1.875000000000000000e-01
1.650490000000000013e-01
1.368419999999999914e-01
-1.250000000000000000e-01
-1.290320000000000078e-01
3.076920000000000210e-01
1.304349999999999954e-01
-1.016949999999999937e-01
-1.562500000000000000e-01
1.844659999999999911e-01
8.433730000000000393e-02
-1.544719999999999982e-01
-1.384620000000000017e-01
2.427179999999999893e-01
2.222220000000000029e-01
-1.360000000000000098e-01
-1.562500000000000000e-01
2.500000000000000000e-01
3.103449999999999820e-01
-6.666669999999999541e-02
-1.384620000000000017e-01
2.079209999999999947e-01
2.631580000000000030e-01
-4.687500000000000000e-02
-2.812500000000000000e-01
1.844659999999999911e-01
1.578950000000000076e-01
-1.562500000000000000e-01
