-2.812500000000000000e-01
-2.000000000000000111e-01
-5.952380000000000448e-01
-5.702479999999999771e-01
-2.580649999999999888e-01
-2.727269999999999972e-01
-5.999999999999999778e-01
-5.937500000000000000e-01
-2.812500000000000000e-01
-1.456310000000000104e-01
-5.157890000000000530e-01
-5.312500000000000000e-01
-1.290320000000000078e-01
-3.846150000000000263e-02
-3.695649999999999769e-01
-4.745759999999999978e-01
-3.125000000000000000e-02
4.854370000000000213e-02
-5.421690000000000120e-01
-4.471539999999999959e-01
1.076919999999999961e-01
1.844659999999999911e-01
-1.111110000000000014e-01
-3.119999999999999996e-01
4.062500000000000000e-01
5.192309999999999981e-01
3.103449999999999820e-01
-1.833329999999999960e-01
4.153850000000000042e-01
4.851489999999999969e-01
3.473680000000000101e-01
-1.562500000000000000e-01
4.062500000000000000e-01
4.563110000000000221e-01
2.631580000000000030e-01
-9.375000000000000000e-02
