-2.500000000000000000e-01
2.181819999999999871e-01
9.523810000000000608e-02
-1.735540000000000138e-01
-3.548390000000000155e-01
1.272729999999999972e-01
9.473679999999999601e-02
-1.562500000000000000e-01
-5.937500000000000000e-01
-2.912620000000000139e-02
9.473679999999999601e-02
-9.375000000000000000e-02
-4.838709999999999956e-01
-7.692309999999999426e-02
2.173910000000000078e-02
-1.186439999999999995e-01
-8.125000000000000000e-01
-5.922330000000000094e-01
-3.614459999999999895e-02
1.219510000000000038e-01
-8.769230000000000080e-01
-8.252429999999999488e-01
2.000000000000000111e-01
4.719999999999999751e-01
-2.812500000000000000e-01
1.538460000000000105e-01
2.873560000000000003e-01
3.333330000000000320e-02
-6.307690000000000241e-01
-6.435640000000000249e-01
3.263159999999999950e-01
5.000000000000000000e-01
-8.750000000000000000e-01
-9.611650000000000471e-01
5.368420000000000414e-01
6.250000000000000000e-01
