-7.187500000000000000e-01
-6.727269999999999639e-01
5.000000000000000000e-01
3.719009999999999816e-01
-8.064519999999999467e-01
-8.181819999999999649e-01
4.526319999999999788e-01
5.312500000000000000e-01
-8.125000000000000000e-01
-9.029129999999999656e-01
4.526319999999999788e-01
5.937500000000000000e-01
-8.709679999999999644e-01
-8.653849999999999598e-01
5.434780000000000166e-01
7.457629999999999537e-01
-8.750000000000000000e-01
-8.640780000000000127e-01
6.385539999999999550e-01
6.585370000000000390e-01
-9.076920000000000543e-01
-9.223299999999999832e-01
6.444440000000000168e-01
6.640000000000000346e-01
-8.750000000000000000e-01
-8.653849999999999598e-01
5.402299999999999880e-01
6.833329999999999682e-01
-8.461539999999999617e-01
-9.207920000000000549e-01
4.736839999999999939e-01
7.187500000000000000e-01
-8.750000000000000000e-01
-8.640780000000000127e-01
7.052629999999999733e-01
6.562500000000000000e-01
