-7.812500000000000000e-01
-8.727270000000000305e-01
6.428570000000000118e-01
6.859499999999999487e-01
-6.774189999999999934e-01
-9.272730000000000139e-01
7.052629999999999733e-01
6.562500000000000000e-01
-7.812500000000000000e-01
-9.223299999999999832e-01
5.789469999999999894e-01
6.562500000000000000e-01
-8.064519999999999467e-01
-9.230770000000000364e-01
6.304349999999999676e-01
7.288139999999999619e-01
-8.125000000000000000e-01
-9.223299999999999832e-01
7.349400000000000377e-01
6.422759999999999581e-01
-7.846149999999999514e-01
-9.223299999999999832e-01
8.444439999999999724e-01
8.239999999999999547e-01
-8.750000000000000000e-01
-8.076919999999999655e-01
8.620689999999999742e-01
7.166670000000000540e-01
-8.461539999999999617e-01
-9.009899999999999576e-01
8.736840000000000162e-01
7.500000000000000000e-01
-8.750000000000000000e-01
-8.640780000000000127e-01
8.736840000000000162e-01
8.281250000000000000e-01
