-1.562500000000000000e-01
-2.545450000000000212e-01
-2.142860000000000043e-01
-2.396689999999999932e-01
-2.580649999999999888e-01
-2.545450000000000212e-01
-2.631580000000000030e-01
-2.187500000000000000e-01
-1.562500000000000000e-01
-2.038830000000000087e-01
-1.789469999999999950e-01
-2.187500000000000000e-01
-3.225809999999999789e-02
0.000000000000000000e+00
-6.521739999999999482e-02
-2.372879999999999989e-01
-6.250000000000000000e-02
9.708740000000000425e-03
-1.325300000000000089e-01
-2.357720000000000093e-01
-4.615380000000000177e-02
-2.233009999999999995e-01
-1.555559999999999998e-01
-2.159999999999999976e-01
2.187500000000000000e-01
9.615379999999999761e-02
-8.045979999999999799e-02
-3.166669999999999763e-01
-1.538460000000000001e-02
6.930690000000000461e-02
-9.473679999999999601e-02
-2.187500000000000000e-01
-3.125000000000000000e-02
-2.912620000000000139e-02
-9.473679999999999601e-02
-2.187500000000000000e-01
