3.125000000000000000e-01
4.000000000000000222e-01
3.333329999999999904e-01
-7.438019999999999354e-02
3.548390000000000155e-01
3.272729999999999806e-01
1.368419999999999914e-01
-6.250000000000000000e-02
1.875000000000000000e-01
3.398059999999999969e-01
1.368419999999999914e-01
-1.875000000000000000e-01
3.870970000000000244e-01
3.846149999999999847e-01
2.391300000000000092e-01
-1.016949999999999937e-01
2.187500000000000000e-01
3.203880000000000061e-01
1.807229999999999948e-01
-1.544719999999999982e-01
2.307690000000000019e-01
3.203880000000000061e-01
2.222220000000000029e-01
-1.360000000000000098e-01
4.062500000000000000e-01
6.153849999999999598e-01
4.022990000000000177e-01
-6.666669999999999541e-02
4.153850000000000042e-01
5.643559999999999688e-01
3.473680000000000101e-01
1.562500000000000000e-02
3.125000000000000000e-01
4.563110000000000221e-01
3.473680000000000101e-01
-4.687500000000000000e-02
