-9.062500000000000000e-01
-9.636360000000000481e-01
8.333329999999999904e-01
8.181819999999999649e-01
-8.064519999999999467e-01
-9.272730000000000139e-01
7.473680000000000323e-01
7.187500000000000000e-01
-8.125000000000000000e-01
-9.223299999999999832e-01
7.473680000000000323e-01
7.187500000000000000e-01
-7.419350000000000112e-01
-8.653849999999999598e-01
6.304349999999999676e-01
7.627119999999999456e-01
-8.750000000000000000e-01
-9.029129999999999656e-01
7.349400000000000377e-01
7.398369999999999669e-01
-8.461539999999999617e-01
-9.029129999999999656e-01
7.333330000000000126e-01
7.279999999999999805e-01
1.875000000000000000e-01
1.538460000000000105e-01
-1.034479999999999983e-01
-2.666669999999999874e-01
-2.615379999999999927e-01
-4.257429999999999826e-01
1.368419999999999914e-01
4.687500000000000000e-02
-7.187500000000000000e-01
-8.640780000000000127e-01
4.105260000000000020e-01
5.625000000000000000e-01
