6.250000000000000000e-01
7.272729999999999473e-01
7.619050000000000544e-01
1.900830000000000020e-01
8.064519999999999467e-01
6.363640000000000407e-01
4.526319999999999788e-01
1.562500000000000000e-02
6.250000000000000000e-01
6.504849999999999799e-01
4.526319999999999788e-01
-4.687500000000000000e-02
8.387099999999999556e-01
8.846150000000000402e-01
5.434780000000000166e-01
1.525420000000000109e-01
6.562500000000000000e-01
8.058250000000000135e-01
6.385539999999999550e-01
-2.439020000000000077e-02
6.615379999999999594e-01
7.087379999999999791e-01
5.333329999999999460e-01
4.000000000000000083e-02
7.812500000000000000e-01
6.923080000000000345e-01
5.402299999999999880e-01
0.000000000000000000e+00
6.307690000000000241e-01
7.425739999999999563e-01
3.684209999999999985e-01
1.562500000000000000e-02
5.000000000000000000e-01
6.310679999999999623e-01
3.684209999999999985e-01
-3.125000000000000000e-02
