-3.125000000000000000e-02
9.090910000000000657e-02
-1.666670000000000096e-01
-5.041320000000000245e-01
0.000000000000000000e+00
1.818180000000000143e-02
-2.210529999999999995e-01
-3.593750000000000000e-01
-3.125000000000000000e-02
8.737860000000000071e-02
-2.210529999999999995e-01
-4.062500000000000000e-01
1.290320000000000078e-01
2.307690000000000019e-01
2.173910000000000078e-02
-2.881360000000000032e-01
2.187500000000000000e-01
3.203880000000000061e-01
-1.084340000000000026e-01
-3.983740000000000059e-01
2.307690000000000019e-01
1.650490000000000013e-01
-2.222220000000000029e-01
-3.920000000000000151e-01
1.875000000000000000e-01
3.269230000000000191e-01
8.045979999999999799e-02
-3.333329999999999904e-01
3.230770000000000031e-01
4.455450000000000244e-01
1.368419999999999914e-01
-1.875000000000000000e-01
3.125000000000000000e-01
4.174760000000000137e-01
1.368419999999999914e-01
-1.875000000000000000e-01
