-8.750000000000000000e-01
-9.272730000000000139e-01
7.857140000000000235e-01
8.016529999999999490e-01
-8.709679999999999644e-01
-9.636360000000000481e-01
8.105259999999999687e-01
8.281250000000000000e-01
-8.750000000000000000e-01
-9.223299999999999832e-01
8.105259999999999687e-01
7.656250000000000000e-01
-6.774189999999999934e-01
-8.269229999999999636e-01
4.130429999999999935e-01
6.101689999999999614e-01
-9.062500000000000000e-01
-9.223299999999999832e-01
1.000000000000000000e+00
7.723579999999999890e-01
-7.846149999999999514e-01
-9.611650000000000471e-01
8.444439999999999724e-01
7.600000000000000089e-01
-6.562500000000000000e-01
-6.538460000000000383e-01
1.724140000000000117e-01
1.000000000000000056e-01
-7.230769999999999698e-01
-8.019800000000000262e-01
5.368420000000000414e-01
5.625000000000000000e-01
-8.750000000000000000e-01
-9.029129999999999656e-01
6.421050000000000368e-01
6.875000000000000000e-01
