-3.125000000000000000e-02
9.090910000000000657e-02
-2.619049999999999989e-01
-3.884299999999999975e-01
0.000000000000000000e+00
9.090910000000000657e-02
-1.368419999999999914e-01
-3.593750000000000000e-01
1.250000000000000000e-01
8.737860000000000071e-02
-1.368419999999999914e-01
-4.062500000000000000e-01
1.290320000000000078e-01
1.538460000000000105e-01
-1.304349999999999954e-01
-3.559320000000000261e-01
9.375000000000000000e-02
1.650490000000000013e-01
-1.084340000000000026e-01
-4.634150000000000214e-01
2.307690000000000019e-01
2.427179999999999893e-01
-4.444440000000000196e-02
-3.280000000000000138e-01
1.875000000000000000e-01
1.538460000000000105e-01
-1.034479999999999983e-01
-3.333329999999999904e-01
7.692309999999999426e-02
1.881190000000000084e-01
-3.157890000000000003e-02
-2.968750000000000000e-01
6.250000000000000000e-02
1.650490000000000013e-01
-2.000000000000000111e-01
-2.968750000000000000e-01
