3.750000000000000000e-01
3.818179999999999907e-01
2.380950000000000011e-01
-1.404960000000000098e-01
5.483869999999999578e-01
3.818179999999999907e-01
3.263159999999999950e-01
-1.250000000000000000e-01
3.750000000000000000e-01
3.980580000000000229e-01
1.368419999999999914e-01
-1.875000000000000000e-01
5.483869999999999578e-01
4.615380000000000038e-01
2.173910000000000009e-01
-8.474579999999999613e-02
3.750000000000000000e-01
3.980580000000000229e-01
1.566269999999999885e-01
-2.682930000000000037e-01
2.307690000000000019e-01
2.427179999999999893e-01
-4.444440000000000196e-02
-3.280000000000000138e-01
-6.250000000000000000e-02
0.000000000000000000e+00
-2.873560000000000003e-01
-4.666669999999999985e-01
-4.615380000000000177e-02
-4.950500000000000039e-02
-4.526319999999999788e-01
-4.687500000000000000e-01
-6.250000000000000000e-02
9.708740000000000425e-03
-3.684209999999999985e-01
-4.218750000000000000e-01
