-5.312500000000000000e-01
1.818180000000000143e-02
-4.761900000000000160e-02
-2.396689999999999932e-01
-5.161289999999999489e-01
1.818180000000000143e-02
1.368419999999999914e-01
-1.562500000000000000e-01
-6.562500000000000000e-01
8.737860000000000071e-02
5.263160000000000061e-02
-1.562500000000000000e-01
-3.870970000000000244e-01
2.307690000000000019e-01
1.086960000000000010e-01
-1.186439999999999995e-01
-5.000000000000000000e-01
9.708740000000000425e-03
-3.614459999999999895e-02
-2.845530000000000004e-01
-5.999999999999999778e-01
9.708740000000000425e-03
2.222220000000000098e-02
-2.159999999999999976e-01
-5.000000000000000000e-01
1.730770000000000086e-01
1.034479999999999983e-01
-1.833329999999999960e-01
-4.769229999999999858e-01
1.287129999999999941e-01
-1.052630000000000059e-02
-1.562500000000000000e-01
-6.250000000000000000e-01
4.854370000000000213e-02
-9.473679999999999601e-02
-2.187500000000000000e-01
