-3.125000000000000000e-02
6.181820000000000093e-01
5.714289999999999647e-01
9.090910000000000657e-02
1.612899999999999889e-01
4.545449999999999768e-01
5.157890000000000530e-01
1.562500000000000000e-01
1.250000000000000000e-01
6.504849999999999799e-01
5.157890000000000530e-01
4.687500000000000000e-02
1.290320000000000078e-01
4.615380000000000038e-01
4.130429999999999935e-01
6.779659999999999853e-02
9.375000000000000000e-02
5.533979999999999455e-01
4.939760000000000262e-01
8.130079999999999599e-03
2.307690000000000019e-01
4.757279999999999842e-01
5.111109999999999820e-01
1.360000000000000098e-01
6.250000000000000000e-02
4.807690000000000019e-01
4.712640000000000162e-01
-3.333330000000000320e-02
7.692309999999999426e-02
6.237620000000000386e-01
4.105260000000000020e-01
4.687500000000000000e-02
1.875000000000000000e-01
4.951459999999999750e-01
3.052630000000000066e-01
4.687500000000000000e-02
