4.062500000000000000e-01
3.636360000000000148e-01
7.142859999999999487e-02
-1.735540000000000138e-01
4.516129999999999867e-01
3.636360000000000148e-01
2.631580000000000030e-01
-2.031250000000000000e-01
3.125000000000000000e-01
1.844659999999999911e-01
7.368420000000000525e-02
-2.656250000000000000e-01
4.193549999999999778e-01
4.423079999999999790e-01
6.521739999999999482e-02
-1.525420000000000109e-01
3.750000000000000000e-01
4.563110000000000221e-01
1.084340000000000026e-01
-2.682930000000000037e-01
1.538460000000000001e-02
4.854370000000000213e-02
-1.111110000000000014e-01
-4.239999999999999880e-01
1.250000000000000000e-01
2.307690000000000019e-01
-2.183910000000000018e-01
-4.000000000000000222e-01
-1.538460000000000001e-02
2.970300000000000024e-02
-2.210529999999999995e-01
-3.593750000000000000e-01
-1.250000000000000000e-01
-6.796119999999999939e-02
-2.210529999999999995e-01
-4.062500000000000000e-01
