6.250000000000000000e-01
5.454550000000000232e-01
5.000000000000000000e-01
8.264459999999999515e-03
8.064519999999999467e-01
5.454550000000000232e-01
4.526319999999999788e-01
7.812500000000000000e-02
6.250000000000000000e-01
4.757279999999999842e-01
2.631580000000000030e-01
-4.687500000000000000e-02
7.096770000000000023e-01
6.923080000000000345e-01
5.434780000000000166e-01
3.389829999999999927e-02
7.812500000000000000e-01
7.087379999999999791e-01
6.385539999999999550e-01
2.439020000000000077e-02
6.615379999999999594e-01
5.339810000000000390e-01
4.222219999999999862e-01
4.000000000000000083e-02
6.250000000000000000e-01
6.923080000000000345e-01
4.252870000000000261e-01
0.000000000000000000e+00
6.307690000000000241e-01
5.643559999999999688e-01
2.842109999999999914e-01
-9.375000000000000000e-02
5.000000000000000000e-01
4.563110000000000221e-01
1.789469999999999950e-01
-1.562500000000000000e-01
