5.312500000000000000e-01
5.272729999999999917e-01
3.809520000000000128e-01
-1.074380000000000057e-01
5.806449999999999667e-01
4.363639999999999741e-01
2.631580000000000030e-01
-1.562500000000000000e-01
4.062500000000000000e-01
3.592230000000000145e-01
7.368420000000000525e-02
-2.031250000000000000e-01
8.387099999999999556e-01
6.153849999999999598e-01
3.478260000000000240e-01
3.389829999999999927e-02
7.812500000000000000e-01
6.310679999999999623e-01
3.253010000000000068e-01
-7.317070000000000518e-02
5.076920000000000321e-01
4.563110000000000221e-01
2.444439999999999946e-01
-1.360000000000000098e-01
9.062500000000000000e-01
7.115380000000000038e-01
5.862070000000000336e-01
3.333330000000000320e-02
7.846149999999999514e-01
7.623760000000000536e-01
5.157890000000000530e-01
4.687500000000000000e-02
7.812500000000000000e-01
6.504849999999999799e-01
4.315789999999999904e-01
-1.562500000000000000e-02
