-7.187500000000000000e-01
-9.090910000000000657e-02
-1.190480000000000010e-01
-3.057849999999999735e-01
-8.064519999999999467e-01
-2.909089999999999732e-01
-2.421049999999999869e-01
-3.281250000000000000e-01
-7.187500000000000000e-01
-1.650490000000000013e-01
-2.421049999999999869e-01
-2.812500000000000000e-01
-7.741940000000000488e-01
-7.692309999999999426e-02
-4.347829999999999750e-02
-2.033899999999999875e-01
-6.875000000000000000e-01
-1.456310000000000104e-01
-2.048190000000000011e-01
-3.170729999999999937e-01
-6.615379999999999594e-01
-2.233009999999999995e-01
-4.444440000000000196e-02
-2.479999999999999982e-01
-6.875000000000000000e-01
-1.153850000000000015e-01
-5.747130000000000294e-02
-2.999999999999999889e-01
-6.615379999999999594e-01
-8.910890000000000477e-02
-1.578950000000000076e-01
-2.656250000000000000e-01
-6.875000000000000000e-01
-1.067960000000000020e-01
-7.368420000000000525e-02
-2.187500000000000000e-01
