-3.750000000000000000e-01
1.272729999999999972e-01
3.095240000000000213e-01
8.264459999999999515e-03
-5.806449999999999667e-01
-4.181819999999999982e-01
1.789469999999999950e-01
3.125000000000000000e-01
-6.875000000000000000e-01
-9.223299999999999832e-01
3.684209999999999985e-01
5.468750000000000000e-01
-3.548390000000000155e-01
2.307690000000000019e-01
1.956519999999999926e-01
-6.779659999999999853e-02
-3.750000000000000000e-01
8.737860000000000071e-02
2.530120000000000147e-01
-5.691059999999999869e-02
-3.538459999999999939e-01
-2.815529999999999977e-01
1.111110000000000014e-01
1.199999999999999956e-01
-4.062500000000000000e-01
1.538460000000000105e-01
1.724140000000000117e-01
-3.333330000000000320e-02
-1.384620000000000017e-01
4.257429999999999826e-01
2.421049999999999869e-01
-1.562500000000000000e-02
-1.562500000000000000e-01
1.650490000000000013e-01
5.263160000000000061e-02
-1.562500000000000000e-01
