-1.250000000000000000e-01
-1.636360000000000037e-01
-4.761900000000000022e-01
-4.710739999999999927e-01
-2.258060000000000067e-01
-2.363639999999999908e-01
-4.105260000000000020e-01
-4.375000000000000000e-01
-1.250000000000000000e-01
-2.912620000000000139e-02
-2.421049999999999869e-01
-4.375000000000000000e-01
0.000000000000000000e+00
0.000000000000000000e+00
-3.478260000000000240e-01
-4.237290000000000223e-01
-3.125000000000000000e-02
9.708740000000000425e-03
-4.457829999999999848e-01
-5.284550000000000081e-01
-1.076919999999999961e-01
-6.796119999999999939e-02
-3.555559999999999832e-01
-3.920000000000000151e-01
-3.125000000000000000e-02
-7.692309999999999426e-02
-3.563220000000000276e-01
-4.500000000000000111e-01
-1.384620000000000017e-01
-1.089109999999999939e-01
-3.473680000000000101e-01
-4.062500000000000000e-01
-1.562500000000000000e-01
-2.815529999999999977e-01
-3.473680000000000101e-01
-4.062500000000000000e-01
