-2.500000000000000000e-01
-2.909089999999999732e-01
-7.380949999999999456e-01
-6.528929999999999456e-01
-2.258060000000000067e-01
-3.636360000000000148e-01
-5.578950000000000298e-01
-6.718750000000000000e-01
-3.750000000000000000e-01
-3.203880000000000061e-01
-6.421050000000000368e-01
-6.718750000000000000e-01
-3.548390000000000155e-01
-4.230769999999999809e-01
-6.956520000000000481e-01
-7.288139999999999619e-01
-5.000000000000000000e-01
-4.757279999999999842e-01
-7.349400000000000377e-01
-7.560980000000000478e-01
-4.769229999999999858e-01
-4.757279999999999842e-01
-6.222220000000000528e-01
-6.320000000000000062e-01
-4.062500000000000000e-01
-5.384619999999999962e-01
-6.781610000000000138e-01
-7.333330000000000126e-01
-5.076920000000000321e-01
-4.653470000000000106e-01
-6.421050000000000368e-01
-6.718750000000000000e-01
-5.312500000000000000e-01
-4.757279999999999842e-01
-7.894740000000000091e-01
-7.343750000000000000e-01
