-2.500000000000000000e-01
-3.272729999999999806e-01
2.380950000000000011e-01
-2.479340000000000016e-02
-3.548390000000000155e-01
-3.818179999999999907e-01
2.210529999999999995e-01
9.375000000000000000e-02
-2.500000000000000000e-01
-3.398059999999999969e-01
2.210529999999999995e-01
9.375000000000000000e-02
-3.870970000000000244e-01
-4.038459999999999828e-01
1.086960000000000010e-01
1.355929999999999913e-01
-4.062500000000000000e-01
-3.980580000000000229e-01
1.566269999999999885e-01
7.317070000000000518e-02
-3.846149999999999847e-01
-3.398059999999999969e-01
3.111110000000000264e-01
1.360000000000000098e-01
-2.812500000000000000e-01
-1.538460000000000105e-01
-1.034479999999999983e-01
-2.166669999999999985e-01
-3.846149999999999847e-01
-3.465349999999999819e-01
-3.157890000000000003e-02
-1.562500000000000000e-02
-5.000000000000000000e-01
-3.009709999999999885e-01
1.368419999999999914e-01
4.687500000000000000e-02
