3.750000000000000000e-01
2.909089999999999732e-01
1.904760000000000064e-01
-1.735540000000000138e-01
5.483869999999999578e-01
2.909089999999999732e-01
1.789469999999999950e-01
-9.375000000000000000e-02
5.000000000000000000e-01
5.339810000000000390e-01
1.789469999999999950e-01
-9.375000000000000000e-02
5.483869999999999578e-01
4.615380000000000038e-01
1.956519999999999926e-01
-1.864409999999999956e-01
5.000000000000000000e-01
4.757279999999999842e-01
2.530120000000000147e-01
-1.219510000000000038e-01
5.076920000000000321e-01
5.533979999999999455e-01
4.000000000000000222e-01
-5.600000000000000117e-02
5.000000000000000000e-01
6.153849999999999598e-01
2.873560000000000003e-01
-1.166670000000000068e-01
5.076920000000000321e-01
5.841579999999999551e-01
2.421049999999999869e-01
-9.375000000000000000e-02
5.000000000000000000e-01
5.533979999999999455e-01
2.421049999999999869e-01
-1.562500000000000000e-02
