-4.062500000000000000e-01
-4.000000000000000222e-01
-7.857140000000000235e-01
-6.694210000000000438e-01
-3.870970000000000244e-01
-2.909089999999999732e-01
-5.368420000000000414e-01
-5.625000000000000000e-01
-2.812500000000000000e-01
-1.067960000000000020e-01
-4.736839999999999939e-01
-4.531250000000000000e-01
-4.516129999999999867e-01
-3.653850000000000153e-01
-6.304349999999999676e-01
-5.762709999999999777e-01
-2.812500000000000000e-01
-2.233009999999999995e-01
-5.662650000000000183e-01
-6.097559999999999647e-01
-1.384620000000000017e-01
-1.456310000000000104e-01
-3.777780000000000027e-01
-4.719999999999999751e-01
-4.687500000000000000e-01
-5.192309999999999981e-01
-5.862070000000000336e-01
-5.500000000000000444e-01
-4.461539999999999950e-01
-3.663370000000000237e-01
-4.105260000000000020e-01
-5.000000000000000000e-01
-3.750000000000000000e-01
-3.203880000000000061e-01
-3.263159999999999950e-01
-4.375000000000000000e-01
