3.750000000000000000e-01
2.363639999999999908e-01
4.761900000000000160e-02
-3.057849999999999735e-01
2.580649999999999888e-01
9.090910000000000657e-02
-9.473679999999999601e-02
-2.812500000000000000e-01
-3.125000000000000000e-02
9.708740000000000425e-03
-1.789469999999999950e-01
-2.812500000000000000e-01
3.548390000000000155e-01
3.269230000000000191e-01
1.086960000000000010e-01
-2.372879999999999989e-01
3.125000000000000000e-01
2.427179999999999893e-01
-3.614459999999999895e-02
-2.845530000000000004e-01
-1.692309999999999925e-01
-1.456310000000000104e-01
-1.555559999999999998e-01
-2.800000000000000266e-01
3.437500000000000000e-01
4.615380000000000038e-01
1.954019999999999924e-01
-1.833329999999999960e-01
3.538459999999999939e-01
2.673269999999999813e-01
7.368420000000000525e-02
-2.187500000000000000e-01
-3.125000000000000000e-02
-3.009709999999999885e-01
-2.421049999999999869e-01
-2.812500000000000000e-01
