-3.750000000000000000e-01
3.818179999999999907e-01
4.761900000000000022e-01
-2.479340000000000016e-02
-3.548390000000000155e-01
3.090910000000000046e-01
3.263159999999999950e-01
-1.562500000000000000e-02
-2.500000000000000000e-01
4.757279999999999842e-01
4.315789999999999904e-01
-1.562500000000000000e-02
-2.580649999999999888e-01
5.384619999999999962e-01
3.043480000000000074e-01
0.000000000000000000e+00
-2.812500000000000000e-01
3.980580000000000229e-01
3.734939999999999927e-01
-5.691059999999999869e-02
-3.846149999999999847e-01
3.980580000000000229e-01
4.000000000000000222e-01
8.000000000000000167e-03
-4.062500000000000000e-01
4.038459999999999828e-01
1.724140000000000117e-01
-2.166669999999999985e-01
-3.846149999999999847e-01
3.663370000000000237e-01
1.368419999999999914e-01
-1.875000000000000000e-01
-2.812500000000000000e-01
2.427179999999999893e-01
2.210529999999999995e-01
-6.250000000000000000e-02
