-4.062500000000000000e-01
-3.454550000000000121e-01
-5.952380000000000448e-01
-4.545449999999999768e-01
-1.612899999999999889e-01
-3.454550000000000121e-01
-2.842109999999999914e-01
-4.218750000000000000e-01
-6.250000000000000000e-02
-6.796119999999999939e-02
-2.000000000000000111e-01
-3.593750000000000000e-01
-2.580649999999999888e-01
-2.500000000000000000e-01
-4.347829999999999750e-01
-4.067799999999999749e-01
-2.812500000000000000e-01
-4.174760000000000137e-01
-5.421690000000000120e-01
-4.471539999999999959e-01
-1.384620000000000017e-01
-1.067960000000000020e-01
-2.888890000000000069e-01
-3.119999999999999996e-01
-3.750000000000000000e-01
-2.307690000000000019e-01
-4.252870000000000261e-01
-5.333329999999999460e-01
-5.692310000000000425e-01
-5.643559999999999688e-01
-4.105260000000000020e-01
-5.468750000000000000e-01
-3.750000000000000000e-01
-3.592230000000000145e-01
-4.105260000000000020e-01
-4.375000000000000000e-01
