1.250000000000000000e-01
1.636360000000000037e-01
4.761900000000000160e-02
-3.223139999999999894e-01
1.612899999999999889e-01
9.090910000000000657e-02
5.263160000000000061e-02
-2.968750000000000000e-01
1.250000000000000000e-01
1.650490000000000013e-01
-1.368419999999999914e-01
-2.968750000000000000e-01
2.580649999999999888e-01
1.538460000000000105e-01
-1.304349999999999954e-01
-4.237290000000000223e-01
9.375000000000000000e-02
1.650490000000000013e-01
-3.614459999999999895e-02
-3.983740000000000059e-01
1.076919999999999961e-01
2.427179999999999893e-01
2.222220000000000098e-02
-3.280000000000000138e-01
6.250000000000000000e-02
1.538460000000000105e-01
-1.954019999999999924e-01
-4.666669999999999985e-01
7.692309999999999426e-02
1.881190000000000084e-01
-1.157890000000000030e-01
-3.593750000000000000e-01
1.875000000000000000e-01
1.650490000000000013e-01
-2.000000000000000111e-01
-4.218750000000000000e-01
