-2.812500000000000000e-01
4.363639999999999741e-01
5.000000000000000000e-01
5.785119999999999846e-02
-2.580649999999999888e-01
5.272729999999999917e-01
5.578950000000000298e-01
6.250000000000000000e-02
-2.812500000000000000e-01
6.310679999999999623e-01
4.526319999999999788e-01
1.250000000000000000e-01
-2.258060000000000067e-01
6.153849999999999598e-01
5.652169999999999694e-01
1.694920000000000038e-01
-1.250000000000000000e-01
6.310679999999999623e-01
6.626509999999999900e-01
1.056909999999999933e-01
-1.076919999999999961e-01
5.339810000000000390e-01
5.555560000000000498e-01
1.039999999999999952e-01
-1.250000000000000000e-01
6.346150000000000402e-01
5.862070000000000336e-01
3.333330000000000320e-02
-1.076919999999999961e-01
6.831679999999999975e-01
5.157890000000000530e-01
9.375000000000000000e-02
-2.500000000000000000e-01
4.757279999999999842e-01
4.315789999999999904e-01
4.687500000000000000e-02
