6.250000000000000000e-02
5.999999999999999778e-01
5.000000000000000000e-01
1.239669999999999939e-01
-3.225809999999999789e-02
5.272729999999999917e-01
5.578950000000000298e-01
1.250000000000000000e-01
-1.562500000000000000e-01
5.339810000000000390e-01
5.578950000000000298e-01
1.250000000000000000e-01
-9.677420000000000466e-02
6.153849999999999598e-01
4.565219999999999834e-01
1.016949999999999937e-01
-1.250000000000000000e-01
7.087379999999999791e-01
6.626509999999999900e-01
4.065040000000000320e-02
-1.076919999999999961e-01
6.310679999999999623e-01
6.666670000000000096e-01
1.039999999999999952e-01
-3.125000000000000000e-02
6.346150000000000402e-01
4.942529999999999979e-01
8.333329999999999904e-02
-1.076919999999999961e-01
6.831679999999999975e-01
5.157890000000000530e-01
4.687500000000000000e-02
-1.250000000000000000e-01
6.504849999999999799e-01
6.421050000000000368e-01
9.375000000000000000e-02
