-9.375000000000000000e-01
-9.090909999999999824e-01
7.619050000000000544e-01
7.520660000000000123e-01
-9.354839999999999822e-01
-9.090909999999999824e-01
4.526319999999999788e-01
5.312500000000000000e-01
-9.375000000000000000e-01
-8.640780000000000127e-01
2.631580000000000030e-01
4.218750000000000000e-01
-8.709679999999999644e-01
-9.230770000000000364e-01
5.434780000000000166e-01
7.457629999999999537e-01
-8.750000000000000000e-01
-9.223299999999999832e-01
6.385539999999999550e-01
6.097559999999999647e-01
-8.461539999999999617e-01
-9.223299999999999832e-01
4.222219999999999862e-01
4.879999999999999893e-01
-7.812500000000000000e-01
-7.500000000000000000e-01
4.252870000000000261e-01
4.333330000000000237e-01
-8.461539999999999617e-01
-9.207920000000000549e-01
7.052629999999999733e-01
6.562500000000000000e-01
-7.812500000000000000e-01
-9.223299999999999832e-01
5.789469999999999894e-01
5.468750000000000000e-01
