-5.000000000000000000e-01
-5.454549999999999677e-02
-2.380950000000000011e-01
-2.066119999999999901e-01
-3.870970000000000244e-01
1.818180000000000143e-02
5.263160000000000061e-02
-1.875000000000000000e-01
-4.062500000000000000e-01
8.737860000000000071e-02
5.263160000000000061e-02
-1.875000000000000000e-01
-4.838709999999999956e-01
3.846150000000000263e-02
-1.304349999999999954e-01
-2.203390000000000071e-01
-5.000000000000000000e-01
4.854370000000000213e-02
-1.084340000000000026e-01
-2.682930000000000037e-01
-4.769229999999999858e-01
1.067960000000000020e-01
2.222220000000000029e-01
-8.799999999999999489e-02
-5.937500000000000000e-01
0.000000000000000000e+00
-1.724140000000000117e-01
-2.999999999999999889e-01
-4.461539999999999950e-01
2.970300000000000024e-02
-9.473679999999999601e-02
-2.031250000000000000e-01
-4.687500000000000000e-01
1.844659999999999911e-01
7.368420000000000525e-02
-1.562500000000000000e-01
