6.250000000000000000e-01
4.545449999999999768e-01
3.571429999999999882e-01
-9.090910000000000657e-02
6.774189999999999934e-01
4.545449999999999768e-01
4.315789999999999904e-01
-1.250000000000000000e-01
6.250000000000000000e-01
6.504849999999999799e-01
4.315789999999999904e-01
-1.562500000000000000e-02
7.096770000000000023e-01
7.115380000000000038e-01
4.130429999999999935e-01
6.779659999999999853e-02
7.812500000000000000e-01
6.310679999999999623e-01
4.939760000000000262e-01
8.130079999999999599e-03
7.846149999999999514e-01
6.310679999999999623e-01
5.111109999999999820e-01
7.199999999999999456e-02
7.187500000000000000e-01
7.500000000000000000e-01
4.712640000000000162e-01
-3.333330000000000320e-02
7.230769999999999698e-01
7.029699999999999838e-01
4.105260000000000020e-01
4.687500000000000000e-02
1.000000000000000000e+00
6.699030000000000262e-01
6.210529999999999662e-01
4.687500000000000000e-02
