-6.250000000000000000e-01
-5.090909999999999602e-01
-5.476189999999999669e-01
-4.214879999999999738e-01
-6.129029999999999756e-01
-4.000000000000000222e-01
-5.368420000000000414e-01
-4.531250000000000000e-01
-4.062500000000000000e-01
-3.009709999999999885e-01
-6.210529999999999662e-01
-3.906250000000000000e-01
-3.548390000000000155e-01
-3.076920000000000210e-01
-5.434780000000000166e-01
-3.898309999999999831e-01
-3.750000000000000000e-01
-3.009709999999999885e-01
-4.698800000000000199e-01
-4.959350000000000147e-01
-2.615379999999999927e-01
-1.456310000000000104e-01
-5.555560000000000498e-01
-4.719999999999999751e-01
-1.250000000000000000e-01
-1.153850000000000015e-01
-4.252870000000000261e-01
-4.833330000000000126e-01
-2.307690000000000019e-01
-2.277230000000000087e-01
-4.947369999999999823e-01
-4.375000000000000000e-01
-2.500000000000000000e-01
-1.067960000000000020e-01
-3.263159999999999950e-01
-3.906250000000000000e-01
