3.750000000000000000e-01
3.818179999999999907e-01
2.380950000000000011e-01
-1.404960000000000098e-01
6.774189999999999934e-01
5.454550000000000232e-01
5.157890000000000530e-01
-1.562500000000000000e-02
6.250000000000000000e-01
6.504849999999999799e-01
4.315789999999999904e-01
-1.562500000000000000e-02
1.290320000000000078e-01
2.307690000000000019e-01
-6.521739999999999482e-02
-2.881360000000000032e-01
3.750000000000000000e-01
4.757279999999999842e-01
1.566269999999999885e-01
-2.032519999999999882e-01
2.307690000000000019e-01
3.980580000000000229e-01
2.222220000000000098e-02
-2.000000000000000111e-01
-6.250000000000000000e-02
0.000000000000000000e+00
-3.793099999999999805e-01
-5.166669999999999874e-01
-1.692309999999999925e-01
1.089109999999999939e-01
-2.000000000000000111e-01
-4.218750000000000000e-01
6.250000000000000000e-02
1.650490000000000013e-01
-1.157890000000000030e-01
-2.968750000000000000e-01
