-3.125000000000000000e-02
9.090910000000000657e-02
4.761900000000000160e-02
-2.066119999999999901e-01
2.903229999999999977e-01
3.090910000000000046e-01
2.210529999999999995e-01
-7.812500000000000000e-02
3.750000000000000000e-01
5.533979999999999455e-01
4.315789999999999904e-01
4.687500000000000000e-02
1.290320000000000078e-01
5.384619999999999962e-01
3.043480000000000074e-01
0.000000000000000000e+00
9.375000000000000000e-02
4.757279999999999842e-01
3.734939999999999927e-01
8.130079999999999599e-03
1.076919999999999961e-01
3.980580000000000229e-01
3.111110000000000264e-01
7.199999999999999456e-02
6.250000000000000000e-02
4.038459999999999828e-01
3.563220000000000276e-01
-3.333330000000000320e-02
-4.615380000000000177e-02
4.455450000000000244e-01
3.052630000000000066e-01
-1.562500000000000000e-02
-1.875000000000000000e-01
3.398059999999999969e-01
2.210529999999999995e-01
-1.562500000000000000e-02
