-1.250000000000000000e-01
-5.454549999999999677e-02
-4.523809999999999776e-01
-5.702479999999999771e-01
-9.677420000000000466e-02
-1.272729999999999972e-01
-4.736839999999999939e-01
-5.781250000000000000e-01
-1.250000000000000000e-01
-1.456310000000000104e-01
-4.736839999999999939e-01
-5.312500000000000000e-01
-1.290320000000000078e-01
-7.692309999999999426e-02
-3.043480000000000074e-01
-5.084750000000000103e-01
-1.562500000000000000e-01
-6.796119999999999939e-02
-3.975899999999999990e-01
-6.097559999999999647e-01
-1.384620000000000017e-01
-1.262139999999999929e-01
-4.000000000000000222e-01
-5.360000000000000320e-01
-4.062500000000000000e-01
-4.423079999999999790e-01
-1.954019999999999924e-01
-1.499999999999999944e-01
-3.846149999999999847e-01
-3.465349999999999819e-01
5.263160000000000061e-02
-1.875000000000000000e-01
-1.875000000000000000e-01
-1.456310000000000104e-01
-2.000000000000000111e-01
-3.593750000000000000e-01
