-3.750000000000000000e-01
2.181819999999999871e-01
3.095240000000000213e-01
-1.074380000000000057e-01
-4.516129999999999867e-01
2.181819999999999871e-01
9.473679999999999601e-02
-9.375000000000000000e-02
-4.687500000000000000e-01
1.262139999999999929e-01
9.473679999999999601e-02
-2.187500000000000000e-01
-4.838709999999999956e-01
1.538460000000000105e-01
1.086960000000000010e-01
-1.864409999999999956e-01
-5.937500000000000000e-01
8.737860000000000071e-02
6.024100000000000288e-02
-2.845530000000000004e-01
-5.692310000000000425e-01
9.708740000000000425e-03
2.222220000000000098e-02
-1.680000000000000104e-01
-4.062500000000000000e-01
1.538460000000000105e-01
8.045979999999999799e-02
-1.833329999999999960e-01
-5.076920000000000321e-01
2.970300000000000024e-02
-3.157890000000000003e-02
-2.812500000000000000e-01
-5.312500000000000000e-01
8.737860000000000071e-02
-3.157890000000000003e-02
-2.187500000000000000e-01
