1.250000000000000000e-01
1.272729999999999972e-01
0.000000000000000000e+00
-2.396689999999999932e-01
2.903229999999999977e-01
2.181819999999999871e-01
9.473679999999999601e-02
-2.656250000000000000e-01
1.250000000000000000e-01
1.262139999999999929e-01
-1.578950000000000076e-01
-3.906250000000000000e-01
2.903229999999999977e-01
3.076920000000000210e-01
2.173910000000000078e-02
-2.372879999999999989e-01
1.250000000000000000e-01
1.650490000000000013e-01
-1.566269999999999885e-01
-4.634150000000000214e-01
-1.538460000000000001e-02
1.650490000000000013e-01
-1.777779999999999916e-01
-3.439999999999999725e-01
9.375000000000000000e-02
2.307690000000000019e-01
-1.724140000000000117e-01
-3.833329999999999793e-01
1.076919999999999961e-01
1.089109999999999939e-01
-3.473680000000000101e-01
-4.843750000000000000e-01
-3.125000000000000000e-02
9.708740000000000425e-03
-2.631580000000000030e-01
-4.062500000000000000e-01
