5.000000000000000000e-01
4.545449999999999768e-01
2.619049999999999989e-01
-1.735540000000000138e-01
4.193549999999999778e-01
3.090910000000000046e-01
2.421049999999999869e-01
-1.562500000000000000e-01
5.000000000000000000e-01
4.757279999999999842e-01
2.421049999999999869e-01
-9.375000000000000000e-02
4.838709999999999956e-01
4.807690000000000019e-01
1.956519999999999926e-01
-1.186439999999999995e-01
4.375000000000000000e-01
4.951459999999999750e-01
2.530120000000000147e-01
-1.707319999999999949e-01
4.461539999999999950e-01
4.174760000000000137e-01
2.888890000000000069e-01
-1.039999999999999952e-01
3.437500000000000000e-01
3.846149999999999847e-01
3.103449999999999820e-01
-1.833329999999999960e-01
4.769229999999999858e-01
4.257429999999999826e-01
1.578950000000000076e-01
-1.093750000000000000e-01
4.687500000000000000e-01
4.757279999999999842e-01
1.578950000000000076e-01
-1.093750000000000000e-01
