-1.875000000000000000e-01
-2.727269999999999972e-01
-7.619050000000000544e-01
-8.677690000000000126e-01
-6.129029999999999756e-01
-5.999999999999999778e-01
-8.736840000000000162e-01
-9.375000000000000000e-01
-6.250000000000000000e-01
-5.728159999999999918e-01
-6.631580000000000252e-01
-7.656250000000000000e-01
-2.580649999999999888e-01
-2.500000000000000000e-01
-6.739129999999999843e-01
-9.830510000000000081e-01
-6.250000000000000000e-01
-5.339810000000000390e-01
-8.554220000000000157e-01
-8.699189999999999978e-01
-6.923080000000000345e-01
-5.922330000000000094e-01
-5.999999999999999778e-01
-6.800000000000000488e-01
-3.750000000000000000e-01
-3.076920000000000210e-01
-6.781610000000000138e-01
-8.833330000000000348e-01
-6.615379999999999594e-01
-6.237620000000000386e-01
-7.263159999999999616e-01
-7.656250000000000000e-01
-6.875000000000000000e-01
-5.728159999999999918e-01
-6.421050000000000368e-01
-6.562500000000000000e-01
