-6.875000000000000000e-01
-2.000000000000000111e-01
-2.142860000000000043e-01
-3.388430000000000053e-01
-6.774189999999999934e-01
-2.000000000000000111e-01
-2.631580000000000030e-01
-3.125000000000000000e-01
-5.937500000000000000e-01
9.708740000000000425e-03
-1.789469999999999950e-01
-2.656250000000000000e-01
-5.806449999999999667e-01
-3.846150000000000263e-02
-1.086960000000000010e-01
-2.711859999999999826e-01
-5.937500000000000000e-01
-1.067960000000000020e-01
1.204820000000000023e-02
-3.170729999999999937e-01
-4.461539999999999950e-01
-2.912620000000000139e-02
6.666669999999999541e-02
-2.000000000000000111e-01
-5.937500000000000000e-01
-7.692309999999999426e-02
-1.149430000000000070e-02
-2.666669999999999874e-01
-5.692310000000000425e-01
-1.287129999999999941e-01
-2.210529999999999995e-01
-2.968750000000000000e-01
-5.937500000000000000e-01
-1.456310000000000104e-01
-2.210529999999999995e-01
-2.968750000000000000e-01
