0.000000000000000000e+00
5.999999999999999778e-01
5.238099999999999978e-01
7.438019999999999354e-02
3.225809999999999789e-02
4.363639999999999741e-01
2.842109999999999914e-01
-3.125000000000000000e-02
-2.500000000000000000e-01
3.009709999999999885e-01
9.473679999999999601e-02
-2.187500000000000000e-01
1.612899999999999889e-01
7.115380000000000038e-01
5.000000000000000000e-01
6.779659999999999853e-02
-3.125000000000000000e-02
6.504849999999999799e-01
5.903610000000000246e-01
5.691059999999999869e-02
-1.076919999999999961e-01
4.757279999999999842e-01
5.111109999999999820e-01
-5.600000000000000117e-02
9.375000000000000000e-02
6.153849999999999598e-01
7.241379999999999484e-01
1.000000000000000056e-01
-1.538460000000000001e-02
6.633660000000000112e-01
5.368420000000000414e-01
1.093750000000000000e-01
-1.562500000000000000e-01
5.533979999999999455e-01
4.315789999999999904e-01
4.687500000000000000e-02
