-7.187500000000000000e-01
-8.181819999999999649e-01
3.809520000000000128e-01
4.380169999999999897e-01
-8.064519999999999467e-01
-8.181819999999999649e-01
1.578950000000000076e-01
3.593750000000000000e-01
-8.125000000000000000e-01
-7.475730000000000430e-01
1.578950000000000076e-01
2.500000000000000000e-01
-6.774189999999999934e-01
-6.923080000000000345e-01
-4.347829999999999750e-02
2.711859999999999826e-01
-8.750000000000000000e-01
-7.475730000000000430e-01
1.807229999999999948e-01
2.520330000000000070e-01
-7.538460000000000161e-01
-6.310679999999999623e-01
2.222220000000000029e-01
2.000000000000000111e-01
-2.500000000000000000e-01
-3.269230000000000191e-01
-5.747130000000000294e-02
-1.833329999999999960e-01
-3.538459999999999939e-01
-3.663370000000000237e-01
1.052630000000000059e-02
-3.125000000000000000e-02
-2.500000000000000000e-01
-1.844659999999999911e-01
1.052630000000000059e-02
-9.375000000000000000e-02
