2.500000000000000000e-01
6.181820000000000093e-01
7.142859999999999765e-01
9.090910000000000657e-02
1.612899999999999889e-01
6.181820000000000093e-01
5.157890000000000530e-01
4.687500000000000000e-02
-3.125000000000000000e-02
6.504849999999999799e-01
5.157890000000000530e-01
9.375000000000000000e-02
1.290320000000000078e-01
7.115380000000000038e-01
6.304349999999999676e-01
1.355929999999999913e-01
9.375000000000000000e-02
6.310679999999999623e-01
7.349400000000000377e-01
7.317070000000000518e-02
-1.538460000000000001e-02
6.310679999999999623e-01
6.222220000000000528e-01
1.360000000000000098e-01
-1.875000000000000000e-01
6.538460000000000383e-01
4.712640000000000162e-01
1.000000000000000056e-01
-1.692309999999999925e-01
7.029699999999999838e-01
5.157890000000000530e-01
1.093750000000000000e-01
-1.875000000000000000e-01
6.699030000000000262e-01
6.210529999999999662e-01
1.093750000000000000e-01
