-3.125000000000000000e-02
3.090910000000000046e-01
2.857140000000000235e-01
8.264459999999999515e-03
-1.290320000000000078e-01
-9.090910000000000657e-02
-1.052630000000000059e-02
-2.187500000000000000e-01
-2.812500000000000000e-01
-2.427179999999999893e-01
-1.578950000000000076e-01
-2.187500000000000000e-01
-1.290320000000000078e-01
3.461540000000000172e-01
3.260870000000000157e-01
-3.389829999999999927e-02
-1.562500000000000000e-01
1.067960000000000020e-01
8.433730000000000393e-02
-1.382110000000000005e-01
7.692309999999999426e-02
2.621359999999999801e-01
2.222220000000000029e-01
-2.400000000000000050e-02
1.250000000000000000e-01
5.192309999999999981e-01
4.252870000000000261e-01
0.000000000000000000e+00
1.384620000000000017e-01
4.851489999999999969e-01
2.842109999999999914e-01
7.812500000000000000e-02
2.500000000000000000e-01
6.310679999999999623e-01
5.789469999999999894e-01
1.406250000000000000e-01
