-5.937500000000000000e-01
-2.000000000000000111e-01
-1.666670000000000096e-01
-3.223139999999999894e-01
-5.806449999999999667e-01
-3.272729999999999806e-01
-3.894739999999999869e-01
-2.968750000000000000e-01
-6.875000000000000000e-01
-2.038830000000000087e-01
-3.052630000000000066e-01
-3.593750000000000000e-01
-6.451609999999999845e-01
-2.115380000000000038e-01
-3.043480000000000074e-01
-3.559320000000000261e-01
-6.562500000000000000e-01
-2.038830000000000087e-01
-4.939760000000000262e-01
-3.983740000000000059e-01
-6.307690000000000241e-01
-2.815529999999999977e-01
-4.000000000000000222e-01
-3.280000000000000138e-01
-7.187500000000000000e-01
-1.538460000000000105e-01
-1.954019999999999924e-01
-3.333329999999999904e-01
-6.923080000000000345e-01
-2.079209999999999947e-01
-2.000000000000000111e-01
-3.593750000000000000e-01
-6.250000000000000000e-01
-2.233009999999999995e-01
-2.842109999999999914e-01
-3.593750000000000000e-01
