-6.875000000000000000e-01
-5.454550000000000232e-01
-4.761900000000000022e-01
-4.710739999999999927e-01
-5.806449999999999667e-01
-5.454550000000000232e-01
-4.105260000000000020e-01
-4.375000000000000000e-01
-5.937500000000000000e-01
-3.203880000000000061e-01
-4.105260000000000020e-01
-5.000000000000000000e-01
-5.806449999999999667e-01
-5.384619999999999962e-01
-5.217389999999999528e-01
-5.593219999999999859e-01
-5.937500000000000000e-01
-5.339810000000000390e-01
-5.421690000000000120e-01
-5.934960000000000235e-01
-5.692310000000000425e-01
-4.174760000000000137e-01
-4.444440000000000057e-01
-4.560000000000000164e-01
-5.312500000000000000e-01
-5.384619999999999962e-01
-4.482760000000000078e-01
-4.500000000000000111e-01
-5.076920000000000321e-01
-4.653470000000000106e-01
-3.473680000000000101e-01
-3.437500000000000000e-01
-6.562500000000000000e-01
-3.980580000000000229e-01
-3.473680000000000101e-01
-2.812500000000000000e-01
