-3.125000000000000000e-02
3.636360000000000287e-02
-1.904760000000000064e-01
-3.553720000000000212e-01
3.870970000000000244e-01
3.090910000000000046e-01
1.578950000000000076e-01
-1.562500000000000000e-01
3.437500000000000000e-01
4.757279999999999842e-01
1.578950000000000076e-01
-1.562500000000000000e-01
-2.580649999999999888e-01
0.000000000000000000e+00
-4.565219999999999834e-01
-5.084750000000000103e-01
6.250000000000000000e-02
2.621359999999999801e-01
-1.084340000000000026e-01
-3.170729999999999937e-01
3.230770000000000031e-01
4.563110000000000221e-01
2.222220000000000029e-01
-1.360000000000000098e-01
-2.500000000000000000e-01
-1.153850000000000015e-01
-4.252870000000000261e-01
-6.166669999999999652e-01
-2.307690000000000019e-01
6.930690000000000461e-02
-3.263159999999999950e-01
-4.375000000000000000e-01
1.250000000000000000e-01
3.009709999999999885e-01
9.473679999999999601e-02
-2.187500000000000000e-01
