5.000000000000000000e-01
4.545449999999999768e-01
5.714289999999999647e-01
-9.090910000000000657e-02
5.483869999999999578e-01
3.818179999999999907e-01
2.210529999999999995e-01
-1.250000000000000000e-01
2.500000000000000000e-01
1.650490000000000013e-01
-1.368419999999999914e-01
-4.062500000000000000e-01
2.580649999999999888e-01
1.538460000000000105e-01
-6.521739999999999482e-02
-2.881360000000000032e-01
9.375000000000000000e-02
9.708740000000000425e-03
-2.048190000000000011e-01
-4.634150000000000214e-01
1.076919999999999961e-01
-6.796119999999999939e-02
-4.666669999999999985e-01
-5.360000000000000320e-01
6.250000000000000000e-02
1.538460000000000105e-01
-1.034479999999999983e-01
-3.333329999999999904e-01
7.692309999999999426e-02
2.970300000000000024e-02
-2.842109999999999914e-01
-4.218750000000000000e-01
-6.250000000000000000e-02
9.708740000000000425e-03
-3.684209999999999985e-01
-4.687500000000000000e-01
