-7.812500000000000000e-01
-1.272729999999999972e-01
-2.380950000000000080e-02
-2.231400000000000050e-01
-6.774189999999999934e-01
-2.000000000000000111e-01
-1.789469999999999950e-01
-2.656250000000000000e-01
-6.875000000000000000e-01
-2.233009999999999995e-01
-9.473679999999999601e-02
-2.656250000000000000e-01
-6.774189999999999934e-01
-1.153850000000000015e-01
-1.086960000000000010e-01
-2.711859999999999826e-01
-6.875000000000000000e-01
-1.067960000000000020e-01
-1.807229999999999948e-01
-3.170729999999999937e-01
-6.615379999999999594e-01
-1.067960000000000020e-01
-2.222220000000000098e-02
-2.000000000000000111e-01
-6.875000000000000000e-01
-7.692309999999999426e-02
-1.264369999999999938e-01
-2.666669999999999874e-01
-6.615379999999999594e-01
2.970300000000000024e-02
-3.157890000000000003e-02
-2.343750000000000000e-01
-8.125000000000000000e-01
9.708740000000000425e-03
-3.157890000000000003e-02
-2.343750000000000000e-01
