4.687500000000000000e-01
3.090910000000000046e-01
1.666670000000000096e-01
-1.735540000000000138e-01
5.161289999999999489e-01
3.090910000000000046e-01
2.631580000000000030e-01
-1.093750000000000000e-01
4.687500000000000000e-01
6.504849999999999799e-01
3.473680000000000101e-01
-4.687500000000000000e-02
4.516129999999999867e-01
5.192309999999999981e-01
2.391300000000000092e-01
-8.474579999999999613e-02
5.312500000000000000e-01
4.563110000000000221e-01
1.807229999999999948e-01
-1.382110000000000005e-01
5.384619999999999962e-01
5.339810000000000390e-01
4.222219999999999862e-01
4.000000000000000083e-02
5.000000000000000000e-01
5.192309999999999981e-01
2.183910000000000018e-01
-1.166670000000000068e-01
5.076920000000000321e-01
5.643559999999999688e-01
1.789469999999999950e-01
-9.375000000000000000e-02
5.000000000000000000e-01
6.310679999999999623e-01
2.842109999999999914e-01
1.562500000000000000e-02
