-2.812500000000000000e-01
4.545449999999999768e-01
4.761900000000000022e-01
-2.479340000000000016e-02
-2.580649999999999888e-01
9.090910000000000657e-02
2.421049999999999869e-01
4.687500000000000000e-02
-6.562500000000000000e-01
-6.504849999999999799e-01
3.263159999999999950e-01
5.000000000000000000e-01
-1.612899999999999889e-01
5.769229999999999636e-01
3.913039999999999852e-01
1.355929999999999913e-01
-1.875000000000000000e-01
6.699030000000000262e-01
5.903610000000000246e-01
7.317070000000000518e-02
-3.846149999999999847e-01
9.708740000000000425e-03
4.888890000000000180e-01
2.479999999999999982e-01
-3.125000000000000000e-02
6.346150000000000402e-01
7.701149999999999940e-01
1.166670000000000068e-01
-1.538460000000000001e-02
6.831679999999999975e-01
4.526319999999999788e-01
7.812500000000000000e-02
-1.562500000000000000e-01
5.728159999999999918e-01
3.473680000000000101e-01
7.812500000000000000e-02
