-1.562500000000000000e-01
-5.454549999999999677e-02
-5.000000000000000000e-01
-5.867769999999999930e-01
-1.290320000000000078e-01
-1.272729999999999972e-01
-4.315789999999999904e-01
-5.468750000000000000e-01
-1.562500000000000000e-01
-1.262139999999999929e-01
-4.315789999999999904e-01
-5.468750000000000000e-01
-1.612899999999999889e-01
0.000000000000000000e+00
-4.130429999999999935e-01
-4.915249999999999897e-01
-6.250000000000000000e-02
9.708740000000000425e-03
-4.216869999999999785e-01
-5.284550000000000081e-01
-1.692309999999999925e-01
-6.796119999999999939e-02
-3.333329999999999904e-01
-4.560000000000000164e-01
-3.125000000000000000e-02
3.846150000000000263e-02
-1.494250000000000023e-01
-4.333330000000000237e-01
1.076919999999999961e-01
2.079209999999999947e-01
-9.473679999999999601e-02
-3.906250000000000000e-01
9.375000000000000000e-02
4.854370000000000213e-02
-2.421049999999999869e-01
-4.531250000000000000e-01
