2.500000000000000000e-01
2.909089999999999732e-01
9.523810000000000608e-02
-2.396689999999999932e-01
4.193549999999999778e-01
3.636360000000000148e-01
9.473679999999999601e-02
-9.375000000000000000e-02
5.000000000000000000e-01
5.339810000000000390e-01
2.842109999999999914e-01
-9.375000000000000000e-02
0.000000000000000000e+00
7.692309999999999426e-02
2.173910000000000078e-02
-2.372879999999999989e-01
3.750000000000000000e-01
3.980580000000000229e-01
1.566269999999999885e-01
-1.707319999999999949e-01
3.846149999999999847e-01
4.757279999999999842e-01
4.000000000000000222e-01
-5.600000000000000117e-02
-2.812500000000000000e-01
-4.038459999999999828e-01
2.873560000000000003e-01
3.333330000000000320e-02
2.307690000000000019e-01
3.465349999999999819e-01
5.263160000000000061e-02
-2.187500000000000000e-01
5.000000000000000000e-01
5.533979999999999455e-01
2.421049999999999869e-01
-9.375000000000000000e-02
