-5.000000000000000000e-01
-4.545449999999999768e-01
-2.619049999999999989e-01
-2.561979999999999813e-01
-3.548390000000000155e-01
-4.545449999999999768e-01
-2.210529999999999995e-01
-2.343750000000000000e-01
-5.000000000000000000e-01
-4.174760000000000137e-01
-3.052630000000000066e-01
-3.593750000000000000e-01
-3.870970000000000244e-01
-4.038459999999999828e-01
-5.434780000000000166e-01
-5.084750000000000103e-01
-4.062500000000000000e-01
-3.980580000000000229e-01
-3.975899999999999990e-01
-3.983740000000000059e-01
-5.076920000000000321e-01
-4.757279999999999842e-01
-2.222220000000000029e-01
-3.280000000000000138e-01
-5.000000000000000000e-01
-3.653850000000000153e-01
-5.402299999999999880e-01
-5.833329999999999904e-01
-3.846149999999999847e-01
-3.465349999999999819e-01
-4.526319999999999788e-01
-4.218750000000000000e-01
-4.062500000000000000e-01
-3.592230000000000145e-01
-3.684209999999999985e-01
-3.593750000000000000e-01
