6.250000000000000000e-01
4.727270000000000083e-01
2.857140000000000235e-01
8.264459999999999515e-03
6.774189999999999934e-01
4.727270000000000083e-01
2.631580000000000030e-01
-4.687500000000000000e-02
3.437500000000000000e-01
5.728159999999999918e-01
3.473680000000000101e-01
-1.093750000000000000e-01
7.096770000000000023e-01
7.884619999999999962e-01
4.347829999999999750e-01
8.474579999999999613e-02
5.312500000000000000e-01
7.087379999999999791e-01
3.975899999999999990e-01
-1.382110000000000005e-01
4.153850000000000042e-01
6.310679999999999623e-01
4.222219999999999862e-01
-7.199999999999999456e-02
6.250000000000000000e-01
7.884619999999999962e-01
5.402299999999999880e-01
6.666669999999999541e-02
5.076920000000000321e-01
8.415839999999999987e-01
4.736839999999999939e-01
-3.125000000000000000e-02
3.750000000000000000e-01
6.310679999999999623e-01
2.842109999999999914e-01
-3.125000000000000000e-02
