1.250000000000000000e-01
3.636360000000000148e-01
1.904760000000000064e-01
-1.074380000000000057e-01
2.903229999999999977e-01
2.909089999999999732e-01
1.789469999999999950e-01
-2.187500000000000000e-01
1.250000000000000000e-01
3.009709999999999885e-01
9.473679999999999601e-02
-2.656250000000000000e-01
2.903229999999999977e-01
6.346150000000000402e-01
4.130429999999999935e-01
-6.779659999999999853e-02
2.500000000000000000e-01
5.533979999999999455e-01
3.734939999999999927e-01
-1.707319999999999949e-01
2.615379999999999927e-01
3.203880000000000061e-01
1.111110000000000014e-01
-2.159999999999999976e-01
2.187500000000000000e-01
4.615380000000000038e-01
1.724140000000000117e-01
-1.833329999999999960e-01
2.307690000000000019e-01
5.049500000000000099e-01
1.368419999999999914e-01
-2.187500000000000000e-01
2.187500000000000000e-01
3.203880000000000061e-01
5.263160000000000061e-02
-2.187500000000000000e-01
