-9.062500000000000000e-01
-9.272730000000000139e-01
7.142859999999999765e-01
6.859499999999999487e-01
-9.032259999999999733e-01
-9.636360000000000481e-01
6.421050000000000368e-01
6.093750000000000000e-01
-8.125000000000000000e-01
-9.223299999999999832e-01
4.315789999999999904e-01
5.000000000000000000e-01
-8.709679999999999644e-01
-8.653849999999999598e-01
5.217389999999999528e-01
6.271189999999999820e-01
-8.750000000000000000e-01
-9.029129999999999656e-01
4.939760000000000262e-01
4.796750000000000180e-01
-8.461539999999999617e-01
-8.640780000000000127e-01
5.111109999999999820e-01
4.719999999999999751e-01
-8.125000000000000000e-01
-8.653849999999999598e-01
3.563220000000000276e-01
4.666669999999999985e-01
-6.923080000000000345e-01
-8.613859999999999850e-01
5.157890000000000530e-01
5.000000000000000000e-01
-7.187500000000000000e-01
-8.640780000000000127e-01
4.105260000000000020e-01
5.000000000000000000e-01
