-2.812500000000000000e-01
-3.454550000000000121e-01
-7.619050000000000544e-01
-6.363640000000000407e-01
-2.580649999999999888e-01
-2.727269999999999972e-01
-5.999999999999999778e-01
-5.937500000000000000e-01
-1.875000000000000000e-01
-1.456310000000000104e-01
-5.157890000000000530e-01
-5.937500000000000000e-01
-2.580649999999999888e-01
-2.500000000000000000e-01
-6.739129999999999843e-01
-5.932199999999999696e-01
-2.812500000000000000e-01
-2.427179999999999893e-01
-7.108430000000000026e-01
-6.260160000000000169e-01
-3.846149999999999847e-01
-1.650490000000000013e-01
-4.444440000000000057e-01
-5.520000000000000462e-01
-1.562500000000000000e-01
-1.538460000000000105e-01
-5.172409999999999508e-01
-4.833330000000000126e-01
-2.615379999999999927e-01
-2.079209999999999947e-01
-5.789469999999999894e-01
-5.468750000000000000e-01
-2.812500000000000000e-01
-1.456310000000000104e-01
-4.947369999999999823e-01
-5.468750000000000000e-01
