1.250000000000000000e-01
9.090910000000000657e-02
-4.761900000000000160e-02
-3.884299999999999975e-01
0.000000000000000000e+00
-5.454549999999999677e-02
-3.052630000000000066e-01
-5.312500000000000000e-01
-1.250000000000000000e-01
9.708740000000000425e-03
-3.894739999999999869e-01
-4.687500000000000000e-01
1.290320000000000078e-01
7.692309999999999426e-02
-2.173910000000000009e-01
-3.559320000000000261e-01
-3.125000000000000000e-02
8.737860000000000071e-02
-3.012050000000000005e-01
-4.634150000000000214e-01
-1.384620000000000017e-01
-6.796119999999999939e-02
-2.222220000000000029e-01
-4.719999999999999751e-01
6.250000000000000000e-02
1.538460000000000105e-01
-1.954019999999999924e-01
-4.000000000000000222e-01
2.000000000000000111e-01
2.673269999999999813e-01
-1.157890000000000030e-01
-2.968750000000000000e-01
6.250000000000000000e-02
8.737860000000000071e-02
-1.157890000000000030e-01
-3.593750000000000000e-01
