-2.500000000000000000e-01
4.363639999999999741e-01
5.238099999999999978e-01
8.264459999999999515e-03
-2.258060000000000067e-01
5.272729999999999917e-01
5.789469999999999894e-01
1.406250000000000000e-01
-1.250000000000000000e-01
6.310679999999999623e-01
5.789469999999999894e-01
1.406250000000000000e-01
-2.258060000000000067e-01
5.384619999999999962e-01
4.130429999999999935e-01
6.779659999999999853e-02
-1.250000000000000000e-01
6.504849999999999799e-01
5.903610000000000246e-01
8.130079999999999599e-03
-1.076919999999999961e-01
6.504849999999999799e-01
5.999999999999999778e-01
1.199999999999999956e-01
-1.562500000000000000e-01
5.384619999999999962e-01
4.942529999999999979e-01
3.333330000000000320e-02
-2.615379999999999927e-01
5.841579999999999551e-01
5.368420000000000414e-01
1.093750000000000000e-01
-2.812500000000000000e-01
5.533979999999999455e-01
4.315789999999999904e-01
1.093750000000000000e-01
