-3.750000000000000000e-01
-1.636360000000000037e-01
-1.904760000000000064e-01
-1.735540000000000138e-01
-5.806449999999999667e-01
-3.636360000000000148e-01
-2.421049999999999869e-01
-1.562500000000000000e-01
-6.875000000000000000e-01
-5.145629999999999926e-01
-3.263159999999999950e-01
-1.562500000000000000e-01
-2.258060000000000067e-01
0.000000000000000000e+00
2.173910000000000078e-02
-1.186439999999999995e-01
-5.000000000000000000e-01
-1.456310000000000104e-01
-3.614459999999999895e-02
-1.707319999999999949e-01
-4.769229999999999858e-01
-2.038830000000000087e-01
-8.888890000000000680e-02
-1.680000000000000104e-01
-2.812500000000000000e-01
0.000000000000000000e+00
8.045979999999999799e-02
-1.166670000000000068e-01
-3.846149999999999847e-01
-4.950500000000000039e-02
-3.157890000000000003e-02
-9.375000000000000000e-02
-4.062500000000000000e-01
-1.262139999999999929e-01
-3.157890000000000003e-02
-1.562500000000000000e-01
