4.375000000000000000e-01
4.000000000000000222e-01
2.380950000000000011e-01
-2.479340000000000016e-02
3.548390000000000155e-01
3.272729999999999806e-01
2.210529999999999995e-01
-6.250000000000000000e-02
6.250000000000000000e-02
3.398059999999999969e-01
1.368419999999999914e-01
-6.250000000000000000e-02
3.870970000000000244e-01
3.076920000000000210e-01
1.304349999999999954e-01
-3.389829999999999927e-02
2.187500000000000000e-01
3.980580000000000229e-01
3.012050000000000005e-01
-8.943089999999999373e-02
-1.538460000000000001e-02
4.757279999999999842e-01
5.333329999999999460e-01
4.000000000000000083e-02
1.875000000000000000e-01
2.500000000000000000e-01
3.103449999999999820e-01
-1.166670000000000068e-01
-4.615380000000000177e-02
2.079209999999999947e-01
1.578950000000000076e-01
-4.687500000000000000e-02
-3.750000000000000000e-01
2.621359999999999801e-01
1.578950000000000076e-01
-9.375000000000000000e-02
