5.312500000000000000e-01
4.363639999999999741e-01
2.857140000000000235e-01
-1.735540000000000138e-01
4.516129999999999867e-01
2.727269999999999972e-01
7.368420000000000525e-02
-2.031250000000000000e-01
4.062500000000000000e-01
3.592230000000000145e-01
7.368420000000000525e-02
-2.031250000000000000e-01
8.387099999999999556e-01
6.153849999999999598e-01
2.608699999999999908e-01
-1.694920000000000107e-02
5.000000000000000000e-01
4.563110000000000221e-01
2.048190000000000011e-01
-2.032519999999999882e-01
5.076920000000000321e-01
3.786410000000000053e-01
1.555559999999999998e-01
-1.360000000000000098e-01
7.812500000000000000e-01
7.115380000000000038e-01
5.862070000000000336e-01
3.333330000000000320e-02
7.846149999999999514e-01
6.831679999999999975e-01
4.315789999999999904e-01
-1.562500000000000000e-02
6.250000000000000000e-01
5.533979999999999455e-01
3.263159999999999950e-01
-7.812500000000000000e-02
