2.500000000000000000e-01
1.636360000000000037e-01
-4.761900000000000160e-02
-3.223139999999999894e-01
2.903229999999999977e-01
2.363639999999999908e-01
5.263160000000000061e-02
-1.875000000000000000e-01
3.750000000000000000e-01
4.757279999999999842e-01
2.210529999999999995e-01
-7.812500000000000000e-02
2.580649999999999888e-01
2.307690000000000019e-01
-6.521739999999999482e-02
-2.203390000000000071e-01
3.750000000000000000e-01
3.203880000000000061e-01
6.024100000000000288e-02
-2.682930000000000037e-01
3.846149999999999847e-01
3.980580000000000229e-01
2.000000000000000111e-01
-1.360000000000000098e-01
3.125000000000000000e-01
3.269230000000000191e-01
8.045979999999999799e-02
-2.666669999999999874e-01
3.230770000000000031e-01
3.663370000000000237e-01
5.263160000000000061e-02
-1.875000000000000000e-01
3.125000000000000000e-01
2.427179999999999893e-01
1.368419999999999914e-01
-2.343750000000000000e-01
