-1.562500000000000000e-01
-5.454549999999999677e-02
-4.047620000000000107e-01
-5.206610000000000404e-01
0.000000000000000000e+00
-1.272729999999999972e-01
-2.631580000000000030e-01
-4.843750000000000000e-01
-3.125000000000000000e-02
8.737860000000000071e-02
-2.631580000000000030e-01
-4.843750000000000000e-01
-1.612899999999999889e-01
0.000000000000000000e+00
-3.260870000000000157e-01
-4.915249999999999897e-01
-1.875000000000000000e-01
8.737860000000000071e-02
-4.216869999999999785e-01
-5.284550000000000081e-01
-4.615380000000000177e-02
9.708740000000000425e-03
-3.333329999999999904e-01
-4.560000000000000164e-01
-1.562500000000000000e-01
-1.153850000000000015e-01
-2.413790000000000102e-01
-5.000000000000000000e-01
-1.538460000000000001e-02
-9.900990000000000138e-03
-1.578950000000000076e-01
-4.531250000000000000e-01
-3.125000000000000000e-02
4.854370000000000213e-02
-3.263159999999999950e-01
-4.531250000000000000e-01
