5.000000000000000000e-01
4.545449999999999768e-01
2.619049999999999989e-01
-1.074380000000000057e-01
7.096770000000000023e-01
5.272729999999999917e-01
3.263159999999999950e-01
-9.375000000000000000e-02
5.000000000000000000e-01
4.757279999999999842e-01
3.263159999999999950e-01
-1.562500000000000000e-01
6.129029999999999756e-01
6.538460000000000383e-01
2.826089999999999991e-01
-5.084749999999999687e-02
4.375000000000000000e-01
4.951459999999999750e-01
1.566269999999999885e-01
-1.707319999999999949e-01
2.000000000000000111e-01
3.398059999999999969e-01
-6.666669999999999541e-02
-1.680000000000000104e-01
2.187500000000000000e-01
3.076920000000000210e-01
1.034479999999999983e-01
-3.166669999999999763e-01
2.307690000000000019e-01
1.287129999999999941e-01
-2.421049999999999869e-01
-3.906250000000000000e-01
-3.125000000000000000e-02
-1.067960000000000020e-01
-3.894739999999999869e-01
-4.531250000000000000e-01
