5.625000000000000000e-01
6.545450000000000434e-01
5.714289999999999647e-01
4.132229999999999931e-02
6.129029999999999756e-01
4.909089999999999843e-01
4.105260000000000020e-01
-6.250000000000000000e-02
4.375000000000000000e-01
5.922330000000000094e-01
3.052630000000000066e-01
-1.562500000000000000e-02
8.064519999999999467e-01
7.307690000000000019e-01
4.347829999999999750e-01
3.389829999999999927e-02
6.250000000000000000e-01
6.504849999999999799e-01
5.180719999999999770e-01
-8.943089999999999373e-02
6.307690000000000241e-01
6.504849999999999799e-01
4.222219999999999862e-01
4.000000000000000083e-02
6.562500000000000000e-01
7.884619999999999962e-01
6.321839999999999682e-01
0.000000000000000000e+00
6.615379999999999594e-01
7.425739999999999563e-01
4.526319999999999788e-01
1.562500000000000000e-02
5.312500000000000000e-01
7.087379999999999791e-01
4.526319999999999788e-01
-4.687500000000000000e-02
