2.187500000000000000e-01
1.636360000000000037e-01
7.142859999999999487e-02
-3.057849999999999735e-01
2.580649999999999888e-01
2.363639999999999908e-01
1.578950000000000076e-01
-2.187500000000000000e-01
3.437500000000000000e-01
3.203880000000000061e-01
-1.052630000000000059e-02
-2.812500000000000000e-01
3.548390000000000155e-01
2.500000000000000000e-01
-4.347829999999999750e-02
-2.033899999999999875e-01
3.125000000000000000e-01
2.621359999999999801e-01
8.433730000000000393e-02
-2.032519999999999882e-01
4.153850000000000042e-01
3.592230000000000145e-01
1.333330000000000071e-01
-1.839999999999999969e-01
3.750000000000000000e-01
3.653850000000000153e-01
2.183910000000000018e-01
-1.833329999999999960e-01
5.076920000000000321e-01
4.059409999999999963e-01
1.789469999999999950e-01
-9.375000000000000000e-02
5.000000000000000000e-01
5.339810000000000390e-01
1.789469999999999950e-01
-9.375000000000000000e-02
