-3.125000000000000000e-02
4.545449999999999768e-01
5.952380000000000448e-01
4.132229999999999931e-02
0.000000000000000000e+00
3.818179999999999907e-01
4.315789999999999904e-01
4.687500000000000000e-02
-1.562500000000000000e-01
4.757279999999999842e-01
4.315789999999999904e-01
-1.562500000000000000e-02
-3.225809999999999789e-02
6.538460000000000383e-01
5.000000000000000000e-01
6.779659999999999853e-02
-6.250000000000000000e-02
5.922330000000000094e-01
5.903610000000000246e-01
7.317070000000000518e-02
-1.692309999999999925e-01
6.699030000000000262e-01
4.888890000000000180e-01
1.360000000000000098e-01
9.375000000000000000e-02
6.346150000000000402e-01
6.321839999999999682e-01
1.166670000000000068e-01
-1.538460000000000001e-02
6.831679999999999975e-01
5.578950000000000298e-01
1.250000000000000000e-01
-3.125000000000000000e-02
6.504849999999999799e-01
6.842110000000000136e-01
1.250000000000000000e-01
