-2.812500000000000000e-01
-2.727269999999999972e-01
-6.666670000000000096e-01
-6.363640000000000407e-01
-2.580649999999999888e-01
-2.000000000000000111e-01
-4.947369999999999823e-01
-5.937500000000000000e-01
-2.812500000000000000e-01
-2.233009999999999995e-01
-4.947369999999999823e-01
-5.937500000000000000e-01
-9.677420000000000466e-02
-1.923080000000000067e-01
-4.565219999999999834e-01
-6.440679999999999739e-01
-1.250000000000000000e-01
-1.844659999999999911e-01
-6.385539999999999550e-01
-6.260160000000000169e-01
-1.076919999999999961e-01
-1.067960000000000020e-01
-5.333329999999999460e-01
-5.520000000000000462e-01
-1.250000000000000000e-01
-1.538460000000000105e-01
-4.942529999999999979e-01
-5.833329999999999904e-01
-2.307690000000000019e-01
-4.950500000000000039e-02
-4.736839999999999939e-01
-5.781250000000000000e-01
-1.250000000000000000e-01
-1.456310000000000104e-01
-5.578950000000000298e-01
-5.781250000000000000e-01
