-8.125000000000000000e-01
-9.272730000000000139e-01
5.714289999999999647e-01
6.363640000000000407e-01
-8.064519999999999467e-01
-8.727270000000000305e-01
5.157890000000000530e-01
5.468750000000000000e-01
-8.125000000000000000e-01
-8.640780000000000127e-01
5.157890000000000530e-01
5.000000000000000000e-01
-8.709679999999999644e-01
-8.653849999999999598e-01
6.304349999999999676e-01
6.271189999999999820e-01
-8.750000000000000000e-01
-9.029129999999999656e-01
7.349400000000000377e-01
4.796750000000000180e-01
-7.230769999999999698e-01
-9.611650000000000471e-01
6.222220000000000528e-01
5.360000000000000320e-01
-8.125000000000000000e-01
-9.615380000000000038e-01
7.011490000000000222e-01
6.500000000000000222e-01
-7.846149999999999514e-01
-9.603960000000000274e-01
5.157890000000000530e-01
5.000000000000000000e-01
-8.125000000000000000e-01
-9.029129999999999656e-01
3.052630000000000066e-01
3.906250000000000000e-01
