3.750000000000000000e-01
3.090910000000000046e-01
2.619049999999999989e-01
-1.735540000000000138e-01
2.580649999999999888e-01
1.636360000000000037e-01
1.368419999999999914e-01
-2.812500000000000000e-01
9.375000000000000000e-02
1.650490000000000013e-01
-1.789469999999999950e-01
-2.812500000000000000e-01
2.258060000000000067e-01
7.692309999999999426e-02
2.173910000000000078e-02
-2.372879999999999989e-01
3.125000000000000000e-01
3.398059999999999969e-01
1.566269999999999885e-01
-1.707319999999999949e-01
3.230770000000000031e-01
2.427179999999999893e-01
2.222220000000000098e-02
-2.159999999999999976e-01
2.187500000000000000e-01
2.307690000000000019e-01
1.034479999999999983e-01
-1.833329999999999960e-01
3.538459999999999939e-01
2.673269999999999813e-01
7.368420000000000525e-02
-1.562500000000000000e-01
4.687500000000000000e-01
3.203880000000000061e-01
-1.052630000000000059e-02
-2.187500000000000000e-01
