5.312500000000000000e-01
4.363639999999999741e-01
2.857140000000000235e-01
-5.785119999999999846e-02
7.096770000000000023e-01
5.272729999999999917e-01
3.473680000000000101e-01
-4.687500000000000000e-02
6.562500000000000000e-01
7.087379999999999791e-01
2.631580000000000030e-01
-4.687500000000000000e-02
6.774189999999999934e-01
6.153849999999999598e-01
3.478260000000000240e-01
-1.694920000000000107e-02
7.812500000000000000e-01
7.087379999999999791e-01
4.216869999999999785e-01
-7.317070000000000518e-02
9.076920000000000543e-01
7.087379999999999791e-01
5.555560000000000498e-01
4.000000000000000083e-02
6.250000000000000000e-01
5.384619999999999962e-01
3.793099999999999805e-01
-1.000000000000000056e-01
6.307690000000000241e-01
5.841579999999999551e-01
4.315789999999999904e-01
-1.562500000000000000e-02
7.812500000000000000e-01
6.504849999999999799e-01
5.157890000000000530e-01
-7.812500000000000000e-02
