2.187500000000000000e-01
1.636360000000000037e-01
-1.190480000000000010e-01
-3.553720000000000212e-01
1.290320000000000078e-01
1.636360000000000037e-01
-9.473679999999999601e-02
-3.906250000000000000e-01
2.187500000000000000e-01
1.844659999999999911e-01
-9.473679999999999601e-02
-3.906250000000000000e-01
2.258060000000000067e-01
2.500000000000000000e-01
-4.347829999999999750e-02
-3.220339999999999869e-01
1.875000000000000000e-01
1.844659999999999911e-01
-1.084340000000000026e-01
-3.658540000000000125e-01
3.230770000000000031e-01
2.621359999999999801e-01
-4.444440000000000196e-02
-2.959999999999999853e-01
2.500000000000000000e-01
1.923080000000000067e-01
-1.494250000000000023e-01
-4.333330000000000237e-01
2.615379999999999927e-01
2.277230000000000087e-01
-1.578950000000000076e-01
-3.281250000000000000e-01
2.500000000000000000e-01
1.262139999999999929e-01
-1.578950000000000076e-01
-3.906250000000000000e-01
