-8.125000000000000000e-01
-6.545450000000000434e-01
3.333329999999999904e-01
3.388430000000000053e-01
-4.838709999999999956e-01
-2.000000000000000111e-01
1.368419999999999914e-01
-6.250000000000000000e-02
-4.062500000000000000e-01
1.650490000000000013e-01
5.263160000000000061e-02
-1.875000000000000000e-01
-9.354839999999999822e-01
-9.423080000000000345e-01
3.260870000000000157e-01
7.288139999999999619e-01
-8.125000000000000000e-01
-8.640780000000000127e-01
3.012050000000000005e-01
4.634150000000000214e-01
-6.923080000000000345e-01
-5.339810000000000390e-01
1.333330000000000071e-01
1.519999999999999962e-01
-8.750000000000000000e-01
-9.230770000000000364e-01
3.103449999999999820e-01
6.500000000000000222e-01
-8.461539999999999617e-01
-9.603960000000000274e-01
3.473680000000000101e-01
6.718750000000000000e-01
-8.750000000000000000e-01
-9.611650000000000471e-01
3.473680000000000101e-01
6.250000000000000000e-01
