2.500000000000000000e-01
3.090910000000000046e-01
1.428570000000000118e-01
-2.561979999999999813e-01
2.903229999999999977e-01
2.363639999999999908e-01
5.263160000000000061e-02
-2.343750000000000000e-01
2.500000000000000000e-01
3.980580000000000229e-01
5.263160000000000061e-02
-2.968750000000000000e-01
2.580649999999999888e-01
3.846149999999999847e-01
1.086960000000000010e-01
-2.203390000000000071e-01
3.750000000000000000e-01
3.203880000000000061e-01
1.566269999999999885e-01
-2.682930000000000037e-01
3.846149999999999847e-01
3.980580000000000229e-01
1.111110000000000014e-01
-2.640000000000000124e-01
3.125000000000000000e-01
4.038459999999999828e-01
1.724140000000000117e-01
-2.166669999999999985e-01
3.230770000000000031e-01
4.455450000000000244e-01
5.263160000000000061e-02
-1.875000000000000000e-01
3.125000000000000000e-01
4.174760000000000137e-01
-3.157890000000000003e-02
-2.343750000000000000e-01
