1.875000000000000000e-01
1.818180000000000074e-01
7.142859999999999487e-02
-2.231400000000000050e-01
2.258060000000000067e-01
1.818180000000000074e-01
-1.052630000000000059e-02
-2.656250000000000000e-01
1.875000000000000000e-01
2.621359999999999801e-01
7.368420000000000525e-02
-2.656250000000000000e-01
2.903229999999999977e-01
3.653850000000000153e-01
-2.173910000000000078e-02
-2.711859999999999826e-01
2.500000000000000000e-01
3.009709999999999885e-01
1.204820000000000023e-02
-3.170729999999999937e-01
2.615379999999999927e-01
3.009709999999999885e-01
1.555559999999999998e-01
-2.000000000000000111e-01
3.750000000000000000e-01
3.846149999999999847e-01
2.643679999999999919e-01
-2.166669999999999985e-01
3.846149999999999847e-01
4.257429999999999826e-01
2.210529999999999995e-01
-1.875000000000000000e-01
2.500000000000000000e-01
3.203880000000000061e-01
5.263160000000000061e-02
-1.875000000000000000e-01
