-4.062500000000000000e-01
-4.363639999999999741e-01
1.428570000000000118e-01
-2.479340000000000016e-02
2.580649999999999888e-01
1.636360000000000037e-01
5.263160000000000061e-02
-2.187500000000000000e-01
5.000000000000000000e-01
5.533979999999999455e-01
2.421049999999999869e-01
-9.375000000000000000e-02
-7.096770000000000023e-01
-8.076919999999999655e-01
3.913039999999999852e-01
5.593219999999999859e-01
-7.187500000000000000e-01
-6.893200000000000438e-01
4.698800000000000199e-01
2.520330000000000070e-01
-1.692309999999999925e-01
-1.456310000000000104e-01
1.111110000000000014e-01
-1.039999999999999952e-01
-8.125000000000000000e-01
-8.076919999999999655e-01
5.172409999999999508e-01
5.500000000000000444e-01
-7.846149999999999514e-01
-8.019800000000000262e-01
4.526319999999999788e-01
4.843750000000000000e-01
-6.250000000000000000e-01
-5.339810000000000390e-01
2.631580000000000030e-01
7.812500000000000000e-02
