-1.562500000000000000e-01
5.272729999999999917e-01
3.809520000000000128e-01
8.264459999999999515e-03
-1.290320000000000078e-01
5.272729999999999917e-01
4.526319999999999788e-01
1.562500000000000000e-02
-2.812500000000000000e-01
6.310679999999999623e-01
5.578950000000000298e-01
1.562500000000000000e-02
-9.677420000000000466e-02
6.153849999999999598e-01
3.478260000000000240e-01
1.016949999999999937e-01
-1.250000000000000000e-01
6.310679999999999623e-01
4.216869999999999785e-01
4.065040000000000320e-02
-2.307690000000000019e-01
6.310679999999999623e-01
6.666670000000000096e-01
1.680000000000000104e-01
-3.125000000000000000e-02
5.384619999999999962e-01
4.942529999999999979e-01
3.333330000000000320e-02
-1.538460000000000001e-02
6.831679999999999975e-01
5.157890000000000530e-01
4.687500000000000000e-02
-1.250000000000000000e-01
6.504849999999999799e-01
5.157890000000000530e-01
9.375000000000000000e-02
