-1.562500000000000000e-01
-1.636360000000000037e-01
-2.857140000000000235e-01
-3.553720000000000212e-01
0.000000000000000000e+00
-9.090910000000000657e-02
-1.578950000000000076e-01
-3.281250000000000000e-01
-3.125000000000000000e-02
4.854370000000000213e-02
-1.578950000000000076e-01
-2.812500000000000000e-01
-3.225809999999999789e-02
0.000000000000000000e+00
-3.043480000000000074e-01
-3.220339999999999869e-01
6.250000000000000000e-02
1.067960000000000020e-01
-2.048190000000000011e-01
-3.170729999999999937e-01
7.692309999999999426e-02
1.067960000000000020e-01
4.444440000000000196e-02
-2.479999999999999982e-01
1.250000000000000000e-01
1.923080000000000067e-01
3.448280000000000095e-02
-1.833329999999999960e-01
1.538460000000000001e-02
1.485150000000000081e-01
-7.368420000000000525e-02
-2.187500000000000000e-01
0.000000000000000000e+00
1.262139999999999929e-01
1.052630000000000059e-02
-2.187500000000000000e-01
