-4.687500000000000000e-01
-4.727270000000000083e-01
-2.380950000000000080e-02
8.264459999999999515e-03
-5.806449999999999667e-01
-4.727270000000000083e-01
-1.052630000000000059e-02
-4.687500000000000000e-02
-3.750000000000000000e-01
-4.368929999999999758e-01
-9.473679999999999601e-02
-9.375000000000000000e-02
-4.516129999999999867e-01
-4.615380000000000038e-01
-1.956519999999999926e-01
-1.525420000000000109e-01
-4.687500000000000000e-01
-4.563110000000000221e-01
-2.771080000000000210e-01
-2.682930000000000037e-01
-4.461539999999999950e-01
-4.563110000000000221e-01
-2.000000000000000111e-01
-2.479999999999999982e-01
-3.750000000000000000e-01
-4.230769999999999809e-01
-2.183910000000000018e-01
-2.666669999999999874e-01
-4.769229999999999858e-01
-4.059409999999999963e-01
-3.052630000000000066e-01
-3.593750000000000000e-01
-5.000000000000000000e-01
-4.757279999999999842e-01
-2.210529999999999995e-01
-2.343750000000000000e-01
