-3.125000000000000000e-02
-5.454549999999999677e-02
-2.619049999999999989e-01
-5.041320000000000245e-01
0.000000000000000000e+00
1.818180000000000143e-02
-3.052630000000000066e-01
-4.687500000000000000e-01
1.250000000000000000e-01
9.708740000000000425e-03
-3.894739999999999869e-01
-4.062500000000000000e-01
0.000000000000000000e+00
0.000000000000000000e+00
-3.043480000000000074e-01
-5.084750000000000103e-01
-3.125000000000000000e-02
9.708740000000000425e-03
-3.012050000000000005e-01
-5.447149999999999492e-01
-1.538460000000000001e-02
9.708740000000000425e-03
-2.222220000000000029e-01
-4.719999999999999751e-01
-1.875000000000000000e-01
0.000000000000000000e+00
-3.793099999999999805e-01
-5.166669999999999874e-01
-1.692309999999999925e-01
2.970300000000000024e-02
-4.526319999999999788e-01
-4.687500000000000000e-01
-6.250000000000000000e-02
9.708740000000000425e-03
-3.684209999999999985e-01
-4.687500000000000000e-01
