2.500000000000000000e-01
3.090910000000000046e-01
1.428570000000000118e-01
-2.066119999999999901e-01
2.903229999999999977e-01
3.090910000000000046e-01
1.368419999999999914e-01
-1.875000000000000000e-01
2.500000000000000000e-01
3.980580000000000229e-01
1.368419999999999914e-01
-2.343750000000000000e-01
2.580649999999999888e-01
3.076920000000000210e-01
1.086960000000000010e-01
-2.203390000000000071e-01
9.375000000000000000e-02
3.980580000000000229e-01
6.024100000000000288e-02
-2.682930000000000037e-01
2.307690000000000019e-01
3.980580000000000229e-01
2.000000000000000111e-01
-1.360000000000000098e-01
6.250000000000000000e-02
2.307690000000000019e-01
8.045979999999999799e-02
-2.666669999999999874e-01
2.000000000000000111e-01
3.663370000000000237e-01
1.368419999999999914e-01
-1.875000000000000000e-01
3.125000000000000000e-01
4.174760000000000137e-01
1.368419999999999914e-01
-1.875000000000000000e-01
