-8.125000000000000000e-01
-8.181819999999999649e-01
5.000000000000000000e-01
5.041320000000000245e-01
-6.129029999999999756e-01
-5.636360000000000259e-01
2.631580000000000030e-01
7.812500000000000000e-02
9.375000000000000000e-02
1.067960000000000020e-01
7.368420000000000525e-02
-2.187500000000000000e-01
-7.741940000000000488e-01
-8.076919999999999655e-01
3.260870000000000157e-01
5.762709999999999777e-01
-7.812500000000000000e-01
-7.475730000000000430e-01
3.975899999999999990e-01
3.170729999999999937e-01
-4.461539999999999950e-01
-3.592230000000000145e-01
2.222220000000000029e-01
4.000000000000000083e-02
-8.750000000000000000e-01
-8.076919999999999655e-01
5.402299999999999880e-01
5.000000000000000000e-01
-8.461539999999999617e-01
-8.019800000000000262e-01
3.684209999999999985e-01
4.218750000000000000e-01
-6.875000000000000000e-01
-7.475730000000000430e-01
2.842109999999999914e-01
2.500000000000000000e-01
