-8.125000000000000000e-01
-9.272730000000000139e-01
8.333329999999999904e-01
7.520660000000000123e-01
-9.032259999999999733e-01
-9.272730000000000139e-01
6.421050000000000368e-01
6.562500000000000000e-01
-9.062500000000000000e-01
-9.611650000000000471e-01
6.421050000000000368e-01
6.093750000000000000e-01
-7.419350000000000112e-01
-9.038460000000000383e-01
5.217389999999999528e-01
6.271189999999999820e-01
-8.750000000000000000e-01
-8.640780000000000127e-01
6.144579999999999487e-01
5.447149999999999492e-01
-8.461539999999999617e-01
-9.029129999999999656e-01
5.111109999999999820e-01
5.360000000000000320e-01
-8.125000000000000000e-01
-9.038460000000000383e-01
4.712640000000000162e-01
5.166669999999999874e-01
-7.846149999999999514e-01
-8.613859999999999850e-01
3.052630000000000066e-01
4.531250000000000000e-01
-7.187500000000000000e-01
-8.640780000000000127e-01
5.157890000000000530e-01
5.000000000000000000e-01
