-2.812500000000000000e-01
3.272729999999999806e-01
4.523809999999999776e-01
4.132229999999999931e-02
-1.612899999999999889e-01
4.000000000000000222e-01
4.105260000000000020e-01
4.687500000000000000e-02
-1.875000000000000000e-01
4.951459999999999750e-01
3.052630000000000066e-01
-1.562500000000000000e-02
-3.870970000000000244e-01
3.076920000000000210e-01
4.347829999999999750e-01
-3.389829999999999927e-02
-4.062500000000000000e-01
4.757279999999999842e-01
5.180719999999999770e-01
-2.439020000000000077e-02
-2.615379999999999927e-01
4.757279999999999842e-01
4.222219999999999862e-01
4.000000000000000083e-02
-4.687500000000000000e-01
3.461540000000000172e-01
3.103449999999999820e-01
-1.166670000000000068e-01
-2.615379999999999927e-01
3.861390000000000100e-01
2.631580000000000030e-01
-9.375000000000000000e-02
-3.750000000000000000e-01
3.592230000000000145e-01
3.473680000000000101e-01
-9.375000000000000000e-02
