-7.812500000000000000e-01
-8.727270000000000305e-01
9.523810000000000608e-02
3.223139999999999894e-01
-6.774189999999999934e-01
-8.727270000000000305e-01
1.789469999999999950e-01
3.125000000000000000e-01
-7.812500000000000000e-01
-8.058250000000000135e-01
1.789469999999999950e-01
3.593750000000000000e-01
-9.032259999999999733e-01
-9.230770000000000364e-01
1.956519999999999926e-01
4.915249999999999897e-01
-6.875000000000000000e-01
-6.504849999999999799e-01
6.024100000000000288e-02
5.691059999999999869e-02
-2.307690000000000019e-01
-2.038830000000000087e-01
-8.888890000000000680e-02
-2.159999999999999976e-01
-8.750000000000000000e-01
-9.615380000000000038e-01
3.793099999999999805e-01
5.833329999999999904e-01
-7.230769999999999698e-01
-8.019800000000000262e-01
2.421049999999999869e-01
2.968750000000000000e-01
-2.812500000000000000e-01
-2.815529999999999977e-01
-9.473679999999999601e-02
-2.812500000000000000e-01
