-3.125000000000000000e-02
-1.636360000000000037e-01
-2.857140000000000235e-01
-4.214879999999999738e-01
0.000000000000000000e+00
-9.090910000000000657e-02
-1.578950000000000076e-01
-3.281250000000000000e-01
9.375000000000000000e-02
2.427179999999999893e-01
7.368420000000000525e-02
-1.562500000000000000e-01
-3.225809999999999789e-02
-7.692309999999999426e-02
-2.173910000000000009e-01
-3.220339999999999869e-01
-1.562500000000000000e-01
-1.456310000000000104e-01
-2.048190000000000011e-01
-3.658540000000000125e-01
2.000000000000000111e-01
1.844659999999999911e-01
4.444440000000000196e-02
-1.360000000000000098e-01
-2.500000000000000000e-01
-2.500000000000000000e-01
-3.333329999999999904e-01
-4.833330000000000126e-01
-2.307690000000000019e-01
-3.069310000000000094e-01
-3.263159999999999950e-01
-4.375000000000000000e-01
1.250000000000000000e-01
2.038830000000000087e-01
9.473679999999999601e-02
-9.375000000000000000e-02
