-6.250000000000000000e-01
-2.000000000000000111e-01
-4.285709999999999797e-01
-3.884299999999999975e-01
-6.129029999999999756e-01
-2.000000000000000111e-01
-2.842109999999999914e-01
-3.593750000000000000e-01
-5.000000000000000000e-01
-6.796119999999999939e-02
-1.157890000000000030e-01
-2.968750000000000000e-01
-6.129029999999999756e-01
-1.730770000000000086e-01
-2.826089999999999991e-01
-3.389829999999999788e-01
-5.000000000000000000e-01
-1.067960000000000020e-01
-2.771080000000000210e-01
-3.333329999999999904e-01
-3.846149999999999847e-01
-2.912620000000000139e-02
-1.111110000000000014e-01
-2.000000000000000111e-01
-5.937500000000000000e-01
-7.692309999999999426e-02
-8.045979999999999799e-02
-3.499999999999999778e-01
-5.692310000000000425e-01
-1.287129999999999941e-01
-2.631580000000000030e-01
-3.750000000000000000e-01
-5.937500000000000000e-01
-6.796119999999999939e-02
-9.473679999999999601e-02
-2.656250000000000000e-01
