5.312500000000000000e-01
5.272729999999999917e-01
2.857140000000000235e-01
-1.074380000000000057e-01
7.096770000000000023e-01
4.363639999999999741e-01
3.473680000000000101e-01
-9.375000000000000000e-02
6.562500000000000000e-01
5.339810000000000390e-01
3.473680000000000101e-01
-4.687500000000000000e-02
5.483869999999999578e-01
4.423079999999999790e-01
1.521740000000000037e-01
-8.474579999999999613e-02
5.000000000000000000e-01
4.563110000000000221e-01
3.253010000000000068e-01
-2.032519999999999882e-01
5.076920000000000321e-01
6.310679999999999623e-01
3.555559999999999832e-01
-8.000000000000000167e-03
5.000000000000000000e-01
5.384619999999999962e-01
2.643679999999999919e-01
-1.000000000000000056e-01
5.076920000000000321e-01
5.049500000000000099e-01
1.368419999999999914e-01
-1.250000000000000000e-01
5.000000000000000000e-01
4.757279999999999842e-01
3.263159999999999950e-01
-1.250000000000000000e-01
