0.000000000000000000e+00
5.272729999999999917e-01
5.238099999999999978e-01
1.404960000000000098e-01
2.903229999999999977e-01
5.999999999999999778e-01
5.789469999999999894e-01
1.406250000000000000e-01
-1.250000000000000000e-01
6.310679999999999623e-01
4.736839999999999939e-01
7.812500000000000000e-02
-9.677420000000000466e-02
3.846149999999999847e-01
4.130429999999999935e-01
1.186439999999999995e-01
-3.125000000000000000e-02
5.533979999999999455e-01
5.903610000000000246e-01
1.219510000000000038e-01
-1.538460000000000001e-02
6.504849999999999799e-01
5.999999999999999778e-01
1.199999999999999956e-01
-3.125000000000000000e-02
4.615380000000000038e-01
3.793099999999999805e-01
3.333330000000000320e-02
-1.538460000000000001e-02
5.049500000000000099e-01
3.263159999999999950e-01
4.687500000000000000e-02
-3.125000000000000000e-02
5.533979999999999455e-01
5.368420000000000414e-01
1.093750000000000000e-01
