6.250000000000000000e-01
4.727270000000000083e-01
2.857140000000000235e-01
-5.785119999999999846e-02
5.161289999999999489e-01
4.727270000000000083e-01
2.631580000000000030e-01
-4.687500000000000000e-02
6.250000000000000000e-01
5.728159999999999918e-01
2.631580000000000030e-01
-1.093750000000000000e-01
5.806449999999999667e-01
5.192309999999999981e-01
3.260870000000000157e-01
-8.474579999999999613e-02
5.312500000000000000e-01
5.339810000000000390e-01
3.012050000000000005e-01
-1.382110000000000005e-01
5.384619999999999962e-01
4.563110000000000221e-01
3.333329999999999904e-01
-7.199999999999999456e-02
5.000000000000000000e-01
5.192309999999999981e-01
2.183910000000000018e-01
-1.166670000000000068e-01
5.076920000000000321e-01
6.633660000000000112e-01
3.684209999999999985e-01
-1.562500000000000000e-01
6.250000000000000000e-01
6.310679999999999623e-01
3.684209999999999985e-01
-3.125000000000000000e-02
