4.062500000000000000e-01
4.363639999999999741e-01
2.857140000000000235e-01
-1.074380000000000057e-01
5.806449999999999667e-01
5.272729999999999917e-01
3.473680000000000101e-01
1.562500000000000000e-02
5.312500000000000000e-01
6.310679999999999623e-01
2.631580000000000030e-01
-4.687500000000000000e-02
5.483869999999999578e-01
5.192309999999999981e-01
2.608699999999999908e-01
-8.474579999999999613e-02
6.250000000000000000e-01
5.339810000000000390e-01
3.253010000000000068e-01
-7.317070000000000518e-02
6.307690000000000241e-01
6.310679999999999623e-01
4.444440000000000057e-01
-8.000000000000000167e-03
6.250000000000000000e-01
5.384619999999999962e-01
2.643679999999999919e-01
-1.000000000000000056e-01
6.307690000000000241e-01
6.831679999999999975e-01
3.263159999999999950e-01
-7.812500000000000000e-02
6.250000000000000000e-01
6.504849999999999799e-01
4.315789999999999904e-01
-1.562500000000000000e-02
