9.375000000000000000e-02
-5.454549999999999677e-02
-2.142860000000000043e-01
-3.057849999999999735e-01
-3.870970000000000244e-01
-3.272729999999999806e-01
-4.315789999999999904e-01
-3.437500000000000000e-01
-5.312500000000000000e-01
-2.815529999999999977e-01
-3.473680000000000101e-01
-4.062500000000000000e-01
3.548390000000000155e-01
2.307690000000000019e-01
2.173910000000000078e-02
-2.372879999999999989e-01
6.250000000000000000e-02
8.737860000000000071e-02
-1.325300000000000089e-01
-3.495929999999999871e-01
-2.615379999999999927e-01
-2.233009999999999995e-01
-3.333329999999999904e-01
-3.439999999999999725e-01
2.187500000000000000e-01
3.076920000000000210e-01
1.034479999999999983e-01
-2.500000000000000000e-01
1.076919999999999961e-01
2.079209999999999947e-01
-1.052630000000000059e-02
-2.187500000000000000e-01
9.375000000000000000e-02
4.854370000000000213e-02
-2.421049999999999869e-01
-2.812500000000000000e-01
