-6.250000000000000000e-02
4.909089999999999843e-01
5.714289999999999647e-01
4.132229999999999931e-02
-1.612899999999999889e-01
4.909089999999999843e-01
5.157890000000000530e-01
4.687500000000000000e-02
-2.812500000000000000e-01
4.951459999999999750e-01
2.210529999999999995e-01
-6.250000000000000000e-02
-1.290320000000000078e-01
5.576919999999999655e-01
3.260870000000000157e-01
1.016949999999999937e-01
9.375000000000000000e-02
5.728159999999999918e-01
3.975899999999999990e-01
4.065040000000000320e-02
-1.384620000000000017e-01
3.980580000000000229e-01
3.333329999999999904e-01
-8.799999999999999489e-02
-1.562500000000000000e-01
5.192309999999999981e-01
5.172409999999999508e-01
5.000000000000000278e-02
-4.615380000000000177e-02
6.633660000000000112e-01
4.526319999999999788e-01
6.250000000000000000e-02
-2.812500000000000000e-01
4.563110000000000221e-01
3.473680000000000101e-01
-4.687500000000000000e-02
