6.250000000000000000e-01
5.454550000000000232e-01
3.809520000000000128e-01
-5.785119999999999846e-02
6.774189999999999934e-01
4.727270000000000083e-01
3.473680000000000101e-01
1.562500000000000000e-02
6.250000000000000000e-01
5.728159999999999918e-01
3.473680000000000101e-01
-4.687500000000000000e-02
8.387099999999999556e-01
6.923080000000000345e-01
3.260870000000000157e-01
-3.389829999999999927e-02
6.562500000000000000e-01
6.310679999999999623e-01
3.975899999999999990e-01
-2.439020000000000077e-02
5.384619999999999962e-01
6.310679999999999623e-01
4.222219999999999862e-01
-7.199999999999999456e-02
5.000000000000000000e-01
5.192309999999999981e-01
3.333329999999999904e-01
-1.166670000000000068e-01
5.076920000000000321e-01
5.643559999999999688e-01
2.842109999999999914e-01
-3.125000000000000000e-02
3.750000000000000000e-01
5.339810000000000390e-01
2.842109999999999914e-01
-1.562500000000000000e-01
