-5.312500000000000000e-01
9.090910000000000657e-02
4.761900000000000160e-02
-1.735540000000000138e-01
-2.580649999999999888e-01
2.363639999999999908e-01
2.421049999999999869e-01
-1.562500000000000000e-02
-1.562500000000000000e-01
5.533979999999999455e-01
4.315789999999999904e-01
4.687500000000000000e-02
-4.838709999999999956e-01
0.000000000000000000e+00
2.173910000000000078e-02
-1.864409999999999956e-01
-6.250000000000000000e-01
8.737860000000000071e-02
6.024100000000000288e-02
-2.357720000000000093e-01
-3.846149999999999847e-01
1.650490000000000013e-01
2.888890000000000069e-01
-1.039999999999999952e-01
-5.000000000000000000e-01
9.615379999999999761e-02
-8.045979999999999799e-02
-1.833329999999999960e-01
-4.769229999999999858e-01
1.287129999999999941e-01
-1.052630000000000059e-02
-2.187500000000000000e-01
-4.062500000000000000e-01
1.844659999999999911e-01
7.368420000000000525e-02
-1.093750000000000000e-01
