-6.875000000000000000e-01
-1.636360000000000037e-01
-9.523810000000000608e-02
-2.892560000000000131e-01
-6.774189999999999934e-01
-1.636360000000000037e-01
-1.578950000000000076e-01
-2.656250000000000000e-01
-6.875000000000000000e-01
-1.067960000000000020e-01
-7.368420000000000525e-02
-2.187500000000000000e-01
-6.774189999999999934e-01
-7.692309999999999426e-02
-1.739130000000000120e-01
-2.372879999999999989e-01
-6.875000000000000000e-01
9.708740000000000425e-03
-3.614459999999999895e-02
-2.845530000000000004e-01
-7.846149999999999514e-01
9.708740000000000425e-03
2.222220000000000098e-02
-2.159999999999999976e-01
-6.562500000000000000e-01
-7.692309999999999426e-02
-1.149430000000000070e-02
-2.500000000000000000e-01
-7.230769999999999698e-01
-1.089109999999999939e-01
-1.789469999999999950e-01
-2.187500000000000000e-01
-7.500000000000000000e-01
-2.038830000000000087e-01
-1.789469999999999950e-01
-2.812500000000000000e-01
