3.750000000000000000e-01
3.090910000000000046e-01
1.428570000000000118e-01
-1.735540000000000138e-01
2.580649999999999888e-01
2.363639999999999908e-01
5.263160000000000061e-02
-2.812500000000000000e-01
9.375000000000000000e-02
1.650490000000000013e-01
-9.473679999999999601e-02
-3.437500000000000000e-01
4.838709999999999956e-01
4.038459999999999828e-01
1.956519999999999926e-01
-1.186439999999999995e-01
4.375000000000000000e-01
4.174760000000000137e-01
3.493979999999999864e-01
-1.707319999999999949e-01
4.461539999999999950e-01
4.174760000000000137e-01
3.777780000000000027e-01
-1.039999999999999952e-01
3.437500000000000000e-01
4.615380000000000038e-01
1.954019999999999924e-01
-1.333330000000000071e-01
3.538459999999999939e-01
5.049500000000000099e-01
1.578950000000000076e-01
-2.187500000000000000e-01
3.437500000000000000e-01
4.757279999999999842e-01
1.578950000000000076e-01
-1.562500000000000000e-01
