1.250000000000000000e-01
1.818180000000000143e-02
-2.619049999999999989e-01
-4.380169999999999897e-01
-9.677420000000000466e-02
1.818180000000000143e-02
-3.894739999999999869e-01
-4.062500000000000000e-01
-1.250000000000000000e-01
8.737860000000000071e-02
-3.052630000000000066e-01
-3.593750000000000000e-01
1.290320000000000078e-01
1.538460000000000105e-01
-1.304349999999999954e-01
-2.881360000000000032e-01
-3.125000000000000000e-02
9.708740000000000425e-03
-3.012050000000000005e-01
-4.634150000000000214e-01
-2.615379999999999927e-01
-6.796119999999999939e-02
-3.111110000000000264e-01
-3.920000000000000151e-01
6.250000000000000000e-02
3.269230000000000191e-01
1.724140000000000117e-01
-8.333329999999999904e-02
-4.615380000000000177e-02
1.881190000000000084e-01
-1.157890000000000030e-01
-2.343750000000000000e-01
-6.250000000000000000e-02
9.708740000000000425e-03
-2.842109999999999914e-01
-3.593750000000000000e-01
