-5.937500000000000000e-01
-2.000000000000000111e-01
-2.619049999999999989e-01
-3.223139999999999894e-01
-5.806449999999999667e-01
-2.545450000000000212e-01
-3.052630000000000066e-01
-3.593750000000000000e-01
-5.000000000000000000e-01
-1.456310000000000104e-01
-3.894739999999999869e-01
-2.968750000000000000e-01
-6.451609999999999845e-01
-2.115380000000000038e-01
-3.043480000000000074e-01
-2.881360000000000032e-01
-6.562500000000000000e-01
-2.038830000000000087e-01
-3.975899999999999990e-01
-3.983740000000000059e-01
-5.076920000000000321e-01
-1.262139999999999929e-01
-3.111110000000000264e-01
-3.280000000000000138e-01
-6.250000000000000000e-01
-1.538460000000000105e-01
-2.873560000000000003e-01
-3.333329999999999904e-01
-4.769229999999999858e-01
-1.287129999999999941e-01
-2.000000000000000111e-01
-2.968750000000000000e-01
-6.250000000000000000e-01
9.708740000000000425e-03
-1.157890000000000030e-01
-2.968750000000000000e-01
