-8.750000000000000000e-01
-8.727270000000000305e-01
4.047620000000000107e-01
4.380169999999999897e-01
-7.741940000000000488e-01
-7.636359999999999815e-01
3.684209999999999985e-01
3.593750000000000000e-01
-6.875000000000000000e-01
-6.893200000000000438e-01
1.789469999999999950e-01
1.406250000000000000e-01
-6.774189999999999934e-01
-8.269229999999999636e-01
5.000000000000000000e-01
4.915249999999999897e-01
-8.125000000000000000e-01
-8.252429999999999488e-01
5.903610000000000246e-01
4.796750000000000180e-01
-6.615379999999999594e-01
-7.669899999999999496e-01
5.999999999999999778e-01
4.079999999999999738e-01
-8.750000000000000000e-01
-8.653849999999999598e-01
4.942529999999999979e-01
5.833329999999999904e-01
-8.461539999999999617e-01
-8.613859999999999850e-01
5.368420000000000414e-01
5.625000000000000000e-01
-7.500000000000000000e-01
-9.611650000000000471e-01
4.315789999999999904e-01
5.625000000000000000e-01
