-1.250000000000000000e-01
5.272729999999999917e-01
5.238099999999999978e-01
7.438019999999999354e-02
-9.677420000000000466e-02
5.272729999999999917e-01
4.736839999999999939e-01
1.562500000000000000e-02
-1.250000000000000000e-01
6.310679999999999623e-01
4.736839999999999939e-01
1.562500000000000000e-02
0.000000000000000000e+00
6.346150000000000402e-01
5.000000000000000000e-01
6.779659999999999853e-02
-3.125000000000000000e-02
6.504849999999999799e-01
5.903610000000000246e-01
8.130079999999999599e-03
-1.076919999999999961e-01
6.504849999999999799e-01
5.999999999999999778e-01
1.199999999999999956e-01
-3.125000000000000000e-02
6.153849999999999598e-01
4.942529999999999979e-01
1.000000000000000056e-01
-1.538460000000000001e-02
6.633660000000000112e-01
5.368420000000000414e-01
1.093750000000000000e-01
-3.125000000000000000e-02
5.533979999999999455e-01
4.315789999999999904e-01
4.687500000000000000e-02
