5.000000000000000000e-01
3.818179999999999907e-01
1.428570000000000118e-01
-1.735540000000000138e-01
5.483869999999999578e-01
4.545449999999999768e-01
2.421049999999999869e-01
-9.375000000000000000e-02
6.562500000000000000e-01
5.533979999999999455e-01
3.263159999999999950e-01
-1.562500000000000000e-02
6.129029999999999756e-01
4.807690000000000019e-01
2.826089999999999991e-01
-5.084749999999999687e-02
4.375000000000000000e-01
4.951459999999999750e-01
3.493979999999999864e-01
-1.707319999999999949e-01
5.692310000000000425e-01
5.922330000000000094e-01
4.888890000000000180e-01
-4.000000000000000083e-02
6.250000000000000000e-01
5.576919999999999655e-01
3.103449999999999820e-01
-6.666669999999999541e-02
7.538460000000000161e-01
6.039600000000000524e-01
3.473680000000000101e-01
1.562500000000000000e-02
7.500000000000000000e-01
6.504849999999999799e-01
3.473680000000000101e-01
-4.687500000000000000e-02
