4.687500000000000000e-01
3.090910000000000046e-01
1.666670000000000096e-01
-1.735540000000000138e-01
3.870970000000000244e-01
3.090910000000000046e-01
7.368420000000000525e-02
-1.562500000000000000e-01
3.437500000000000000e-01
3.203880000000000061e-01
-1.052630000000000059e-02
-2.187500000000000000e-01
4.516129999999999867e-01
3.461540000000000172e-01
4.347829999999999750e-02
-2.033899999999999875e-01
3.125000000000000000e-01
3.592230000000000145e-01
8.433730000000000393e-02
-3.170729999999999937e-01
3.230770000000000031e-01
3.592230000000000145e-01
1.333330000000000071e-01
-1.839999999999999969e-01
5.000000000000000000e-01
4.423079999999999790e-01
1.264369999999999938e-01
-2.500000000000000000e-01
2.615379999999999927e-01
4.059409999999999963e-01
1.052630000000000059e-02
-2.656250000000000000e-01
2.500000000000000000e-01
3.786410000000000053e-01
9.473679999999999601e-02
-2.187500000000000000e-01
