6.250000000000000000e-01
4.363639999999999741e-01
4.047620000000000107e-01
-4.132229999999999931e-02
2.903229999999999977e-01
4.363639999999999741e-01
1.789469999999999950e-01
-3.125000000000000000e-02
2.500000000000000000e-01
6.310679999999999623e-01
4.736839999999999939e-01
7.812500000000000000e-02
6.774189999999999934e-01
4.615380000000000038e-01
1.956519999999999926e-01
-1.864409999999999956e-01
2.500000000000000000e-01
1.650490000000000013e-01
-3.614459999999999895e-02
-2.357720000000000093e-01
-1.076919999999999961e-01
8.737860000000000071e-02
1.111110000000000014e-01
-1.039999999999999952e-01
9.375000000000000000e-02
5.384619999999999962e-01
3.793099999999999805e-01
-3.333330000000000320e-02
-1.538460000000000001e-02
5.049500000000000099e-01
3.263159999999999950e-01
4.687500000000000000e-02
-3.125000000000000000e-02
5.533979999999999455e-01
3.263159999999999950e-01
-1.562500000000000000e-02
