-3.125000000000000000e-02
1.818180000000000143e-02
-2.619049999999999989e-01
-3.884299999999999975e-01
1.612899999999999889e-01
9.090910000000000657e-02
-1.368419999999999914e-01
-2.343750000000000000e-01
1.250000000000000000e-01
2.427179999999999893e-01
-3.157890000000000003e-02
-2.968750000000000000e-01
0.000000000000000000e+00
7.692309999999999426e-02
-1.304349999999999954e-01
-3.559320000000000261e-01
-3.125000000000000000e-02
9.708740000000000425e-03
-1.084340000000000026e-01
-3.983740000000000059e-01
-1.538460000000000001e-02
9.708740000000000425e-03
-2.222220000000000029e-01
-3.920000000000000151e-01
6.250000000000000000e-02
7.692309999999999426e-02
-1.149430000000000070e-02
-3.333329999999999904e-01
-1.692309999999999925e-01
-1.287129999999999941e-01
-5.157890000000000530e-01
-5.312500000000000000e-01
-2.812500000000000000e-01
-3.009709999999999885e-01
-6.631580000000000252e-01
-6.406250000000000000e-01
