-6.250000000000000000e-01
-1.636360000000000037e-01
-1.904760000000000064e-01
-3.057849999999999735e-01
-8.064519999999999467e-01
-1.636360000000000037e-01
-1.578950000000000076e-01
-2.812500000000000000e-01
-7.187500000000000000e-01
-1.067960000000000020e-01
-2.421049999999999869e-01
-2.187500000000000000e-01
-7.741940000000000488e-01
-2.307690000000000019e-01
-3.043480000000000074e-01
-3.898309999999999831e-01
-7.812500000000000000e-01
-1.456310000000000104e-01
-3.012050000000000005e-01
-3.658540000000000125e-01
-6.615379999999999594e-01
-6.796119999999999939e-02
-1.333330000000000071e-01
-2.479999999999999982e-01
-6.875000000000000000e-01
-2.500000000000000000e-01
-3.333329999999999904e-01
-3.666670000000000207e-01
-6.615379999999999594e-01
-8.910890000000000477e-02
-1.578950000000000076e-01
-2.656250000000000000e-01
-5.937500000000000000e-01
-2.912620000000000139e-02
-7.368420000000000525e-02
-2.656250000000000000e-01
