-1.875000000000000000e-01
-1.272729999999999972e-01
-5.238099999999999978e-01
-5.702479999999999771e-01
-1.612899999999999889e-01
-1.272729999999999972e-01
-3.684209999999999985e-01
-4.687500000000000000e-01
-1.875000000000000000e-01
9.708740000000000425e-03
-3.684209999999999985e-01
-4.687500000000000000e-01
-1.290320000000000078e-01
-1.153850000000000015e-01
-5.217389999999999528e-01
-5.932199999999999696e-01
-1.562500000000000000e-01
-2.912620000000000139e-02
-5.421690000000000120e-01
-5.772359999999999713e-01
-1.384620000000000017e-01
-2.912620000000000139e-02
-2.888890000000000069e-01
-5.040000000000000036e-01
-2.812500000000000000e-01
-7.692309999999999426e-02
-5.172409999999999508e-01
-5.333329999999999460e-01
-2.615379999999999927e-01
-1.287129999999999941e-01
-4.947369999999999823e-01
-5.468750000000000000e-01
-2.812500000000000000e-01
-1.456310000000000104e-01
-4.105260000000000020e-01
-4.843750000000000000e-01
