-2.812500000000000000e-01
-2.181819999999999871e-01
-6.190480000000000427e-01
-6.033060000000000089e-01
-2.580649999999999888e-01
-2.181819999999999871e-01
-6.210529999999999662e-01
-5.625000000000000000e-01
-2.812500000000000000e-01
-1.650490000000000013e-01
-5.368420000000000414e-01
-5.625000000000000000e-01
-1.290320000000000078e-01
-1.538460000000000105e-01
-5.434780000000000166e-01
-5.762709999999999777e-01
-1.562500000000000000e-01
-6.796119999999999939e-02
-4.698800000000000199e-01
-5.447149999999999492e-01
-4.615380000000000177e-02
-6.796119999999999939e-02
-2.888890000000000069e-01
-4.719999999999999751e-01
-1.250000000000000000e-01
-1.153850000000000015e-01
-4.252870000000000261e-01
-5.500000000000000444e-01
-1.076919999999999961e-01
-9.900990000000000138e-03
-3.263159999999999950e-01
-5.000000000000000000e-01
-1.250000000000000000e-01
-2.912620000000000139e-02
-4.947369999999999823e-01
-5.000000000000000000e-01
