-3.125000000000000000e-02
-1.818180000000000143e-02
-3.809520000000000128e-01
-5.537189999999999612e-01
0.000000000000000000e+00
-9.090910000000000657e-02
-3.263159999999999950e-01
-4.531250000000000000e-01
-1.562500000000000000e-01
-2.912620000000000139e-02
-3.263159999999999950e-01
-4.531250000000000000e-01
2.258060000000000067e-01
9.615379999999999761e-02
-1.304349999999999954e-01
-3.898309999999999831e-01
1.875000000000000000e-01
1.844659999999999911e-01
-1.204820000000000023e-02
-2.520330000000000070e-01
7.692309999999999426e-02
1.844659999999999911e-01
4.444440000000000196e-02
-1.360000000000000098e-01
2.500000000000000000e-01
2.884619999999999962e-01
3.448280000000000095e-02
-2.999999999999999889e-01
2.615379999999999927e-01
4.059409999999999963e-01
1.052630000000000059e-02
-1.562500000000000000e-01
3.750000000000000000e-01
3.786410000000000053e-01
9.473679999999999601e-02
-1.562500000000000000e-01
