6.250000000000000000e-01
4.545449999999999768e-01
4.761900000000000022e-01
4.132229999999999931e-02
6.774189999999999934e-01
4.545449999999999768e-01
4.315789999999999904e-01
-7.812500000000000000e-02
6.250000000000000000e-01
6.504849999999999799e-01
3.263159999999999950e-01
-1.562500000000000000e-02
7.096770000000000023e-01
6.153849999999999598e-01
4.130429999999999935e-01
0.000000000000000000e+00
6.562500000000000000e-01
5.533979999999999455e-01
3.734939999999999927e-01
-1.382110000000000005e-01
5.076920000000000321e-01
5.533979999999999455e-01
3.111110000000000264e-01
-1.360000000000000098e-01
5.625000000000000000e-01
4.807690000000000019e-01
2.643679999999999919e-01
-1.499999999999999944e-01
4.461539999999999950e-01
6.237620000000000386e-01
1.368419999999999914e-01
-1.875000000000000000e-01
4.375000000000000000e-01
4.951459999999999750e-01
3.052630000000000066e-01
-1.250000000000000000e-01
