0.000000000000000000e+00
5.999999999999999778e-01
6.428570000000000118e-01
7.438019999999999354e-02
3.225809999999999789e-02
5.999999999999999778e-01
4.736839999999999939e-01
7.812500000000000000e-02
0.000000000000000000e+00
5.339810000000000390e-01
2.842109999999999914e-01
-3.125000000000000000e-02
2.903229999999999977e-01
7.115380000000000038e-01
6.304349999999999676e-01
1.186439999999999995e-01
1.250000000000000000e-01
7.281549999999999967e-01
5.903610000000000246e-01
8.130079999999999599e-03
-1.538460000000000001e-02
6.504849999999999799e-01
5.999999999999999778e-01
1.199999999999999956e-01
9.375000000000000000e-02
7.115380000000000038e-01
7.241379999999999484e-01
1.000000000000000056e-01
1.076919999999999961e-01
6.633660000000000112e-01
6.421050000000000368e-01
1.093750000000000000e-01
-3.125000000000000000e-02
6.310679999999999623e-01
5.368420000000000414e-01
1.093750000000000000e-01
