6.562500000000000000e-01
7.818180000000000129e-01
8.809519999999999573e-01
1.735540000000000138e-01
7.096770000000000023e-01
8.727270000000000305e-01
6.631580000000000252e-01
1.250000000000000000e-01
5.312500000000000000e-01
8.058250000000000135e-01
6.631580000000000252e-01
6.250000000000000000e-02
5.483869999999999578e-01
8.846150000000000402e-01
8.043479999999999519e-01
2.881360000000000032e-01
5.000000000000000000e-01
9.029129999999999656e-01
9.277109999999999523e-01
1.544719999999999982e-01
5.076920000000000321e-01
9.029129999999999656e-01
6.666670000000000096e-01
1.680000000000000104e-01
5.000000000000000000e-01
8.076919999999999655e-01
7.241379999999999484e-01
8.333329999999999904e-02
6.307690000000000241e-01
7.623760000000000536e-01
5.157890000000000530e-01
9.375000000000000000e-02
5.000000000000000000e-01
7.281549999999999967e-01
5.157890000000000530e-01
4.687500000000000000e-02
