9.375000000000000000e-02
3.636360000000000287e-02
-1.190480000000000010e-01
-3.553720000000000212e-01
1.290320000000000078e-01
3.636360000000000287e-02
-1.578950000000000076e-01
-3.906250000000000000e-01
-1.562500000000000000e-01
-1.067960000000000020e-01
-3.894739999999999869e-01
-5.156250000000000000e-01
-1.290320000000000078e-01
-1.538460000000000105e-01
-4.565219999999999834e-01
-5.762709999999999777e-01
-1.562500000000000000e-01
-6.796119999999999939e-02
-3.734939999999999927e-01
-5.447149999999999492e-01
-1.384620000000000017e-01
-1.456310000000000104e-01
-4.666669999999999985e-01
-5.360000000000000320e-01
-3.750000000000000000e-01
-3.269230000000000191e-01
-6.781610000000000138e-01
-7.333330000000000126e-01
-3.538459999999999939e-01
-3.069310000000000094e-01
-6.421050000000000368e-01
-6.093750000000000000e-01
-2.500000000000000000e-01
-1.844659999999999911e-01
-4.947369999999999823e-01
-5.000000000000000000e-01
