7.812500000000000000e-01
5.999999999999999778e-01
6.428570000000000118e-01
1.404960000000000098e-01
6.774189999999999934e-01
4.363639999999999741e-01
3.684209999999999985e-01
-3.125000000000000000e-02
2.500000000000000000e-01
5.339810000000000390e-01
1.789469999999999950e-01
-3.125000000000000000e-02
5.483869999999999578e-01
7.115380000000000038e-01
5.000000000000000000e-01
6.779659999999999853e-02
6.250000000000000000e-01
4.757279999999999842e-01
2.530120000000000147e-01
-2.357720000000000093e-01
2.615379999999999927e-01
1.650490000000000013e-01
2.222220000000000098e-02
-1.680000000000000104e-01
2.187500000000000000e-01
5.384619999999999962e-01
4.942529999999999979e-01
-3.333330000000000320e-02
1.076919999999999961e-01
5.841579999999999551e-01
3.263159999999999950e-01
-1.562500000000000000e-02
-3.125000000000000000e-02
4.757279999999999842e-01
3.263159999999999950e-01
4.687500000000000000e-02
