-2.812500000000000000e-01
-4.545449999999999768e-01
1.666670000000000096e-01
1.239669999999999939e-01
-6.129029999999999756e-01
-7.272729999999999473e-01
4.526319999999999788e-01
4.843750000000000000e-01
-7.187500000000000000e-01
-8.058250000000000135e-01
6.842110000000000136e-01
5.937500000000000000e-01
-8.709679999999999644e-01
-9.230770000000000364e-01
5.434780000000000166e-01
6.949149999999999494e-01
-8.750000000000000000e-01
-9.223299999999999832e-01
7.590360000000000440e-01
7.235770000000000257e-01
-8.461539999999999617e-01
-8.640780000000000127e-01
7.555560000000000054e-01
8.239999999999999547e-01
-7.812500000000000000e-01
-8.653849999999999598e-01
6.551719999999999766e-01
6.833329999999999682e-01
-6.615379999999999594e-01
-9.207920000000000549e-01
7.052629999999999733e-01
6.562500000000000000e-01
-7.812500000000000000e-01
-9.223299999999999832e-01
5.789469999999999894e-01
6.562500000000000000e-01
