3.750000000000000000e-01
3.090910000000000046e-01
1.428570000000000118e-01
-2.561979999999999813e-01
2.903229999999999977e-01
2.363639999999999908e-01
5.263160000000000061e-02
-2.343750000000000000e-01
2.500000000000000000e-01
3.980580000000000229e-01
1.368419999999999914e-01
-2.343750000000000000e-01
4.193549999999999778e-01
4.615380000000000038e-01
1.086960000000000010e-01
-1.525420000000000109e-01
3.750000000000000000e-01
3.980580000000000229e-01
6.024100000000000288e-02
-2.682930000000000037e-01
2.307690000000000019e-01
3.980580000000000229e-01
2.000000000000000111e-01
-2.000000000000000111e-01
4.375000000000000000e-01
6.538460000000000383e-01
3.563220000000000276e-01
-8.333329999999999904e-02
4.461539999999999950e-01
6.237620000000000386e-01
1.368419999999999914e-01
-1.250000000000000000e-01
3.125000000000000000e-01
4.174760000000000137e-01
1.368419999999999914e-01
-1.875000000000000000e-01
