1.875000000000000000e-01
1.636360000000000037e-01
-4.761900000000000160e-02
-3.884299999999999975e-01
9.677420000000000466e-02
1.818180000000000143e-02
-2.000000000000000111e-01
-4.218750000000000000e-01
6.250000000000000000e-02
8.737860000000000071e-02
-2.000000000000000111e-01
-4.218750000000000000e-01
0.000000000000000000e+00
9.615379999999999761e-02
-3.695649999999999769e-01
-4.745759999999999978e-01
-3.125000000000000000e-02
-2.912620000000000139e-02
-2.771080000000000210e-01
-4.471539999999999959e-01
-1.538460000000000001e-02
4.854370000000000213e-02
-2.888890000000000069e-01
-5.040000000000000036e-01
-1.562500000000000000e-01
0.000000000000000000e+00
-3.333329999999999904e-01
-4.833330000000000126e-01
-4.615380000000000177e-02
2.970300000000000024e-02
-3.263159999999999950e-01
-4.843750000000000000e-01
-6.250000000000000000e-02
9.708740000000000425e-03
-2.631580000000000030e-01
-4.843750000000000000e-01
