-1.562500000000000000e-01
-2.545450000000000212e-01
-2.142860000000000043e-01
-2.396689999999999932e-01
-1.290320000000000078e-01
-2.545450000000000212e-01
-1.789469999999999950e-01
-2.812500000000000000e-01
-1.562500000000000000e-01
-1.262139999999999929e-01
-2.631580000000000030e-01
-3.437500000000000000e-01
-3.225809999999999789e-02
-2.307690000000000019e-01
-2.391300000000000092e-01
-2.372879999999999989e-01
-1.875000000000000000e-01
-1.456310000000000104e-01
-2.289160000000000084e-01
-2.845530000000000004e-01
-1.692309999999999925e-01
-1.456310000000000104e-01
-6.666669999999999541e-02
-2.800000000000000266e-01
-3.125000000000000000e-02
-3.846150000000000263e-02
-8.045979999999999799e-02
-2.500000000000000000e-01
-1.538460000000000001e-02
-8.910890000000000477e-02
-9.473679999999999601e-02
-2.187500000000000000e-01
-1.562500000000000000e-01
-1.067960000000000020e-01
-1.578950000000000076e-01
-2.812500000000000000e-01
