-8.125000000000000000e-01
-9.090909999999999824e-01
5.000000000000000000e-01
6.859499999999999487e-01
-8.064519999999999467e-01
-9.090909999999999824e-01
4.526319999999999788e-01
5.937500000000000000e-01
-8.125000000000000000e-01
-8.640780000000000127e-01
4.526319999999999788e-01
5.312500000000000000e-01
-8.709679999999999644e-01
-8.653849999999999598e-01
5.434780000000000166e-01
7.457629999999999537e-01
-8.750000000000000000e-01
-8.640780000000000127e-01
5.180719999999999770e-01
6.097559999999999647e-01
-8.461539999999999617e-01
-8.058250000000000135e-01
4.222219999999999862e-01
5.999999999999999778e-01
-7.812500000000000000e-01
-8.653849999999999598e-01
6.551719999999999766e-01
6.833329999999999682e-01
-8.461539999999999617e-01
-9.207920000000000549e-01
5.789469999999999894e-01
5.468750000000000000e-01
-7.812500000000000000e-01
-8.640780000000000127e-01
4.736839999999999939e-01
4.843750000000000000e-01
