-2.812500000000000000e-01
2.727269999999999972e-01
1.666670000000000096e-01
-1.074380000000000057e-01
-2.580649999999999888e-01
1.090909999999999935e-01
-1.052630000000000059e-02
-1.562500000000000000e-01
-2.812500000000000000e-01
1.844659999999999911e-01
7.368420000000000525e-02
-1.562500000000000000e-01
-2.258060000000000067e-01
5.192309999999999981e-01
2.608699999999999908e-01
-1.694920000000000107e-02
-2.500000000000000000e-01
3.009709999999999885e-01
1.084340000000000026e-01
-2.032519999999999882e-01
-1.076919999999999961e-01
3.009709999999999885e-01
1.555559999999999998e-01
-2.000000000000000111e-01
-1.250000000000000000e-01
6.346150000000000402e-01
7.241379999999999484e-01
3.333330000000000320e-02
-2.307690000000000019e-01
5.049500000000000099e-01
3.263159999999999950e-01
-7.812500000000000000e-02
-3.750000000000000000e-01
2.427179999999999893e-01
1.368419999999999914e-01
-1.875000000000000000e-01
