9.375000000000000000e-02
1.636360000000000037e-01
-4.761900000000000160e-02
-3.057849999999999735e-01
2.580649999999999888e-01
9.090910000000000657e-02
-3.157890000000000003e-02
-3.437500000000000000e-01
9.375000000000000000e-02
1.650490000000000013e-01
-9.473679999999999601e-02
-3.437500000000000000e-01
9.677420000000000466e-02
1.538460000000000105e-01
-1.521740000000000037e-01
-3.728810000000000180e-01
6.250000000000000000e-02
2.427179999999999893e-01
-1.325300000000000089e-01
-4.146340000000000026e-01
7.692309999999999426e-02
1.650490000000000013e-01
-6.666669999999999541e-02
-4.079999999999999738e-01
9.375000000000000000e-02
9.615379999999999761e-02
-1.494250000000000023e-01
-4.333330000000000237e-01
1.076919999999999961e-01
1.287129999999999941e-01
-3.263159999999999950e-01
-3.906250000000000000e-01
-3.125000000000000000e-02
4.854370000000000213e-02
-3.263159999999999950e-01
-4.531250000000000000e-01
