-4.062500000000000000e-01
-4.727270000000000083e-01
-8.571429999999999882e-01
-8.181819999999999649e-01
-3.870970000000000244e-01
-5.272729999999999917e-01
-7.473680000000000323e-01
-7.656250000000000000e-01
-4.062500000000000000e-01
-4.368929999999999758e-01
-6.631580000000000252e-01
-7.656250000000000000e-01
-4.838709999999999956e-01
-4.807690000000000019e-01
-5.869569999999999510e-01
-7.288139999999999619e-01
-5.000000000000000000e-01
-5.339810000000000390e-01
-8.554220000000000157e-01
-8.211380000000000345e-01
-4.769229999999999858e-01
-4.757279999999999842e-01
-6.666670000000000096e-01
-7.439999999999999947e-01
-5.937500000000000000e-01
-5.000000000000000000e-01
-6.091950000000000420e-01
-5.999999999999999778e-01
-5.692310000000000425e-01
-4.851489999999999969e-01
-6.421050000000000368e-01
-7.031250000000000000e-01
-4.687500000000000000e-01
-4.368929999999999758e-01
-7.263159999999999616e-01
-6.562500000000000000e-01
