1.250000000000000000e-01
5.454549999999999677e-02
-1.904760000000000064e-01
-3.553720000000000212e-01
1.612899999999999889e-01
5.454549999999999677e-02
-1.578950000000000076e-01
-2.656250000000000000e-01
2.500000000000000000e-01
2.038830000000000087e-01
-7.368420000000000525e-02
-2.656250000000000000e-01
1.612899999999999889e-01
1.538460000000000105e-01
-2.608699999999999908e-01
-3.050849999999999951e-01
1.250000000000000000e-01
1.650490000000000013e-01
-1.566269999999999885e-01
-2.845530000000000004e-01
2.615379999999999927e-01
2.427179999999999893e-01
2.222220000000000098e-02
-2.159999999999999976e-01
3.750000000000000000e-01
3.076920000000000210e-01
8.045979999999999799e-02
-2.500000000000000000e-01
2.307690000000000019e-01
3.465349999999999819e-01
-3.157890000000000003e-02
-2.187500000000000000e-01
2.187500000000000000e-01
3.980580000000000229e-01
-3.157890000000000003e-02
-2.187500000000000000e-01
