-8.750000000000000000e-01
-8.727270000000000305e-01
5.000000000000000000e-01
6.528929999999999456e-01
-8.709679999999999644e-01
-8.181819999999999649e-01
4.526319999999999788e-01
6.718750000000000000e-01
-8.750000000000000000e-01
-8.640780000000000127e-01
5.578950000000000298e-01
6.718750000000000000e-01
-8.709679999999999644e-01
-9.230770000000000364e-01
5.652169999999999694e-01
7.288139999999999619e-01
-7.812500000000000000e-01
-9.223299999999999832e-01
8.072289999999999743e-01
7.073169999999999735e-01
-9.384620000000000184e-01
-9.223299999999999832e-01
8.000000000000000444e-01
6.959999999999999520e-01
-9.062500000000000000e-01
-9.230770000000000364e-01
7.241379999999999484e-01
6.833329999999999682e-01
-7.846149999999999514e-01
-8.613859999999999850e-01
7.473680000000000323e-01
6.093750000000000000e-01
-9.062500000000000000e-01
-9.223299999999999832e-01
6.421050000000000368e-01
6.562500000000000000e-01
