-2.500000000000000000e-01
-9.090910000000000657e-02
-3.809520000000000128e-01
-4.710739999999999927e-01
-2.258060000000000067e-01
-9.090910000000000657e-02
-3.263159999999999950e-01
-4.375000000000000000e-01
-3.750000000000000000e-01
-2.912620000000000139e-02
-3.263159999999999950e-01
-4.375000000000000000e-01
-2.258060000000000067e-01
-7.692309999999999426e-02
-4.347829999999999750e-01
-4.915249999999999897e-01
-2.500000000000000000e-01
-6.796119999999999939e-02
-3.493979999999999864e-01
-4.634150000000000214e-01
-1.076919999999999961e-01
9.708740000000000425e-03
-2.666669999999999874e-01
-3.920000000000000151e-01
-3.125000000000000000e-02
7.692309999999999426e-02
-2.643679999999999919e-01
-4.500000000000000111e-01
-1.384620000000000017e-01
1.881190000000000084e-01
-3.473680000000000101e-01
-3.437500000000000000e-01
-1.562500000000000000e-01
1.650490000000000013e-01
-9.473679999999999601e-02
-2.812500000000000000e-01
