5.000000000000000000e-01
4.363639999999999741e-01
9.523810000000000608e-02
-4.132229999999999931e-02
4.193549999999999778e-01
2.909089999999999732e-01
9.473679999999999601e-02
-9.375000000000000000e-02
0.000000000000000000e+00
3.009709999999999885e-01
1.789469999999999950e-01
-9.375000000000000000e-02
5.483869999999999578e-01
3.846149999999999847e-01
3.043480000000000074e-01
0.000000000000000000e+00
1.250000000000000000e-01
3.203880000000000061e-01
1.566269999999999885e-01
-1.219510000000000038e-01
-1.076919999999999961e-01
3.980580000000000229e-01
4.000000000000000222e-01
-5.600000000000000117e-02
2.187500000000000000e-01
3.076920000000000210e-01
8.045979999999999799e-02
-1.166670000000000068e-01
-1.384620000000000017e-01
3.465349999999999819e-01
2.421049999999999869e-01
-1.562500000000000000e-02
-2.812500000000000000e-01
3.203880000000000061e-01
3.263159999999999950e-01
-9.375000000000000000e-02
