6.562500000000000000e-01
5.999999999999999778e-01
6.190480000000000427e-01
8.264459999999999515e-03
8.387099999999999556e-01
5.999999999999999778e-01
5.578950000000000298e-01
6.250000000000000000e-02
6.562500000000000000e-01
5.339810000000000390e-01
3.473680000000000101e-01
1.562500000000000000e-02
6.774189999999999934e-01
6.923080000000000345e-01
3.478260000000000240e-01
3.389829999999999927e-02
6.250000000000000000e-01
5.339810000000000390e-01
3.253010000000000068e-01
-1.382110000000000005e-01
5.076920000000000321e-01
4.563110000000000221e-01
2.444439999999999946e-01
-1.360000000000000098e-01
5.000000000000000000e-01
3.846149999999999847e-01
1.724140000000000117e-01
-1.000000000000000056e-01
2.615379999999999927e-01
4.257429999999999826e-01
1.368419999999999914e-01
-1.875000000000000000e-01
3.750000000000000000e-01
4.757279999999999842e-01
1.368419999999999914e-01
-1.875000000000000000e-01
