3.750000000000000000e-01
3.818179999999999907e-01
2.619049999999999989e-01
-1.735540000000000138e-01
5.483869999999999578e-01
4.545449999999999768e-01
3.263159999999999950e-01
-9.375000000000000000e-02
5.000000000000000000e-01
5.533979999999999455e-01
1.368419999999999914e-01
-9.375000000000000000e-02
4.838709999999999956e-01
4.038459999999999828e-01
1.956519999999999926e-01
-1.186439999999999995e-01
5.625000000000000000e-01
4.951459999999999750e-01
3.493979999999999864e-01
-1.707319999999999949e-01
4.461539999999999950e-01
4.951459999999999750e-01
2.888890000000000069e-01
-1.039999999999999952e-01
3.437500000000000000e-01
3.846149999999999847e-01
1.954019999999999924e-01
-1.833329999999999960e-01
4.769229999999999858e-01
5.049500000000000099e-01
1.578950000000000076e-01
-1.093750000000000000e-01
4.687500000000000000e-01
3.203880000000000061e-01
1.578950000000000076e-01
-1.562500000000000000e-01
