2.187500000000000000e-01
2.363639999999999908e-01
7.142859999999999487e-02
-3.057849999999999735e-01
1.290320000000000078e-01
1.636360000000000037e-01
-1.052630000000000059e-02
-3.281250000000000000e-01
9.375000000000000000e-02
1.067960000000000020e-01
-9.473679999999999601e-02
-2.812500000000000000e-01
3.548390000000000155e-01
2.500000000000000000e-01
-4.347829999999999750e-02
-2.711859999999999826e-01
1.875000000000000000e-01
1.844659999999999911e-01
-1.084340000000000026e-01
-3.170729999999999937e-01
2.000000000000000111e-01
1.844659999999999911e-01
4.444440000000000196e-02
-2.479999999999999982e-01
3.750000000000000000e-01
2.884619999999999962e-01
3.448280000000000095e-02
-2.500000000000000000e-01
1.384620000000000017e-01
1.485150000000000081e-01
-1.578950000000000076e-01
-3.281250000000000000e-01
1.250000000000000000e-01
3.009709999999999885e-01
-7.368420000000000525e-02
-2.656250000000000000e-01
