-2.500000000000000000e-01
2.909089999999999732e-01
1.904760000000000064e-01
-1.074380000000000057e-01
-2.258060000000000067e-01
2.909089999999999732e-01
2.842109999999999914e-01
-9.375000000000000000e-02
-2.500000000000000000e-01
1.262139999999999929e-01
2.842109999999999914e-01
-9.375000000000000000e-02
-2.258060000000000067e-01
3.076920000000000210e-01
1.956519999999999926e-01
-1.186439999999999995e-01
-3.750000000000000000e-01
3.980580000000000229e-01
1.566269999999999885e-01
-1.707319999999999949e-01
-2.307690000000000019e-01
2.427179999999999893e-01
2.888890000000000069e-01
-5.600000000000000117e-02
-2.812500000000000000e-01
3.076920000000000210e-01
8.045979999999999799e-02
-1.833329999999999960e-01
-2.615379999999999927e-01
3.465349999999999819e-01
1.368419999999999914e-01
-1.562500000000000000e-01
-2.812500000000000000e-01
3.203880000000000061e-01
2.421049999999999869e-01
-1.562500000000000000e-02
