3.125000000000000000e-01
3.636360000000000148e-01
1.666670000000000096e-01
-1.074380000000000057e-01
4.516129999999999867e-01
4.363639999999999741e-01
3.473680000000000101e-01
-4.687500000000000000e-02
6.562500000000000000e-01
8.058250000000000135e-01
4.526319999999999788e-01
6.250000000000000000e-02
5.483869999999999578e-01
5.192309999999999981e-01
1.521740000000000037e-01
-8.474579999999999613e-02
5.000000000000000000e-01
5.339810000000000390e-01
3.253010000000000068e-01
-7.317070000000000518e-02
5.076920000000000321e-01
7.087379999999999791e-01
5.555560000000000498e-01
4.000000000000000083e-02
5.000000000000000000e-01
4.615380000000000038e-01
2.643679999999999919e-01
-1.000000000000000056e-01
5.076920000000000321e-01
5.841579999999999551e-01
3.263159999999999950e-01
-1.562500000000000000e-02
5.000000000000000000e-01
6.504849999999999799e-01
5.157890000000000530e-01
4.687500000000000000e-02
