-1.250000000000000000e-01
5.272729999999999917e-01
4.047620000000000107e-01
7.438019999999999354e-02
-2.258060000000000067e-01
5.272729999999999917e-01
5.789469999999999894e-01
1.406250000000000000e-01
-1.250000000000000000e-01
6.310679999999999623e-01
4.736839999999999939e-01
7.812500000000000000e-02
0.000000000000000000e+00
6.346150000000000402e-01
5.000000000000000000e-01
6.779659999999999853e-02
-1.250000000000000000e-01
6.504849999999999799e-01
5.903610000000000246e-01
5.691059999999999869e-02
-2.307690000000000019e-01
6.504849999999999799e-01
5.999999999999999778e-01
1.199999999999999956e-01
-3.125000000000000000e-02
5.384619999999999962e-01
6.091950000000000420e-01
1.000000000000000056e-01
-1.538460000000000001e-02
6.633660000000000112e-01
5.368420000000000414e-01
1.093750000000000000e-01
-1.562500000000000000e-01
6.310679999999999623e-01
5.368420000000000414e-01
1.093750000000000000e-01
