-3.125000000000000000e-02
1.818180000000000143e-02
-2.142860000000000043e-01
-3.057849999999999735e-01
0.000000000000000000e+00
-5.454549999999999677e-02
-1.789469999999999950e-01
-2.812500000000000000e-01
-2.812500000000000000e-01
-2.815529999999999977e-01
-2.631580000000000030e-01
-2.812500000000000000e-01
9.677420000000000466e-02
7.692309999999999426e-02
-2.391300000000000092e-01
-3.728810000000000180e-01
6.250000000000000000e-02
8.737860000000000071e-02
-2.289160000000000084e-01
-3.495929999999999871e-01
7.692309999999999426e-02
8.737860000000000071e-02
-1.555559999999999998e-01
-2.800000000000000266e-01
9.375000000000000000e-02
9.615379999999999761e-02
-8.045979999999999799e-02
-3.166669999999999763e-01
1.076919999999999961e-01
1.287129999999999941e-01
-1.578950000000000076e-01
-3.281250000000000000e-01
-3.125000000000000000e-02
4.854370000000000213e-02
-9.473679999999999601e-02
-2.812500000000000000e-01
