-6.250000000000000000e-02
-5.454549999999999677e-02
-2.380950000000000011e-01
-4.545449999999999768e-01
2.258060000000000067e-01
1.818180000000000143e-02
-2.842109999999999914e-01
-4.218750000000000000e-01
1.875000000000000000e-01
8.737860000000000071e-02
-1.157890000000000030e-01
-3.593750000000000000e-01
1.290320000000000078e-01
3.846150000000000263e-02
-3.695649999999999769e-01
-4.745759999999999978e-01
9.375000000000000000e-02
1.067960000000000020e-01
-3.734939999999999927e-01
-4.471539999999999959e-01
1.076919999999999961e-01
2.427179999999999893e-01
4.444440000000000196e-02
-2.640000000000000124e-01
6.250000000000000000e-02
1.730770000000000086e-01
-8.045979999999999799e-02
-3.499999999999999778e-01
2.000000000000000111e-01
2.871290000000000231e-01
-9.473679999999999601e-02
-3.125000000000000000e-01
1.875000000000000000e-01
2.621359999999999801e-01
-9.473679999999999601e-02
-2.656250000000000000e-01
