-8.125000000000000000e-01
-8.727270000000000305e-01
2.857140000000000235e-01
5.041320000000000245e-01
-7.096770000000000023e-01
-5.636360000000000259e-01
7.368420000000000525e-02
1.250000000000000000e-01
-5.000000000000000000e-01
-1.067960000000000020e-01
-1.052630000000000059e-02
-2.187500000000000000e-01
-8.709679999999999644e-01
-9.615380000000000038e-01
3.260870000000000157e-01
7.457629999999999537e-01
-8.750000000000000000e-01
-9.611650000000000471e-01
3.975899999999999990e-01
6.097559999999999647e-01
-7.538460000000000161e-01
-8.058250000000000135e-01
4.222219999999999862e-01
4.879999999999999893e-01
-7.812500000000000000e-01
-9.230770000000000364e-01
3.333329999999999904e-01
5.000000000000000000e-01
-7.538460000000000161e-01
-8.019800000000000262e-01
1.789469999999999950e-01
4.843750000000000000e-01
-6.875000000000000000e-01
-6.893200000000000438e-01
1.052630000000000059e-02
2.500000000000000000e-01
