3.437500000000000000e-01
3.090910000000000046e-01
1.666670000000000096e-01
-2.396689999999999932e-01
3.870970000000000244e-01
3.090910000000000046e-01
7.368420000000000525e-02
-2.187500000000000000e-01
3.437500000000000000e-01
3.203880000000000061e-01
-1.052630000000000059e-02
-2.187500000000000000e-01
5.806449999999999667e-01
6.153849999999999598e-01
3.260870000000000157e-01
-8.474579999999999613e-02
5.312500000000000000e-01
5.339810000000000390e-01
3.012050000000000005e-01
-2.032519999999999882e-01
4.153850000000000042e-01
3.592230000000000145e-01
1.333330000000000071e-01
-1.839999999999999969e-01
7.812500000000000000e-01
6.153849999999999598e-01
4.252870000000000261e-01
0.000000000000000000e+00
7.846149999999999514e-01
6.633660000000000112e-01
2.842109999999999914e-01
-3.125000000000000000e-02
5.000000000000000000e-01
4.563110000000000221e-01
1.789469999999999950e-01
-1.562500000000000000e-01
