-1.562500000000000000e-01
-2.909089999999999732e-01
-6.190480000000000427e-01
-6.694210000000000438e-01
-1.290320000000000078e-01
-2.909089999999999732e-01
-5.368420000000000414e-01
-6.250000000000000000e-01
-1.562500000000000000e-01
-2.427179999999999893e-01
-5.368420000000000414e-01
-6.250000000000000000e-01
-1.290320000000000078e-01
-2.307690000000000019e-01
-6.304349999999999676e-01
-6.271189999999999820e-01
-2.812500000000000000e-01
-2.233009999999999995e-01
-6.626509999999999900e-01
-6.585370000000000390e-01
-2.615379999999999927e-01
-2.233009999999999995e-01
-5.555560000000000498e-01
-5.839999999999999636e-01
-2.500000000000000000e-01
-2.500000000000000000e-01
-6.781610000000000138e-01
-6.666670000000000096e-01
-2.307690000000000019e-01
-1.683169999999999944e-01
-5.578950000000000298e-01
-6.093750000000000000e-01
-1.250000000000000000e-01
-1.844659999999999911e-01
-4.105260000000000020e-01
-6.093750000000000000e-01
