7.812500000000000000e-01
6.181820000000000093e-01
5.952380000000000448e-01
1.074380000000000057e-01
8.387099999999999556e-01
6.181820000000000093e-01
5.368420000000000414e-01
4.687500000000000000e-02
7.812500000000000000e-01
6.310679999999999623e-01
4.315789999999999904e-01
4.687500000000000000e-02
9.032259999999999733e-01
7.500000000000000000e-01
6.086960000000000148e-01
1.355929999999999913e-01
8.437500000000000000e-01
7.669899999999999496e-01
4.698800000000000199e-01
8.130079999999999599e-03
7.230769999999999698e-01
6.699030000000000262e-01
3.777780000000000027e-01
8.000000000000000167e-03
7.500000000000000000e-01
6.346150000000000402e-01
4.022990000000000177e-01
-6.666669999999999541e-02
4.769229999999999858e-01
5.049500000000000099e-01
1.578950000000000076e-01
-1.093750000000000000e-01
6.250000000000000000e-01
5.728159999999999918e-01
3.473680000000000101e-01
-4.687500000000000000e-02
