0.000000000000000000e+00
-1.818180000000000143e-02
-3.809520000000000128e-01
-4.214879999999999738e-01
-9.677420000000000466e-02
-1.636360000000000037e-01
-4.105260000000000020e-01
-4.375000000000000000e-01
-2.500000000000000000e-01
-1.844659999999999911e-01
-4.105260000000000020e-01
-4.375000000000000000e-01
0.000000000000000000e+00
0.000000000000000000e+00
-4.347829999999999750e-01
-4.237290000000000223e-01
-3.125000000000000000e-02
9.708740000000000425e-03
-3.493979999999999864e-01
-4.634150000000000214e-01
-1.538460000000000001e-02
9.708740000000000425e-03
-3.555559999999999832e-01
-4.560000000000000164e-01
-3.125000000000000000e-02
0.000000000000000000e+00
-4.482760000000000078e-01
-4.500000000000000111e-01
-1.538460000000000001e-02
-4.950500000000000039e-02
-3.473680000000000101e-01
-4.062500000000000000e-01
-1.562500000000000000e-01
-1.262139999999999929e-01
-3.473680000000000101e-01
-4.062500000000000000e-01
