-1.250000000000000000e-01
5.454550000000000232e-01
7.142859999999999765e-01
9.090910000000000657e-02
-9.677420000000000466e-02
6.181820000000000093e-01
5.157890000000000530e-01
1.562500000000000000e-01
-2.500000000000000000e-01
7.281549999999999967e-01
6.421050000000000368e-01
1.562500000000000000e-01
-1.290320000000000078e-01
6.153849999999999598e-01
4.130429999999999935e-01
6.779659999999999853e-02
-3.125000000000000000e-02
7.281549999999999967e-01
6.144579999999999487e-01
7.317070000000000518e-02
-1.384620000000000017e-01
6.310679999999999623e-01
6.222220000000000528e-01
1.360000000000000098e-01
-1.875000000000000000e-01
5.769229999999999636e-01
3.563220000000000276e-01
3.333330000000000320e-02
-1.692309999999999925e-01
6.237620000000000386e-01
5.157890000000000530e-01
1.093750000000000000e-01
-1.875000000000000000e-01
5.922330000000000094e-01
5.157890000000000530e-01
1.093750000000000000e-01
