-7.812500000000000000e-01
-8.727270000000000305e-01
7.857140000000000235e-01
7.520660000000000123e-01
-8.709679999999999644e-01
-9.272730000000000139e-01
8.105259999999999687e-01
7.187500000000000000e-01
-8.750000000000000000e-01
-9.223299999999999832e-01
5.789469999999999894e-01
7.187500000000000000e-01
-8.064519999999999467e-01
-9.230770000000000364e-01
7.391299999999999537e-01
8.644070000000000364e-01
-8.125000000000000000e-01
-9.223299999999999832e-01
8.554220000000000157e-01
7.073169999999999735e-01
-8.769230000000000080e-01
-9.223299999999999832e-01
7.333330000000000126e-01
6.959999999999999520e-01
-8.750000000000000000e-01
-9.038460000000000383e-01
7.241379999999999484e-01
6.500000000000000222e-01
-7.230769999999999698e-01
-9.009899999999999576e-01
5.368420000000000414e-01
5.625000000000000000e-01
-8.750000000000000000e-01
-8.640780000000000127e-01
5.368420000000000414e-01
5.625000000000000000e-01
