-9.375000000000000000e-01
-9.454550000000000454e-01
6.190480000000000427e-01
8.677690000000000126e-01
-9.354839999999999822e-01
-9.454550000000000454e-01
5.578950000000000298e-01
6.562500000000000000e-01
-9.375000000000000000e-01
-9.417480000000000295e-01
4.526319999999999788e-01
5.312500000000000000e-01
-8.709679999999999644e-01
-9.230770000000000364e-01
5.434780000000000166e-01
8.135590000000000321e-01
-8.750000000000000000e-01
-9.611650000000000471e-01
5.180719999999999770e-01
6.097559999999999647e-01
-8.461539999999999617e-01
-8.640780000000000127e-01
3.333329999999999904e-01
3.760000000000000009e-01
-8.750000000000000000e-01
-8.076919999999999655e-01
4.252870000000000261e-01
4.333330000000000237e-01
-7.538460000000000161e-01
-8.019800000000000262e-01
1.789469999999999950e-01
3.125000000000000000e-01
-7.812500000000000000e-01
-8.058250000000000135e-01
1.789469999999999950e-01
2.500000000000000000e-01
