2.500000000000000000e-01
2.909089999999999732e-01
9.523810000000000608e-02
-2.892560000000000131e-01
1.612899999999999889e-01
5.454549999999999677e-02
-1.578950000000000076e-01
-3.906250000000000000e-01
-2.500000000000000000e-01
-2.912620000000000139e-02
-4.105260000000000020e-01
-5.000000000000000000e-01
-9.677420000000000466e-02
-1.538460000000000105e-01
-5.217389999999999528e-01
-5.593219999999999859e-01
-3.750000000000000000e-01
-4.174760000000000137e-01
-9.036140000000000283e-01
-8.211380000000000345e-01
-5.692310000000000425e-01
-4.757279999999999842e-01
-9.333329999999999682e-01
-8.559999999999999831e-01
-2.812500000000000000e-01
-3.461540000000000172e-01
-7.701149999999999940e-01
-8.666669999999999652e-01
-5.076920000000000321e-01
-5.247519999999999962e-01
-1.000000000000000000e+00
-1.000000000000000000e+00
-5.312500000000000000e-01
-4.757279999999999842e-01
-8.526319999999999455e-01
-8.750000000000000000e-01
