-3.125000000000000000e-02
3.636360000000000287e-02
-1.190480000000000010e-01
-3.057849999999999735e-01
1.290320000000000078e-01
1.090909999999999935e-01
-9.473679999999999601e-02
-2.812500000000000000e-01
9.375000000000000000e-02
-2.912620000000000139e-02
-2.421049999999999869e-01
-3.906250000000000000e-01
9.677420000000000466e-02
1.730770000000000086e-01
-4.347829999999999750e-02
-2.711859999999999826e-01
6.250000000000000000e-02
9.708740000000000425e-03
-2.048190000000000011e-01
-3.658540000000000125e-01
-1.384620000000000017e-01
9.708740000000000425e-03
-2.222220000000000029e-01
-4.239999999999999880e-01
-1.250000000000000000e-01
1.923080000000000067e-01
-5.747130000000000294e-02
-1.833329999999999960e-01
-1.076919999999999961e-01
1.485150000000000081e-01
1.052630000000000059e-02
-9.375000000000000000e-02
0.000000000000000000e+00
2.038830000000000087e-01
-7.368420000000000525e-02
-2.187500000000000000e-01
