-7.187500000000000000e-01
-1.636360000000000037e-01
-2.857140000000000235e-01
-3.057849999999999735e-01
-6.129029999999999756e-01
-2.909089999999999732e-01
-3.263159999999999950e-01
-3.281250000000000000e-01
-6.250000000000000000e-01
-1.650490000000000013e-01
-3.263159999999999950e-01
-3.281250000000000000e-01
-6.774189999999999934e-01
0.000000000000000000e+00
-2.173910000000000009e-01
-2.711859999999999826e-01
-6.875000000000000000e-01
-1.456310000000000104e-01
-3.734939999999999927e-01
-3.658540000000000125e-01
-7.538460000000000161e-01
-2.233009999999999995e-01
-2.888890000000000069e-01
-4.239999999999999880e-01
-5.937500000000000000e-01
-3.846150000000000263e-02
-5.747130000000000294e-02
-2.500000000000000000e-01
-6.615379999999999594e-01
-8.910890000000000477e-02
-1.578950000000000076e-01
-2.656250000000000000e-01
-6.875000000000000000e-01
-1.844659999999999911e-01
-2.421049999999999869e-01
-3.281250000000000000e-01
