-5.000000000000000000e-01
1.818180000000000143e-02
1.428570000000000118e-01
-2.066119999999999901e-01
-4.838709999999999956e-01
1.818180000000000143e-02
-3.157890000000000003e-02
-1.875000000000000000e-01
-3.750000000000000000e-01
1.650490000000000013e-01
-3.157890000000000003e-02
-1.875000000000000000e-01
-1.290320000000000078e-01
3.076920000000000210e-01
2.173910000000000078e-02
-8.474579999999999613e-02
-1.562500000000000000e-01
3.203880000000000061e-01
1.566269999999999885e-01
-1.382110000000000005e-01
-1.384620000000000017e-01
3.203880000000000061e-01
3.111110000000000264e-01
-7.199999999999999456e-02
-1.875000000000000000e-01
4.038459999999999828e-01
3.563220000000000276e-01
-8.333329999999999904e-02
-2.615379999999999927e-01
4.455450000000000244e-01
3.052630000000000066e-01
-1.562500000000000000e-02
-2.812500000000000000e-01
4.174760000000000137e-01
4.105260000000000020e-01
-1.562500000000000000e-02
