-4.687500000000000000e-01
-5.999999999999999778e-01
-5.714289999999999647e-01
-4.710739999999999927e-01
-5.806449999999999667e-01
-5.999999999999999778e-01
-4.947369999999999823e-01
-3.906250000000000000e-01
-5.937500000000000000e-01
-5.145629999999999926e-01
-4.947369999999999823e-01
-3.906250000000000000e-01
-4.838709999999999956e-01
-4.807690000000000019e-01
-6.086960000000000148e-01
-4.915249999999999897e-01
-5.000000000000000000e-01
-5.339810000000000390e-01
-7.349400000000000377e-01
-5.284550000000000081e-01
-5.692310000000000425e-01
-5.339810000000000390e-01
-6.222220000000000528e-01
-3.920000000000000151e-01
-5.312500000000000000e-01
-5.961539999999999617e-01
-6.091950000000000420e-01
-5.333329999999999460e-01
-6.307690000000000241e-01
-5.841579999999999551e-01
-5.789469999999999894e-01
-4.062500000000000000e-01
-6.562500000000000000e-01
-5.922330000000000094e-01
-5.789469999999999894e-01
-4.062500000000000000e-01
