-3.125000000000000000e-02
-5.454549999999999677e-02
-4.523809999999999776e-01
-5.041320000000000245e-01
-9.677420000000000466e-02
-1.272729999999999972e-01
-4.736839999999999939e-01
-5.312500000000000000e-01
-1.250000000000000000e-01
-2.038830000000000087e-01
-5.578950000000000298e-01
-5.781250000000000000e-01
-1.290320000000000078e-01
-1.346150000000000124e-01
-5.434780000000000166e-01
-5.762709999999999777e-01
-2.812500000000000000e-01
-2.038830000000000087e-01
-5.662650000000000183e-01
-6.097559999999999647e-01
-2.615379999999999927e-01
-2.038830000000000087e-01
-4.666669999999999985e-01
-5.360000000000000320e-01
-2.812500000000000000e-01
-2.307690000000000019e-01
-5.402299999999999880e-01
-6.500000000000000222e-01
-2.615379999999999927e-01
-2.079209999999999947e-01
-5.999999999999999778e-01
-5.937500000000000000e-01
-1.875000000000000000e-01
-6.796119999999999939e-02
-4.526319999999999788e-01
-4.687500000000000000e-01
