2.500000000000000000e-01
2.181819999999999871e-01
9.523810000000000608e-02
-1.735540000000000138e-01
1.612899999999999889e-01
1.272729999999999972e-01
-1.578950000000000076e-01
-3.906250000000000000e-01
-2.500000000000000000e-01
-1.067960000000000020e-01
-5.578950000000000298e-01
-6.093750000000000000e-01
5.483869999999999578e-01
5.384619999999999962e-01
4.130429999999999935e-01
0.000000000000000000e+00
3.750000000000000000e-01
4.757279999999999842e-01
2.530120000000000147e-01
-1.219510000000000038e-01
-1.538460000000000001e-02
-6.796119999999999939e-02
-2.666669999999999874e-01
-5.200000000000000178e-01
5.000000000000000000e-01
6.153849999999999598e-01
4.942529999999999979e-01
1.000000000000000056e-01
5.076920000000000321e-01
7.623760000000000536e-01
5.368420000000000414e-01
1.093750000000000000e-01
3.750000000000000000e-01
3.980580000000000229e-01
1.368419999999999914e-01
-2.187500000000000000e-01
