-5.937500000000000000e-01
-9.090910000000000657e-02
0.000000000000000000e+00
-2.396689999999999932e-01
-5.806449999999999667e-01
-1.818180000000000143e-02
1.052630000000000059e-02
-2.187500000000000000e-01
-5.937500000000000000e-01
-2.912620000000000139e-02
-7.368420000000000525e-02
-2.656250000000000000e-01
-5.806449999999999667e-01
0.000000000000000000e+00
-6.521739999999999482e-02
-1.864409999999999956e-01
-5.937500000000000000e-01
8.737860000000000071e-02
-3.614459999999999895e-02
-2.845530000000000004e-01
-5.692310000000000425e-01
-6.796119999999999939e-02
2.222220000000000098e-02
-2.159999999999999976e-01
-6.562500000000000000e-01
-7.692309999999999426e-02
-1.149430000000000070e-02
-2.500000000000000000e-01
-6.307690000000000241e-01
-1.089109999999999939e-01
-1.789469999999999950e-01
-2.812500000000000000e-01
-7.500000000000000000e-01
9.708740000000000425e-03
-9.473679999999999601e-02
-2.187500000000000000e-01
