3.750000000000000000e-01
2.909089999999999732e-01
1.904760000000000064e-01
-1.735540000000000138e-01
2.903229999999999977e-01
2.909089999999999732e-01
9.473679999999999601e-02
-1.562500000000000000e-01
2.500000000000000000e-01
3.786410000000000053e-01
1.052630000000000059e-02
-2.187500000000000000e-01
1.612899999999999889e-01
1.538460000000000105e-01
-6.521739999999999482e-02
-3.728810000000000180e-01
-1.250000000000000000e-01
9.708740000000000425e-03
-3.493979999999999864e-01
-4.634150000000000214e-01
-1.076919999999999961e-01
9.708740000000000425e-03
-2.666669999999999874e-01
-3.920000000000000151e-01
9.375000000000000000e-02
7.692309999999999426e-02
-2.643679999999999919e-01
-4.500000000000000111e-01
1.076919999999999961e-01
2.970300000000000024e-02
-1.789469999999999950e-01
-3.437500000000000000e-01
9.375000000000000000e-02
9.708740000000000425e-03
-2.631580000000000030e-01
-3.437500000000000000e-01
