-2.812500000000000000e-01
1.818180000000000143e-02
-4.761900000000000160e-02
-1.735540000000000138e-01
-2.580649999999999888e-01
-5.454549999999999677e-02
-3.157890000000000003e-02
-1.562500000000000000e-01
-2.812500000000000000e-01
1.650490000000000013e-01
-3.157890000000000003e-02
-1.562500000000000000e-01
-4.838709999999999956e-01
-7.692309999999999426e-02
-1.521740000000000037e-01
-2.372879999999999989e-01
-4.062500000000000000e-01
9.708740000000000425e-03
-3.614459999999999895e-02
-2.357720000000000093e-01
-4.769229999999999858e-01
9.708740000000000425e-03
-1.555559999999999998e-01
-1.680000000000000104e-01
-4.062500000000000000e-01
9.615379999999999761e-02
-8.045979999999999799e-02
-1.833329999999999960e-01
-3.846149999999999847e-01
6.930690000000000461e-02
7.368420000000000525e-02
-1.562500000000000000e-01
-5.000000000000000000e-01
4.854370000000000213e-02
-9.473679999999999601e-02
-2.187500000000000000e-01
