-4.687500000000000000e-01
-5.272729999999999917e-01
-4.761900000000000022e-01
-4.710739999999999927e-01
-5.806449999999999667e-01
-5.999999999999999778e-01
-4.105260000000000020e-01
-3.125000000000000000e-01
-6.875000000000000000e-01
-5.728159999999999918e-01
-1.789469999999999950e-01
-9.375000000000000000e-02
-8.709679999999999644e-01
-8.076919999999999655e-01
-1.086960000000000010e-01
1.016949999999999937e-01
-9.687500000000000000e-01
-9.223299999999999832e-01
1.204820000000000023e-02
2.845530000000000004e-01
-8.461539999999999617e-01
-8.058250000000000135e-01
1.555559999999999998e-01
1.680000000000000104e-01
-9.062500000000000000e-01
-9.230770000000000364e-01
2.643679999999999919e-01
3.833329999999999793e-01
-9.692309999999999537e-01
-9.603960000000000274e-01
2.210529999999999995e-01
4.375000000000000000e-01
-9.062500000000000000e-01
-9.223299999999999832e-01
1.368419999999999914e-01
3.750000000000000000e-01
