3.437500000000000000e-01
1.636360000000000037e-01
7.142859999999999487e-02
-2.396689999999999932e-01
0.000000000000000000e+00
-3.454550000000000121e-01
-2.421049999999999869e-01
-2.812500000000000000e-01
-4.062500000000000000e-01
-4.757279999999999842e-01
-3.263159999999999950e-01
-2.812500000000000000e-01
2.258060000000000067e-01
1.730770000000000086e-01
4.347829999999999750e-02
-1.525420000000000109e-01
-1.562500000000000000e-01
-2.233009999999999995e-01
-1.084340000000000026e-01
-2.520330000000000070e-01
-3.538459999999999939e-01
-3.592230000000000145e-01
-2.222220000000000029e-01
-1.839999999999999969e-01
1.250000000000000000e-01
1.923080000000000067e-01
3.448280000000000095e-02
-2.500000000000000000e-01
-1.076919999999999961e-01
-8.910890000000000477e-02
-1.578950000000000076e-01
-2.187500000000000000e-01
-2.500000000000000000e-01
-2.427179999999999893e-01
-1.578950000000000076e-01
-2.187500000000000000e-01
