-5.937500000000000000e-01
-2.000000000000000111e-01
-3.571429999999999882e-01
-3.223139999999999894e-01
-5.806449999999999667e-01
-2.000000000000000111e-01
-2.210529999999999995e-01
-2.968750000000000000e-01
-5.937500000000000000e-01
-2.038830000000000087e-01
-3.052630000000000066e-01
-3.593750000000000000e-01
-6.451609999999999845e-01
-7.692309999999999426e-02
-2.173910000000000009e-01
-2.881360000000000032e-01
-6.562500000000000000e-01
-2.038830000000000087e-01
-3.012050000000000005e-01
-3.333329999999999904e-01
-6.307690000000000241e-01
-2.038830000000000087e-01
-3.111110000000000264e-01
-3.280000000000000138e-01
-6.250000000000000000e-01
-7.692309999999999426e-02
-1.954019999999999924e-01
-2.666669999999999874e-01
-5.999999999999999778e-01
-1.287129999999999941e-01
-2.842109999999999914e-01
-2.968750000000000000e-01
-5.000000000000000000e-01
-1.456310000000000104e-01
-2.000000000000000111e-01
-2.968750000000000000e-01
