-5.312500000000000000e-01
-4.363639999999999741e-01
-6.666670000000000096e-01
-6.528929999999999456e-01
-2.580649999999999888e-01
-2.545450000000000212e-01
-4.315789999999999904e-01
-4.843750000000000000e-01
-1.562500000000000000e-01
-1.262139999999999929e-01
-4.947369999999999823e-01
-5.468750000000000000e-01
-3.870970000000000244e-01
-5.000000000000000000e-01
-7.173910000000000009e-01
-8.135590000000000321e-01
-5.000000000000000000e-01
-4.951459999999999750e-01
-7.590360000000000440e-01
-7.723579999999999890e-01
-3.846149999999999847e-01
-4.368929999999999758e-01
-4.888890000000000180e-01
-5.839999999999999636e-01
-4.062500000000000000e-01
-5.384619999999999962e-01
-7.241379999999999484e-01
-8.166670000000000318e-01
-3.846149999999999847e-01
-4.653470000000000106e-01
-7.473680000000000323e-01
-7.500000000000000000e-01
-4.062500000000000000e-01
-4.174760000000000137e-01
-6.842110000000000136e-01
-6.875000000000000000e-01
