9.375000000000000000e-02
-9.090910000000000657e-02
-2.857140000000000235e-01
-4.214879999999999738e-01
0.000000000000000000e+00
-1.636360000000000037e-01
-3.894739999999999869e-01
-5.156250000000000000e-01
-1.562500000000000000e-01
-2.427179999999999893e-01
-4.736839999999999939e-01
-5.156250000000000000e-01
-1.290320000000000078e-01
0.000000000000000000e+00
-3.043480000000000074e-01
-4.576270000000000060e-01
-1.562500000000000000e-01
-6.796119999999999939e-02
-4.698800000000000199e-01
-5.447149999999999492e-01
-1.384620000000000017e-01
-6.796119999999999939e-02
-3.777780000000000027e-01
-4.239999999999999880e-01
0.000000000000000000e+00
1.923080000000000067e-01
-5.747130000000000294e-02
-2.500000000000000000e-01
1.538460000000000001e-02
1.485150000000000081e-01
-1.578950000000000076e-01
-2.656250000000000000e-01
0.000000000000000000e+00
4.854370000000000213e-02
-2.421049999999999869e-01
-3.281250000000000000e-01
