4.375000000000000000e-01
5.636360000000000259e-01
3.333329999999999904e-01
-7.438019999999999354e-02
4.838709999999999956e-01
4.909089999999999843e-01
1.368419999999999914e-01
-1.250000000000000000e-01
3.125000000000000000e-01
4.174760000000000137e-01
1.368419999999999914e-01
-1.875000000000000000e-01
8.064519999999999467e-01
6.346150000000000402e-01
4.347829999999999750e-01
3.389829999999999927e-02
6.250000000000000000e-01
5.728159999999999918e-01
3.975899999999999990e-01
-8.943089999999999373e-02
4.769229999999999858e-01
4.757279999999999842e-01
2.222220000000000029e-01
-1.360000000000000098e-01
6.562500000000000000e-01
6.923080000000000345e-01
5.172409999999999508e-01
0.000000000000000000e+00
7.846149999999999514e-01
6.633660000000000112e-01
4.526319999999999788e-01
1.562500000000000000e-02
6.562500000000000000e-01
5.339810000000000390e-01
3.473680000000000101e-01
-4.687500000000000000e-02
