9.375000000000000000e-02
1.636360000000000037e-01
-1.190480000000000010e-01
-3.553720000000000212e-01
0.000000000000000000e+00
3.636360000000000287e-02
-1.578950000000000076e-01
-3.906250000000000000e-01
-2.812500000000000000e-01
4.854370000000000213e-02
-3.263159999999999950e-01
-4.531250000000000000e-01
9.677420000000000466e-02
1.730770000000000086e-01
-1.304349999999999954e-01
-3.898309999999999831e-01
1.875000000000000000e-01
2.621359999999999801e-01
-1.084340000000000026e-01
-3.658540000000000125e-01
-1.384620000000000017e-01
1.844659999999999911e-01
-1.333330000000000071e-01
-3.599999999999999867e-01
1.250000000000000000e-01
1.153850000000000015e-01
-1.494250000000000023e-01
-4.333330000000000237e-01
1.384620000000000017e-01
3.267329999999999957e-01
-7.368420000000000525e-02
-3.281250000000000000e-01
1.250000000000000000e-01
3.009709999999999885e-01
-7.368420000000000525e-02
-3.906250000000000000e-01
