6.250000000000000000e-02
1.090909999999999935e-01
-2.142860000000000043e-01
-4.049590000000000134e-01
-3.225809999999999789e-02
-5.454549999999999677e-02
-2.631580000000000030e-01
-4.375000000000000000e-01
-1.562500000000000000e-01
9.708740000000000425e-03
-3.263159999999999950e-01
-4.375000000000000000e-01
1.612899999999999889e-01
1.153850000000000015e-01
-1.956519999999999926e-01
-3.389829999999999788e-01
1.250000000000000000e-01
-2.912620000000000139e-02
-1.807229999999999948e-01
-4.471539999999999959e-01
1.538460000000000001e-02
-2.912620000000000139e-02
-3.777780000000000027e-01
-4.879999999999999893e-01
-1.250000000000000000e-01
-7.692309999999999426e-02
-4.022990000000000177e-01
-4.500000000000000111e-01
-1.538460000000000001e-02
-4.950500000000000039e-02
-3.894739999999999869e-01
-4.687500000000000000e-01
-3.125000000000000000e-02
9.708740000000000425e-03
-3.894739999999999869e-01
-4.687500000000000000e-01
