-6.875000000000000000e-01
-5.454549999999999677e-02
-4.761900000000000160e-02
-2.561979999999999813e-01
-8.064519999999999467e-01
-5.454549999999999677e-02
-3.157890000000000003e-02
-2.343750000000000000e-01
-6.875000000000000000e-01
9.708740000000000425e-03
-3.157890000000000003e-02
-1.875000000000000000e-01
-7.419350000000000112e-01
-1.346150000000000124e-01
-2.173910000000000009e-01
-2.203390000000000071e-01
-7.500000000000000000e-01
-2.038830000000000087e-01
-2.048190000000000011e-01
-3.333329999999999904e-01
-7.230769999999999698e-01
-6.796119999999999939e-02
-1.333330000000000071e-01
-2.000000000000000111e-01
-7.187500000000000000e-01
-1.538460000000000105e-01
-1.034479999999999983e-01
-2.666669999999999874e-01
-6.923080000000000345e-01
-1.287129999999999941e-01
-2.000000000000000111e-01
-2.968750000000000000e-01
-7.187500000000000000e-01
-2.233009999999999995e-01
-2.000000000000000111e-01
-3.593750000000000000e-01
