-5.937500000000000000e-01
-5.454549999999999677e-02
-2.142860000000000043e-01
-2.892560000000000131e-01
-5.806449999999999667e-01
-1.272729999999999972e-01
-9.473679999999999601e-02
-3.125000000000000000e-01
-5.937500000000000000e-01
-1.456310000000000104e-01
-2.631580000000000030e-01
-3.750000000000000000e-01
-4.516129999999999867e-01
-3.846150000000000263e-02
-2.173910000000000078e-02
-2.203390000000000071e-01
-4.687500000000000000e-01
-1.067960000000000020e-01
-1.807229999999999948e-01
-3.821140000000000092e-01
-6.615379999999999594e-01
-3.203880000000000061e-01
-3.777780000000000027e-01
-3.760000000000000009e-01
-5.937500000000000000e-01
-1.538460000000000105e-01
-2.183910000000000018e-01
-3.333329999999999904e-01
-5.692310000000000425e-01
-1.287129999999999941e-01
-3.052630000000000066e-01
-2.968750000000000000e-01
-5.937500000000000000e-01
-1.456310000000000104e-01
-2.210529999999999995e-01
-2.968750000000000000e-01
