-1.250000000000000000e-01
4.545449999999999768e-01
4.761900000000000022e-01
4.132229999999999931e-02
-2.258060000000000067e-01
5.454550000000000232e-01
5.157890000000000530e-01
4.687500000000000000e-02
-2.500000000000000000e-01
6.504849999999999799e-01
5.157890000000000530e-01
9.375000000000000000e-02
-1.290320000000000078e-01
5.384619999999999962e-01
4.130429999999999935e-01
6.779659999999999853e-02
-1.562500000000000000e-01
5.533979999999999455e-01
6.144579999999999487e-01
8.130079999999999599e-03
-1.384620000000000017e-01
6.310679999999999623e-01
6.222220000000000528e-01
7.199999999999999456e-02
-1.875000000000000000e-01
2.307690000000000019e-01
1.724140000000000117e-01
-2.666669999999999874e-01
-2.615379999999999927e-01
3.663370000000000237e-01
3.052630000000000066e-01
-1.250000000000000000e-01
-2.812500000000000000e-01
5.922330000000000094e-01
5.157890000000000530e-01
4.687500000000000000e-02
