-1.562500000000000000e-01
-1.272729999999999972e-01
-5.714289999999999647e-01
-5.867769999999999930e-01
-1.290320000000000078e-01
1.818180000000000143e-02
-4.315789999999999904e-01
-5.468750000000000000e-01
-3.125000000000000000e-02
-6.796119999999999939e-02
-4.315789999999999904e-01
-5.468750000000000000e-01
-3.225809999999999789e-02
-7.692309999999999426e-02
-4.130429999999999935e-01
-5.593219999999999859e-01
-1.875000000000000000e-01
-6.796119999999999939e-02
-5.180719999999999770e-01
-5.934960000000000235e-01
-1.692309999999999925e-01
-6.796119999999999939e-02
-2.444439999999999946e-01
-4.560000000000000164e-01
-1.562500000000000000e-01
-3.846150000000000263e-02
-3.333329999999999904e-01
-5.666670000000000318e-01
-1.384620000000000017e-01
-9.900990000000000138e-03
-4.736839999999999939e-01
-5.156250000000000000e-01
-2.812500000000000000e-01
-1.067960000000000020e-01
-3.263159999999999950e-01
-5.625000000000000000e-01
