3.750000000000000000e-01
3.090910000000000046e-01
1.428570000000000118e-01
-2.561979999999999813e-01
4.193549999999999778e-01
3.090910000000000046e-01
1.368419999999999914e-01
-1.875000000000000000e-01
1.250000000000000000e-01
3.980580000000000229e-01
1.368419999999999914e-01
-1.875000000000000000e-01
4.193549999999999778e-01
3.846149999999999847e-01
1.086960000000000010e-01
-2.203390000000000071e-01
3.750000000000000000e-01
3.980580000000000229e-01
1.566269999999999885e-01
-2.682930000000000037e-01
3.846149999999999847e-01
4.757279999999999842e-01
2.000000000000000111e-01
-2.000000000000000111e-01
7.187500000000000000e-01
8.461539999999999617e-01
7.011490000000000222e-01
1.000000000000000056e-01
3.230770000000000031e-01
4.455450000000000244e-01
2.210529999999999995e-01
-1.250000000000000000e-01
3.125000000000000000e-01
4.174760000000000137e-01
2.210529999999999995e-01
-1.875000000000000000e-01
