-5.937500000000000000e-01
-5.454549999999999677e-02
-1.190480000000000010e-01
-3.388430000000000053e-01
-6.774189999999999934e-01
-5.454549999999999677e-02
-1.052630000000000059e-02
-2.031250000000000000e-01
-5.937500000000000000e-01
1.067960000000000020e-01
-1.052630000000000059e-02
-1.562500000000000000e-01
-4.516129999999999867e-01
-3.846150000000000263e-02
-2.173910000000000078e-02
-2.711859999999999826e-01
-4.687500000000000000e-01
4.854370000000000213e-02
1.204820000000000023e-02
-2.032519999999999882e-01
-4.461539999999999950e-01
1.262139999999999929e-01
6.666669999999999541e-02
-2.000000000000000111e-01
-5.000000000000000000e-01
1.538460000000000105e-01
1.724140000000000117e-01
-1.499999999999999944e-01
-4.769229999999999858e-01
1.881190000000000084e-01
5.263160000000000061e-02
-1.875000000000000000e-01
-5.000000000000000000e-01
1.650490000000000013e-01
5.263160000000000061e-02
-2.343750000000000000e-01
