6.562500000000000000e-01
4.545449999999999768e-01
2.619049999999999989e-01
-2.479340000000000016e-02
7.096770000000000023e-01
5.272729999999999917e-01
3.263159999999999950e-01
-1.562500000000000000e-02
6.562500000000000000e-01
7.281549999999999967e-01
4.315789999999999904e-01
-1.562500000000000000e-02
6.129029999999999756e-01
5.769229999999999636e-01
3.913039999999999852e-01
-5.084749999999999687e-02
5.625000000000000000e-01
5.922330000000000094e-01
3.493979999999999864e-01
-1.056909999999999933e-01
5.692310000000000425e-01
5.922330000000000094e-01
3.777780000000000027e-01
-4.000000000000000083e-02
7.500000000000000000e-01
6.346150000000000402e-01
4.022990000000000177e-01
-6.666669999999999541e-02
6.307690000000000241e-01
6.039600000000000524e-01
2.631580000000000030e-01
-4.687500000000000000e-02
4.687500000000000000e-01
5.728159999999999918e-01
2.631580000000000030e-01
-4.687500000000000000e-02
