-5.937500000000000000e-01
-5.272729999999999917e-01
-3.809520000000000128e-01
-1.735540000000000138e-01
-6.774189999999999934e-01
-7.090910000000000268e-01
-1.052630000000000059e-02
1.250000000000000000e-01
-8.750000000000000000e-01
-8.058250000000000135e-01
7.368420000000000525e-02
2.343750000000000000e-01
-8.709679999999999644e-01
-9.615380000000000038e-01
3.478260000000000240e-01
5.423729999999999940e-01
-8.750000000000000000e-01
-9.611650000000000471e-01
2.048190000000000011e-01
2.845530000000000004e-01
-8.461539999999999617e-01
-9.223299999999999832e-01
2.444439999999999946e-01
3.920000000000000151e-01
-9.062500000000000000e-01
-9.615380000000000038e-01
5.862070000000000336e-01
6.833329999999999682e-01
-8.769230000000000080e-01
-9.603960000000000274e-01
5.157890000000000530e-01
5.468750000000000000e-01
-9.062500000000000000e-01
-9.611650000000000471e-01
5.157890000000000530e-01
5.468750000000000000e-01
