5.000000000000000000e-01
5.272729999999999917e-01
3.095240000000000213e-01
-1.074380000000000057e-01
5.483869999999999578e-01
3.636360000000000148e-01
2.842109999999999914e-01
-1.562500000000000000e-01
3.750000000000000000e-01
4.563110000000000221e-01
1.789469999999999950e-01
-1.562500000000000000e-01
5.483869999999999578e-01
4.615380000000000038e-01
4.130429999999999935e-01
-1.186439999999999995e-01
5.000000000000000000e-01
3.980580000000000229e-01
2.530120000000000147e-01
-1.707319999999999949e-01
3.846149999999999847e-01
4.757279999999999842e-01
2.888890000000000069e-01
-1.039999999999999952e-01
5.000000000000000000e-01
5.384619999999999962e-01
2.873560000000000003e-01
-1.166670000000000068e-01
5.076920000000000321e-01
5.049500000000000099e-01
3.263159999999999950e-01
-9.375000000000000000e-02
5.000000000000000000e-01
4.757279999999999842e-01
2.421049999999999869e-01
-9.375000000000000000e-02
