-1.562500000000000000e-01
-1.272729999999999972e-01
-4.047620000000000107e-01
-5.867769999999999930e-01
-1.290320000000000078e-01
-1.272729999999999972e-01
-4.315789999999999904e-01
-4.843750000000000000e-01
-1.562500000000000000e-01
-1.262139999999999929e-01
-4.315789999999999904e-01
-4.843750000000000000e-01
-2.580649999999999888e-01
-1.538460000000000105e-01
-2.391300000000000092e-01
-3.728810000000000180e-01
-2.812500000000000000e-01
-3.009709999999999885e-01
-2.289160000000000084e-01
-3.495929999999999871e-01
-2.615379999999999927e-01
-3.592230000000000145e-01
-1.555559999999999998e-01
-1.039999999999999952e-01
-4.062500000000000000e-01
-3.653850000000000153e-01
-1.494250000000000023e-01
-1.833329999999999960e-01
-3.846149999999999847e-01
-4.059409999999999963e-01
-1.052630000000000059e-02
-1.093750000000000000e-01
-4.062500000000000000e-01
-4.174760000000000137e-01
-1.052630000000000059e-02
-1.093750000000000000e-01
