6.250000000000000000e-01
5.454550000000000232e-01
5.000000000000000000e-01
-5.785119999999999846e-02
6.774189999999999934e-01
5.454550000000000232e-01
3.473680000000000101e-01
1.562500000000000000e-02
6.250000000000000000e-01
6.504849999999999799e-01
4.526319999999999788e-01
1.562500000000000000e-02
7.096770000000000023e-01
6.923080000000000345e-01
4.347829999999999750e-01
3.389829999999999927e-02
5.312500000000000000e-01
7.087379999999999791e-01
5.180719999999999770e-01
-8.943089999999999373e-02
5.384619999999999962e-01
7.087379999999999791e-01
4.222219999999999862e-01
4.000000000000000083e-02
5.000000000000000000e-01
6.153849999999999598e-01
4.252870000000000261e-01
-5.000000000000000278e-02
5.076920000000000321e-01
4.851489999999999969e-01
2.842109999999999914e-01
-9.375000000000000000e-02
3.750000000000000000e-01
5.339810000000000390e-01
2.842109999999999914e-01
-3.125000000000000000e-02
