-3.125000000000000000e-02
-9.090910000000000657e-02
-3.809520000000000128e-01
-4.214879999999999738e-01
0.000000000000000000e+00
1.090909999999999935e-01
-9.473679999999999601e-02
-3.281250000000000000e-01
9.375000000000000000e-02
1.067960000000000020e-01
-1.578950000000000076e-01
-3.906250000000000000e-01
-3.225809999999999789e-02
0.000000000000000000e+00
-3.043480000000000074e-01
-4.576270000000000060e-01
-1.562500000000000000e-01
9.708740000000000425e-03
-3.734939999999999927e-01
-4.959350000000000147e-01
-1.384620000000000017e-01
9.708740000000000425e-03
-3.777780000000000027e-01
-4.239999999999999880e-01
1.250000000000000000e-01
-3.846150000000000263e-02
-1.494250000000000023e-01
-4.333330000000000237e-01
1.538460000000000001e-02
-9.900990000000000138e-03
-4.105260000000000020e-01
-5.000000000000000000e-01
-1.250000000000000000e-01
-1.844659999999999911e-01
-5.578950000000000298e-01
-5.625000000000000000e-01
