5.000000000000000000e-01
2.363639999999999908e-01
2.619049999999999989e-01
-1.074380000000000057e-01
7.096770000000000023e-01
3.818179999999999907e-01
3.263159999999999950e-01
-1.562500000000000000e-02
5.000000000000000000e-01
5.533979999999999455e-01
4.315789999999999904e-01
4.687500000000000000e-02
2.258060000000000067e-01
2.307690000000000019e-01
2.173910000000000078e-02
-1.864409999999999956e-01
4.375000000000000000e-01
4.951459999999999750e-01
3.493979999999999864e-01
-5.691059999999999869e-02
4.461539999999999950e-01
4.174760000000000137e-01
2.888890000000000069e-01
8.000000000000000167e-03
4.687500000000000000e-01
4.615380000000000038e-01
4.022990000000000177e-01
-6.666669999999999541e-02
6.307690000000000241e-01
6.039600000000000524e-01
3.473680000000000101e-01
7.812500000000000000e-02
4.687500000000000000e-01
6.504849999999999799e-01
3.473680000000000101e-01
1.562500000000000000e-02
