-6.250000000000000000e-02
-5.454549999999999677e-02
-4.285709999999999797e-01
-4.545449999999999768e-01
-1.612899999999999889e-01
-1.272729999999999972e-01
-3.684209999999999985e-01
-5.312500000000000000e-01
-1.875000000000000000e-01
9.708740000000000425e-03
-3.684209999999999985e-01
-5.312500000000000000e-01
0.000000000000000000e+00
1.730770000000000086e-01
-1.304349999999999954e-01
-4.067799999999999749e-01
-1.562500000000000000e-01
-2.912620000000000139e-02
-3.734939999999999927e-01
-5.121949999999999559e-01
-1.384620000000000017e-01
4.854370000000000213e-02
-2.000000000000000111e-01
-4.400000000000000022e-01
1.875000000000000000e-01
2.500000000000000000e-01
-8.045979999999999799e-02
-3.499999999999999778e-01
-4.615380000000000177e-02
1.287129999999999941e-01
-2.631580000000000030e-01
-4.843750000000000000e-01
-1.562500000000000000e-01
9.708740000000000425e-03
-2.631580000000000030e-01
-4.375000000000000000e-01
