-5.000000000000000000e-01
1.818180000000000143e-02
-1.428570000000000118e-01
-2.066119999999999901e-01
-4.838709999999999956e-01
1.818180000000000143e-02
5.263160000000000061e-02
-2.343750000000000000e-01
-4.062500000000000000e-01
1.650490000000000013e-01
-3.157890000000000003e-02
-1.875000000000000000e-01
-4.838709999999999956e-01
1.730770000000000086e-01
-4.347829999999999750e-02
-1.525420000000000109e-01
-6.250000000000000000e-01
1.067960000000000020e-01
-1.204820000000000023e-02
-2.032519999999999882e-01
-4.769229999999999858e-01
4.854370000000000213e-02
4.444440000000000196e-02
-2.000000000000000111e-01
-4.687500000000000000e-01
0.000000000000000000e+00
1.149430000000000070e-02
-2.333330000000000126e-01
-4.461539999999999950e-01
-4.950500000000000039e-02
-1.052630000000000059e-02
-2.656250000000000000e-01
-4.687500000000000000e-01
9.708740000000000425e-03
-9.473679999999999601e-02
-2.031250000000000000e-01
