0.000000000000000000e+00
-1.818180000000000143e-02
9.523810000000000608e-02
-1.074380000000000057e-01
2.903229999999999977e-01
2.181819999999999871e-01
2.842109999999999914e-01
-3.125000000000000000e-02
3.750000000000000000e-01
5.339810000000000390e-01
2.842109999999999914e-01
-3.125000000000000000e-02
4.193549999999999778e-01
5.384619999999999962e-01
4.130429999999999935e-01
6.779659999999999853e-02
3.750000000000000000e-01
6.504849999999999799e-01
4.939760000000000262e-01
8.130079999999999599e-03
6.307690000000000241e-01
7.281549999999999967e-01
7.333330000000000126e-01
1.839999999999999969e-01
9.375000000000000000e-02
3.846149999999999847e-01
2.873560000000000003e-01
3.333330000000000320e-02
1.076919999999999961e-01
4.257429999999999826e-01
3.263159999999999950e-01
-1.562500000000000000e-02
9.375000000000000000e-02
5.533979999999999455e-01
3.263159999999999950e-01
-1.562500000000000000e-02
