-1.875000000000000000e-01
-1.272729999999999972e-01
-3.333329999999999904e-01
-3.884299999999999975e-01
-1.612899999999999889e-01
-2.000000000000000111e-01
-2.842109999999999914e-01
-3.593750000000000000e-01
-1.875000000000000000e-01
-1.456310000000000104e-01
-3.684209999999999985e-01
-4.218750000000000000e-01
-1.290320000000000078e-01
-1.153850000000000015e-01
-1.956519999999999926e-01
-2.881360000000000032e-01
-2.812500000000000000e-01
-1.650490000000000013e-01
-2.771080000000000210e-01
-3.333329999999999904e-01
-2.615379999999999927e-01
-1.650490000000000013e-01
-2.888890000000000069e-01
-3.119999999999999996e-01
-1.562500000000000000e-01
-7.692309999999999426e-02
-1.724140000000000117e-01
-2.333330000000000126e-01
-1.384620000000000017e-01
2.970300000000000024e-02
-9.473679999999999601e-02
-2.656250000000000000e-01
-6.250000000000000000e-02
-6.796119999999999939e-02
-1.789469999999999950e-01
-2.656250000000000000e-01
