-8.750000000000000000e-01
-9.272730000000000139e-01
3.809520000000000128e-01
7.024789999999999646e-01
-8.709679999999999644e-01
-9.272730000000000139e-01
2.631580000000000030e-01
7.343750000000000000e-01
-8.750000000000000000e-01
-9.223299999999999832e-01
3.473680000000000101e-01
7.343750000000000000e-01
-6.774189999999999934e-01
-9.230770000000000364e-01
3.478260000000000240e-01
6.101689999999999614e-01
-7.812500000000000000e-01
-9.223299999999999832e-01
3.253010000000000068e-01
5.772359999999999713e-01
-7.538460000000000161e-01
-8.640780000000000127e-01
3.555559999999999832e-01
5.839999999999999636e-01
-3.750000000000000000e-01
-2.884619999999999962e-01
8.045979999999999799e-02
8.333329999999999904e-02
-5.692310000000000425e-01
-5.247519999999999962e-01
1.368419999999999914e-01
3.281250000000000000e-01
-6.875000000000000000e-01
-8.252429999999999488e-01
3.263159999999999950e-01
5.468750000000000000e-01
