6.250000000000000000e-02
9.090910000000000657e-02
-1.428570000000000118e-01
-4.545449999999999768e-01
9.677420000000000466e-02
1.818180000000000143e-02
-2.000000000000000111e-01
-4.218750000000000000e-01
-6.250000000000000000e-02
8.737860000000000071e-02
-2.842109999999999914e-01
-3.593750000000000000e-01
-1.290320000000000078e-01
-1.153850000000000015e-01
-3.695649999999999769e-01
-5.423729999999999940e-01
-1.562500000000000000e-01
-1.067960000000000020e-01
-4.457829999999999848e-01
-6.260160000000000169e-01
-2.615379999999999927e-01
-1.067960000000000020e-01
-5.111109999999999820e-01
-5.520000000000000462e-01
-2.812500000000000000e-01
-2.307690000000000019e-01
-3.333329999999999904e-01
-5.999999999999999778e-01
-2.615379999999999927e-01
-1.287129999999999941e-01
-4.947369999999999823e-01
-5.468750000000000000e-01
-2.812500000000000000e-01
-1.456310000000000104e-01
-4.947369999999999823e-01
-5.468750000000000000e-01
