-2.500000000000000000e-01
-1.272729999999999972e-01
-1.666670000000000096e-01
-2.561979999999999813e-01
0.000000000000000000e+00
9.090910000000000657e-02
5.263160000000000061e-02
-1.875000000000000000e-01
2.500000000000000000e-01
3.980580000000000229e-01
2.210529999999999995e-01
-7.812500000000000000e-02
1.290320000000000078e-01
3.846149999999999847e-01
2.173910000000000009e-01
-1.525420000000000109e-01
9.375000000000000000e-02
5.533979999999999455e-01
3.734939999999999927e-01
-5.691059999999999869e-02
1.076919999999999961e-01
4.757279999999999842e-01
4.000000000000000222e-01
7.199999999999999456e-02
1.875000000000000000e-01
5.769229999999999636e-01
3.563220000000000276e-01
-3.333330000000000320e-02
7.692309999999999426e-02
4.455450000000000244e-01
3.052630000000000066e-01
-1.562500000000000000e-02
-6.250000000000000000e-02
4.174760000000000137e-01
3.052630000000000066e-01
-1.562500000000000000e-02
