7.812500000000000000e-01
5.999999999999999778e-01
3.809520000000000128e-01
5.785119999999999846e-02
8.387099999999999556e-01
5.999999999999999778e-01
3.473680000000000101e-01
1.562500000000000000e-02
7.812500000000000000e-01
7.087379999999999791e-01
3.473680000000000101e-01
-4.687500000000000000e-02
5.483869999999999578e-01
6.153849999999999598e-01
3.478260000000000240e-01
-1.694920000000000107e-02
5.000000000000000000e-01
5.339810000000000390e-01
3.253010000000000068e-01
-1.382110000000000005e-01
5.076920000000000321e-01
4.563110000000000221e-01
2.444439999999999946e-01
-1.360000000000000098e-01
3.750000000000000000e-01
3.846149999999999847e-01
1.724140000000000117e-01
-2.666669999999999874e-01
3.846149999999999847e-01
3.465349999999999819e-01
1.368419999999999914e-01
-2.343750000000000000e-01
3.750000000000000000e-01
3.203880000000000061e-01
1.368419999999999914e-01
-1.875000000000000000e-01
