-3.750000000000000000e-01
1.818180000000000074e-01
2.857140000000000235e-01
-1.735540000000000138e-01
-2.580649999999999888e-01
3.636360000000000148e-01
2.631580000000000030e-01
1.562500000000000000e-02
-2.812500000000000000e-01
5.339810000000000390e-01
3.473680000000000101e-01
-4.687500000000000000e-02
-6.774189999999999934e-01
-3.269230000000000191e-01
6.521739999999999482e-02
1.016949999999999937e-01
-5.937500000000000000e-01
-2.427179999999999893e-01
2.048190000000000011e-01
-7.317070000000000518e-02
-3.538459999999999939e-01
3.009709999999999885e-01
3.555559999999999832e-01
-7.199999999999999456e-02
-9.062500000000000000e-01
-9.230770000000000364e-01
4.942529999999999979e-01
6.333330000000000348e-01
-8.769230000000000080e-01
-8.613859999999999850e-01
4.315789999999999904e-01
5.000000000000000000e-01
-8.125000000000000000e-01
-5.922330000000000094e-01
2.210529999999999995e-01
2.187500000000000000e-01
