-2.812500000000000000e-01
-2.727269999999999972e-01
-6.904759999999999787e-01
-6.363640000000000407e-01
-2.580649999999999888e-01
-2.000000000000000111e-01
-5.157890000000000530e-01
-5.312500000000000000e-01
-2.812500000000000000e-01
-6.796119999999999939e-02
-4.526319999999999788e-01
-5.312500000000000000e-01
0.000000000000000000e+00
3.846150000000000263e-02
-5.217389999999999528e-01
-4.067799999999999749e-01
9.375000000000000000e-02
1.844659999999999911e-01
-1.807229999999999948e-01
-3.821140000000000092e-01
2.307690000000000019e-01
3.203880000000000061e-01
1.333330000000000071e-01
-2.000000000000000111e-01
4.062500000000000000e-01
4.423079999999999790e-01
4.022990000000000177e-01
-1.833329999999999960e-01
4.153850000000000042e-01
4.851489999999999969e-01
2.631580000000000030e-01
-9.375000000000000000e-02
5.312500000000000000e-01
5.339810000000000390e-01
2.631580000000000030e-01
-9.375000000000000000e-02
