-1.250000000000000000e-01
1.818180000000000143e-02
-2.619049999999999989e-01
-5.041320000000000245e-01
-2.258060000000000067e-01
1.818180000000000143e-02
-3.052630000000000066e-01
-4.062500000000000000e-01
-1.250000000000000000e-01
9.708740000000000425e-03
-3.052630000000000066e-01
-4.687500000000000000e-01
0.000000000000000000e+00
7.692309999999999426e-02
-1.304349999999999954e-01
-4.237290000000000223e-01
-1.562500000000000000e-01
9.708740000000000425e-03
-3.012050000000000005e-01
-5.447149999999999492e-01
-2.615379999999999927e-01
-6.796119999999999939e-02
-2.222220000000000029e-01
-4.719999999999999751e-01
1.875000000000000000e-01
3.269230000000000191e-01
-1.034479999999999983e-01
-3.333329999999999904e-01
7.692309999999999426e-02
1.881190000000000084e-01
-2.000000000000000111e-01
-3.593750000000000000e-01
-1.875000000000000000e-01
9.708740000000000425e-03
-3.684209999999999985e-01
-4.218750000000000000e-01
