-6.250000000000000000e-01
3.636360000000000287e-02
1.666670000000000096e-01
-1.239669999999999939e-01
-6.129029999999999756e-01
-1.818180000000000143e-02
7.368420000000000525e-02
-2.187500000000000000e-01
-7.187500000000000000e-01
-1.067960000000000020e-01
-1.052630000000000059e-02
-2.187500000000000000e-01
-6.774189999999999934e-01
-7.692309999999999426e-02
-4.347829999999999750e-02
-2.711859999999999826e-01
-6.875000000000000000e-01
-1.456310000000000104e-01
-1.084340000000000026e-01
-3.170729999999999937e-01
-7.538460000000000161e-01
-2.233009999999999995e-01
-1.333330000000000071e-01
-2.959999999999999853e-01
-6.875000000000000000e-01
-2.500000000000000000e-01
-3.333329999999999904e-01
-3.666670000000000207e-01
-5.692310000000000425e-01
-1.683169999999999944e-01
-2.421049999999999869e-01
-3.281250000000000000e-01
-6.875000000000000000e-01
-2.427179999999999893e-01
-3.263159999999999950e-01
-2.656250000000000000e-01
