-2.812500000000000000e-01
-2.181819999999999871e-01
-5.476189999999999669e-01
-6.033060000000000089e-01
-2.580649999999999888e-01
-2.181819999999999871e-01
-5.368420000000000414e-01
-6.250000000000000000e-01
-1.562500000000000000e-01
-2.427179999999999893e-01
-5.368420000000000414e-01
-6.250000000000000000e-01
-3.548390000000000155e-01
-2.307690000000000019e-01
-6.304349999999999676e-01
-6.949149999999999494e-01
-2.812500000000000000e-01
-2.233009999999999995e-01
-5.662650000000000183e-01
-6.585370000000000390e-01
-1.384620000000000017e-01
-2.233009999999999995e-01
-5.555560000000000498e-01
-5.839999999999999636e-01
-2.500000000000000000e-01
-1.923080000000000067e-01
-6.781610000000000138e-01
-6.666670000000000096e-01
-2.307690000000000019e-01
-1.683169999999999944e-01
-5.578950000000000298e-01
-6.093750000000000000e-01
-2.500000000000000000e-01
-2.427179999999999893e-01
-6.421050000000000368e-01
-6.093750000000000000e-01
