-8.125000000000000000e-01
-8.727270000000000305e-01
6.190480000000000427e-01
6.198350000000000248e-01
-8.064519999999999467e-01
-9.090909999999999824e-01
5.578950000000000298e-01
7.187500000000000000e-01
-8.125000000000000000e-01
-9.417480000000000295e-01
4.526319999999999788e-01
5.937500000000000000e-01
-7.741940000000000488e-01
-8.076919999999999655e-01
2.391300000000000092e-01
5.084750000000000103e-01
-8.750000000000000000e-01
-8.058250000000000135e-01
6.385539999999999550e-01
6.585370000000000390e-01
-7.538460000000000161e-01
-8.058250000000000135e-01
5.333329999999999460e-01
6.640000000000000346e-01
-4.687500000000000000e-01
-4.615380000000000038e-01
3.448280000000000095e-02
6.666669999999999541e-02
-4.461539999999999950e-01
-4.455450000000000244e-01
2.842109999999999914e-01
1.406250000000000000e-01
-3.750000000000000000e-01
-1.844659999999999911e-01
9.473679999999999601e-02
-9.375000000000000000e-02
