-6.875000000000000000e-01
-2.363639999999999908e-01
-1.904760000000000064e-01
-2.892560000000000131e-01
-6.774189999999999934e-01
-2.363639999999999908e-01
-1.578950000000000076e-01
-2.656250000000000000e-01
-6.875000000000000000e-01
-1.067960000000000020e-01
-7.368420000000000525e-02
-2.656250000000000000e-01
-8.064519999999999467e-01
-1.538460000000000105e-01
-2.608699999999999908e-01
-3.050849999999999951e-01
-6.875000000000000000e-01
-1.456310000000000104e-01
-2.530120000000000147e-01
-3.495929999999999871e-01
-6.615379999999999594e-01
-6.796119999999999939e-02
-8.888890000000000680e-02
-2.159999999999999976e-01
-6.562500000000000000e-01
7.692309999999999426e-02
8.045979999999999799e-02
-1.833329999999999960e-01
-6.307690000000000241e-01
2.970300000000000024e-02
-3.157890000000000003e-02
-2.187500000000000000e-01
-6.562500000000000000e-01
-6.796119999999999939e-02
-3.157890000000000003e-02
-2.187500000000000000e-01
