1.250000000000000000e-01
1.636360000000000037e-01
-4.761900000000000160e-02
-3.223139999999999894e-01
1.612899999999999889e-01
1.636360000000000037e-01
-3.157890000000000003e-02
-2.968750000000000000e-01
1.250000000000000000e-01
2.427179999999999893e-01
5.263160000000000061e-02
-2.968750000000000000e-01
0.000000000000000000e+00
1.538460000000000105e-01
-2.173910000000000009e-01
-3.559320000000000261e-01
9.375000000000000000e-02
8.737860000000000071e-02
-2.048190000000000011e-01
-3.983740000000000059e-01
1.076919999999999961e-01
1.650490000000000013e-01
-4.444440000000000196e-02
-3.280000000000000138e-01
-6.250000000000000000e-02
1.538460000000000105e-01
-1.954019999999999924e-01
-4.000000000000000222e-01
-1.692309999999999925e-01
1.089109999999999939e-01
-2.000000000000000111e-01
-3.593750000000000000e-01
-6.250000000000000000e-02
8.737860000000000071e-02
-1.157890000000000030e-01
-3.593750000000000000e-01
