-2.812500000000000000e-01
-2.000000000000000111e-01
-6.904759999999999787e-01
-6.363640000000000407e-01
-2.580649999999999888e-01
-2.000000000000000111e-01
-4.526319999999999788e-01
-5.937500000000000000e-01
-2.812500000000000000e-01
-1.456310000000000104e-01
-4.526319999999999788e-01
-5.312500000000000000e-01
-2.580649999999999888e-01
-1.730770000000000086e-01
-5.217389999999999528e-01
-5.932199999999999696e-01
-1.562500000000000000e-01
-1.067960000000000020e-01
-4.457829999999999848e-01
-6.260160000000000169e-01
-1.384620000000000017e-01
-1.067960000000000020e-01
-4.444440000000000057e-01
-5.040000000000000036e-01
-1.562500000000000000e-01
-1.538460000000000105e-01
-4.252870000000000261e-01
-5.999999999999999778e-01
-2.615379999999999927e-01
-4.950500000000000039e-02
-4.105260000000000020e-01
-5.468750000000000000e-01
-2.812500000000000000e-01
-1.456310000000000104e-01
-4.947369999999999823e-01
-5.468750000000000000e-01
