5.000000000000000000e-01
3.818179999999999907e-01
2.619049999999999989e-01
-1.735540000000000138e-01
5.483869999999999578e-01
3.818179999999999907e-01
2.421049999999999869e-01
-1.562500000000000000e-01
5.000000000000000000e-01
5.533979999999999455e-01
2.421049999999999869e-01
-9.375000000000000000e-02
6.129029999999999756e-01
4.038459999999999828e-01
2.173910000000000078e-02
-1.864409999999999956e-01
4.375000000000000000e-01
4.174760000000000137e-01
2.530120000000000147e-01
-2.357720000000000093e-01
4.461539999999999950e-01
4.174760000000000137e-01
2.000000000000000111e-01
-1.680000000000000104e-01
3.437500000000000000e-01
3.846149999999999847e-01
1.034479999999999983e-01
-1.833329999999999960e-01
3.538459999999999939e-01
3.465349999999999819e-01
-1.052630000000000059e-02
-2.187500000000000000e-01
3.437500000000000000e-01
3.203880000000000061e-01
7.368420000000000525e-02
-1.562500000000000000e-01
