-8.750000000000000000e-01
-9.636360000000000481e-01
3.809520000000000128e-01
7.024789999999999646e-01
-8.709679999999999644e-01
-9.636360000000000481e-01
3.473680000000000101e-01
6.250000000000000000e-01
-7.812500000000000000e-01
-8.058250000000000135e-01
3.473680000000000101e-01
4.531250000000000000e-01
-7.741940000000000488e-01
-9.230770000000000364e-01
2.608699999999999908e-01
5.423729999999999940e-01
-7.812500000000000000e-01
-8.058250000000000135e-01
2.048190000000000011e-01
4.634150000000000214e-01
-6.615379999999999594e-01
-6.893200000000000438e-01
6.666669999999999541e-02
2.800000000000000266e-01
-6.875000000000000000e-01
-4.230769999999999809e-01
-1.149430000000000070e-02
3.333330000000000320e-02
-4.769229999999999858e-01
-3.267329999999999957e-01
-3.157890000000000003e-02
-7.812500000000000000e-02
-5.000000000000000000e-01
-3.398059999999999969e-01
-1.368419999999999914e-01
-1.250000000000000000e-01
