1.875000000000000000e-01
1.636360000000000037e-01
-4.761900000000000160e-02
-3.223139999999999894e-01
-1.612899999999999889e-01
-5.454549999999999677e-02
-2.842109999999999914e-01
-4.218750000000000000e-01
-1.875000000000000000e-01
9.708740000000000425e-03
-3.684209999999999985e-01
-4.687500000000000000e-01
2.580649999999999888e-01
2.307690000000000019e-01
-1.304349999999999954e-01
-3.389829999999999788e-01
-3.125000000000000000e-02
4.854370000000000213e-02
-3.734939999999999927e-01
-5.121949999999999559e-01
-1.538460000000000001e-02
4.854370000000000213e-02
-1.111110000000000014e-01
-3.760000000000000009e-01
3.125000000000000000e-01
1.730770000000000086e-01
1.034479999999999983e-01
-2.999999999999999889e-01
-1.384620000000000017e-01
-1.287129999999999941e-01
-9.473679999999999601e-02
-4.375000000000000000e-01
6.250000000000000000e-02
1.844659999999999911e-01
-1.052630000000000059e-02
-2.031250000000000000e-01
