-1.562500000000000000e-01
4.545449999999999768e-01
3.571429999999999882e-01
4.132229999999999931e-02
-1.290320000000000078e-01
5.272729999999999917e-01
4.315789999999999904e-01
4.687500000000000000e-02
-3.125000000000000000e-02
7.281549999999999967e-01
5.368420000000000414e-01
1.093750000000000000e-01
-1.612899999999999889e-01
5.769229999999999636e-01
3.913039999999999852e-01
6.779659999999999853e-02
-1.875000000000000000e-01
5.922330000000000094e-01
3.493979999999999864e-01
8.130079999999999599e-03
-1.692309999999999925e-01
5.922330000000000094e-01
5.999999999999999778e-01
1.360000000000000098e-01
-3.125000000000000000e-02
5.576919999999999655e-01
5.172409999999999508e-01
6.666669999999999541e-02
-1.384620000000000017e-01
6.831679999999999975e-01
3.473680000000000101e-01
7.812500000000000000e-02
-1.562500000000000000e-01
5.728159999999999918e-01
5.578950000000000298e-01
7.812500000000000000e-02
