1.250000000000000000e-01
2.909089999999999732e-01
9.523810000000000608e-02
-3.553720000000000212e-01
1.612899999999999889e-01
2.181819999999999871e-01
-1.578950000000000076e-01
-2.656250000000000000e-01
1.250000000000000000e-01
2.038830000000000087e-01
-7.368420000000000525e-02
-2.656250000000000000e-01
1.612899999999999889e-01
3.076920000000000210e-01
2.173910000000000078e-02
-2.372879999999999989e-01
1.250000000000000000e-01
2.427179999999999893e-01
6.024100000000000288e-02
-3.495929999999999871e-01
1.384620000000000017e-01
1.650490000000000013e-01
1.111110000000000014e-01
-2.800000000000000266e-01
2.187500000000000000e-01
1.538460000000000105e-01
-8.045979999999999799e-02
-3.833329999999999793e-01
2.307690000000000019e-01
1.881190000000000084e-01
-9.473679999999999601e-02
-4.062500000000000000e-01
9.375000000000000000e-02
1.650490000000000013e-01
-3.157890000000000003e-02
-3.437500000000000000e-01
