-7.500000000000000000e-01
-9.090909999999999824e-01
8.571429999999999882e-01
6.528929999999999456e-01
-7.419350000000000112e-01
-8.727270000000000305e-01
5.368420000000000414e-01
6.250000000000000000e-01
-7.500000000000000000e-01
-8.058250000000000135e-01
4.315789999999999904e-01
5.000000000000000000e-01
-7.096770000000000023e-01
-9.038460000000000383e-01
6.086960000000000148e-01
6.949149999999999494e-01
-8.125000000000000000e-01
-8.640780000000000127e-01
7.108430000000000026e-01
5.447149999999999492e-01
-6.923080000000000345e-01
-9.029129999999999656e-01
7.111110000000000486e-01
6.640000000000000346e-01
-9.375000000000000000e-01
-9.038460000000000383e-01
6.321839999999999682e-01
6.833329999999999682e-01
-7.846149999999999514e-01
-9.009899999999999576e-01
4.526319999999999788e-01
6.562500000000000000e-01
-8.125000000000000000e-01
-9.029129999999999656e-01
4.526319999999999788e-01
5.937500000000000000e-01
