4.062500000000000000e-01
4.363639999999999741e-01
3.809520000000000128e-01
-1.074380000000000057e-01
5.806449999999999667e-01
2.727269999999999972e-01
1.578950000000000076e-01
-1.562500000000000000e-01
4.062500000000000000e-01
4.563110000000000221e-01
1.578950000000000076e-01
-9.375000000000000000e-02
6.774189999999999934e-01
5.192309999999999981e-01
2.608699999999999908e-01
-8.474579999999999613e-02
5.000000000000000000e-01
4.563110000000000221e-01
2.048190000000000011e-01
-2.032519999999999882e-01
5.076920000000000321e-01
5.339810000000000390e-01
2.444439999999999946e-01
-1.360000000000000098e-01
5.000000000000000000e-01
5.384619999999999962e-01
3.793099999999999805e-01
-1.499999999999999944e-01
5.076920000000000321e-01
5.049500000000000099e-01
2.210529999999999995e-01
-1.250000000000000000e-01
5.000000000000000000e-01
5.533979999999999455e-01
3.263159999999999950e-01
-7.812500000000000000e-02
