6.250000000000000000e-02
3.636360000000000287e-02
-2.380950000000000080e-02
-2.892560000000000131e-01
9.677420000000000466e-02
1.090909999999999935e-01
-1.052630000000000059e-02
-2.656250000000000000e-01
6.250000000000000000e-02
9.708740000000000425e-03
-1.789469999999999950e-01
-3.125000000000000000e-01
3.225809999999999789e-02
1.153850000000000015e-01
-2.173910000000000078e-02
-2.203390000000000071e-01
-1.250000000000000000e-01
2.038830000000000087e-01
-8.433730000000000393e-02
-2.032519999999999882e-01
-1.076919999999999961e-01
1.262139999999999929e-01
6.666669999999999541e-02
-7.199999999999999456e-02
1.250000000000000000e-01
3.846149999999999847e-01
2.643679999999999919e-01
-1.000000000000000056e-01
1.384620000000000017e-01
3.465349999999999819e-01
2.210529999999999995e-01
-1.562500000000000000e-02
1.250000000000000000e-01
4.757279999999999842e-01
2.210529999999999995e-01
-1.562500000000000000e-02
