-2.500000000000000000e-01
-1.636360000000000037e-01
-3.809520000000000128e-01
-5.371899999999999453e-01
-2.258060000000000067e-01
-1.636360000000000037e-01
-2.421049999999999869e-01
-5.000000000000000000e-01
-2.500000000000000000e-01
-1.067960000000000020e-01
-4.105260000000000020e-01
-5.625000000000000000e-01
-9.677420000000000466e-02
-7.692309999999999426e-02
-5.217389999999999528e-01
-5.593219999999999859e-01
-1.250000000000000000e-01
-6.796119999999999939e-02
-5.421690000000000120e-01
-5.934960000000000235e-01
-1.076919999999999961e-01
-6.796119999999999939e-02
-4.444440000000000057e-01
-5.200000000000000178e-01
-1.562500000000000000e-01
7.692309999999999426e-02
-4.482760000000000078e-01
-5.999999999999999778e-01
-1.538460000000000001e-02
-4.950500000000000039e-02
-4.315789999999999904e-01
-5.468750000000000000e-01
-3.125000000000000000e-02
9.708740000000000425e-03
-3.473680000000000101e-01
-5.468750000000000000e-01
