9.375000000000000000e-02
3.636360000000000287e-02
-1.190480000000000010e-01
-4.214879999999999738e-01
1.290320000000000078e-01
1.636360000000000037e-01
-1.578950000000000076e-01
-2.812500000000000000e-01
2.187500000000000000e-01
1.844659999999999911e-01
-9.473679999999999601e-02
-2.812500000000000000e-01
2.258060000000000067e-01
2.500000000000000000e-01
-4.347829999999999750e-02
-2.033899999999999875e-01
1.875000000000000000e-01
2.621359999999999801e-01
8.433730000000000393e-02
-2.032519999999999882e-01
3.230770000000000031e-01
3.592230000000000145e-01
1.333330000000000071e-01
-1.360000000000000098e-01
2.500000000000000000e-01
3.653850000000000153e-01
1.264369999999999938e-01
-2.999999999999999889e-01
2.615379999999999927e-01
3.267329999999999957e-01
9.473679999999999601e-02
-2.187500000000000000e-01
3.750000000000000000e-01
3.786410000000000053e-01
2.842109999999999914e-01
-1.562500000000000000e-01
