-3.750000000000000000e-01
2.727269999999999972e-01
2.857140000000000235e-01
-5.785119999999999846e-02
-3.548390000000000155e-01
3.636360000000000148e-01
3.473680000000000101e-01
-4.687500000000000000e-02
-4.687500000000000000e-01
2.621359999999999801e-01
2.631580000000000030e-01
-9.375000000000000000e-02
-5.806449999999999667e-01
1.153850000000000015e-01
6.521739999999999482e-02
-1.525420000000000109e-01
-4.687500000000000000e-01
2.038830000000000087e-01
2.048190000000000011e-01
-2.032519999999999882e-01
-4.461539999999999950e-01
4.854370000000000213e-02
-2.222220000000000098e-02
-2.000000000000000111e-01
-5.937500000000000000e-01
7.692309999999999426e-02
8.045979999999999799e-02
-1.499999999999999944e-01
-6.615379999999999594e-01
-4.950500000000000039e-02
-1.368419999999999914e-01
-2.968750000000000000e-01
-5.937500000000000000e-01
-6.796119999999999939e-02
-3.894739999999999869e-01
-2.968750000000000000e-01
