0.000000000000000000e+00
2.181819999999999871e-01
-1.904760000000000064e-01
-3.553720000000000212e-01
3.225809999999999789e-02
1.272729999999999972e-01
-7.368420000000000525e-02
-2.656250000000000000e-01
0.000000000000000000e+00
2.038830000000000087e-01
1.052630000000000059e-02
-2.656250000000000000e-01
1.612899999999999889e-01
1.538460000000000105e-01
-1.739130000000000120e-01
-3.050849999999999951e-01
1.250000000000000000e-01
1.650490000000000013e-01
-1.566269999999999885e-01
-4.634150000000000214e-01
-1.538460000000000001e-02
1.650490000000000013e-01
-1.777779999999999916e-01
-3.439999999999999725e-01
9.375000000000000000e-02
2.307690000000000019e-01
-1.149430000000000070e-02
-3.833329999999999793e-01
1.076919999999999961e-01
1.881190000000000084e-01
-9.473679999999999601e-02
-4.062500000000000000e-01
-3.125000000000000000e-02
1.650490000000000013e-01
-1.789469999999999950e-01
-4.062500000000000000e-01
