-9.687500000000000000e-01
-9.636360000000000481e-01
3.095240000000000213e-01
5.702479999999999771e-01
-8.709679999999999644e-01
-9.272730000000000139e-01
1.789469999999999950e-01
4.843750000000000000e-01
-7.812500000000000000e-01
-8.640780000000000127e-01
9.473679999999999601e-02
3.125000000000000000e-01
-1.000000000000000000e+00
-9.615380000000000038e-01
3.043480000000000074e-01
6.779659999999999576e-01
-1.000000000000000000e+00
-9.611650000000000471e-01
3.734939999999999927e-01
5.284550000000000081e-01
-8.769230000000000080e-01
-9.223299999999999832e-01
2.888890000000000069e-01
4.719999999999999751e-01
-8.750000000000000000e-01
-9.038460000000000383e-01
2.873560000000000003e-01
5.166669999999999874e-01
-9.384620000000000184e-01
-9.603960000000000274e-01
3.263159999999999950e-01
5.625000000000000000e-01
-8.750000000000000000e-01
-9.611650000000000471e-01
3.263159999999999950e-01
5.625000000000000000e-01
