-1.250000000000000000e-01
-1.636360000000000037e-01
-4.761900000000000022e-01
-4.710739999999999927e-01
-9.677420000000000466e-02
-2.363639999999999908e-01
-4.947369999999999823e-01
-5.625000000000000000e-01
-2.500000000000000000e-01
-2.427179999999999893e-01
-5.578950000000000298e-01
-6.093750000000000000e-01
-2.258060000000000067e-01
-7.692309999999999426e-02
-5.217389999999999528e-01
-4.915249999999999897e-01
-2.500000000000000000e-01
-6.796119999999999939e-02
-5.421690000000000120e-01
-5.934960000000000235e-01
-1.076919999999999961e-01
-1.456310000000000104e-01
-4.444440000000000057e-01
-5.200000000000000178e-01
-1.562500000000000000e-01
-1.346150000000000124e-01
-4.482760000000000078e-01
-5.333329999999999460e-01
-1.384620000000000017e-01
-1.881190000000000084e-01
-4.947369999999999823e-01
-5.468750000000000000e-01
-2.812500000000000000e-01
-2.038830000000000087e-01
-6.421050000000000368e-01
-5.468750000000000000e-01
