3.125000000000000000e-01
2.727269999999999972e-01
1.666670000000000096e-01
-1.735540000000000138e-01
2.258060000000000067e-01
1.090909999999999935e-01
-9.473679999999999601e-02
-3.125000000000000000e-01
1.875000000000000000e-01
1.067960000000000020e-01
-9.473679999999999601e-02
-3.750000000000000000e-01
2.903229999999999977e-01
2.884619999999999962e-01
6.521739999999999482e-02
-2.711859999999999826e-01
1.250000000000000000e-01
1.262139999999999929e-01
-1.807229999999999948e-01
-4.471539999999999959e-01
2.615379999999999927e-01
3.009709999999999885e-01
6.666669999999999541e-02
-2.479999999999999982e-01
1.250000000000000000e-01
1.538460000000000105e-01
-1.264369999999999938e-01
-4.500000000000000111e-01
-1.538460000000000001e-02
1.881190000000000084e-01
-2.210529999999999995e-01
-3.593750000000000000e-01
1.250000000000000000e-01
2.427179999999999893e-01
-1.368419999999999914e-01
-2.343750000000000000e-01
