-1.562500000000000000e-01
-9.090910000000000657e-02
-5.476189999999999669e-01
-5.537189999999999612e-01
-1.290320000000000078e-01
-9.090910000000000657e-02
-3.263159999999999950e-01
-5.156250000000000000e-01
-2.812500000000000000e-01
-2.912620000000000139e-02
-3.263159999999999950e-01
-5.156250000000000000e-01
-2.580649999999999888e-01
-1.538460000000000105e-01
-5.434780000000000166e-01
-5.762709999999999777e-01
-2.812500000000000000e-01
-1.456310000000000104e-01
-4.698800000000000199e-01
-5.447149999999999492e-01
-1.384620000000000017e-01
-6.796119999999999939e-02
-3.777780000000000027e-01
-4.719999999999999751e-01
-2.500000000000000000e-01
-1.153850000000000015e-01
-5.172409999999999508e-01
-6.166669999999999652e-01
-2.307690000000000019e-01
-8.910890000000000477e-02
-4.105260000000000020e-01
-5.000000000000000000e-01
-2.500000000000000000e-01
-2.912620000000000139e-02
-4.105260000000000020e-01
-4.375000000000000000e-01
