3.437500000000000000e-01
4.727270000000000083e-01
3.809520000000000128e-01
-1.239669999999999939e-01
3.870970000000000244e-01
3.818179999999999907e-01
1.578950000000000076e-01
-1.093750000000000000e-01
4.687500000000000000e-01
4.757279999999999842e-01
1.578950000000000076e-01
-1.562500000000000000e-01
4.516129999999999867e-01
6.153849999999999598e-01
3.260870000000000157e-01
-8.474579999999999613e-02
4.062500000000000000e-01
5.339810000000000390e-01
3.012050000000000005e-01
-1.382110000000000005e-01
5.384619999999999962e-01
5.339810000000000390e-01
2.222220000000000029e-01
-7.199999999999999456e-02
3.750000000000000000e-01
6.153849999999999598e-01
3.333329999999999904e-01
-5.000000000000000278e-02
5.076920000000000321e-01
5.643559999999999688e-01
2.842109999999999914e-01
-9.375000000000000000e-02
5.000000000000000000e-01
5.339810000000000390e-01
2.842109999999999914e-01
-9.375000000000000000e-02
