1.250000000000000000e-01
9.090910000000000657e-02
-1.666670000000000096e-01
-3.884299999999999975e-01
1.612899999999999889e-01
1.818180000000000143e-02
-2.210529999999999995e-01
-4.062500000000000000e-01
-3.125000000000000000e-02
9.708740000000000425e-03
-3.052630000000000066e-01
-4.062500000000000000e-01
1.290320000000000078e-01
7.692309999999999426e-02
-2.173910000000000009e-01
-4.237290000000000223e-01
9.375000000000000000e-02
8.737860000000000071e-02
-3.012050000000000005e-01
-4.634150000000000214e-01
1.076919999999999961e-01
8.737860000000000071e-02
-1.333330000000000071e-01
-3.280000000000000138e-01
6.250000000000000000e-02
1.538460000000000105e-01
-1.034479999999999983e-01
-3.333329999999999904e-01
7.692309999999999426e-02
1.089109999999999939e-01
-2.842109999999999914e-01
-4.218750000000000000e-01
6.250000000000000000e-02
8.737860000000000071e-02
-2.000000000000000111e-01
-3.593750000000000000e-01
