6.562500000000000000e-01
5.999999999999999778e-01
5.000000000000000000e-01
8.264459999999999515e-03
8.387099999999999556e-01
5.999999999999999778e-01
3.473680000000000101e-01
6.250000000000000000e-02
7.812500000000000000e-01
7.087379999999999791e-01
3.473680000000000101e-01
1.562500000000000000e-02
5.483869999999999578e-01
6.923080000000000345e-01
4.565219999999999834e-01
3.389829999999999927e-02
5.000000000000000000e-01
6.310679999999999623e-01
4.216869999999999785e-01
-7.317070000000000518e-02
5.076920000000000321e-01
5.339810000000000390e-01
3.555559999999999832e-01
-7.199999999999999456e-02
3.750000000000000000e-01
3.846149999999999847e-01
1.724140000000000117e-01
-2.166669999999999985e-01
3.846149999999999847e-01
4.257429999999999826e-01
1.368419999999999914e-01
-2.343750000000000000e-01
3.750000000000000000e-01
3.203880000000000061e-01
1.368419999999999914e-01
-2.343750000000000000e-01
