6.250000000000000000e-02
-1.272729999999999972e-01
-2.380950000000000080e-02
-1.735540000000000138e-01
-5.806449999999999667e-01
-5.999999999999999778e-01
3.473680000000000101e-01
2.343750000000000000e-01
-7.812500000000000000e-01
-8.058250000000000135e-01
4.526319999999999788e-01
5.156250000000000000e-01
1.612899999999999889e-01
-3.846150000000000263e-02
6.521739999999999482e-02
-1.525420000000000109e-01
-5.937500000000000000e-01
-7.475730000000000430e-01
4.216869999999999785e-01
3.333329999999999904e-01
-8.461539999999999617e-01
-9.611650000000000471e-01
6.666670000000000096e-01
6.959999999999999520e-01
2.500000000000000000e-01
3.076920000000000210e-01
8.045979999999999799e-02
-3.333329999999999904e-01
-2.307690000000000019e-01
-2.673269999999999813e-01
1.368419999999999914e-01
4.687500000000000000e-02
-8.125000000000000000e-01
-8.252429999999999488e-01
5.157890000000000530e-01
7.187500000000000000e-01
