-1.250000000000000000e-01
1.818180000000000143e-02
-3.571429999999999882e-01
-4.380169999999999897e-01
-9.677420000000000466e-02
-5.454549999999999677e-02
-3.052630000000000066e-01
-4.062500000000000000e-01
-3.125000000000000000e-02
-6.796119999999999939e-02
-3.052630000000000066e-01
-4.062500000000000000e-01
0.000000000000000000e+00
-7.692309999999999426e-02
-3.043480000000000074e-01
-4.237290000000000223e-01
-3.125000000000000000e-02
-6.796119999999999939e-02
-3.012050000000000005e-01
-4.634150000000000214e-01
-1.538460000000000001e-02
9.708740000000000425e-03
-3.111110000000000264e-01
-3.920000000000000151e-01
-6.250000000000000000e-02
7.692309999999999426e-02
-2.873560000000000003e-01
-4.000000000000000222e-01
7.692309999999999426e-02
2.970300000000000024e-02
-2.842109999999999914e-01
-4.218750000000000000e-01
-6.250000000000000000e-02
-6.796119999999999939e-02
-2.842109999999999914e-01
-4.218750000000000000e-01
