2.187500000000000000e-01
1.636360000000000037e-01
-4.761900000000000160e-02
-3.057849999999999735e-01
1.290320000000000078e-01
1.636360000000000037e-01
-1.789469999999999950e-01
-2.812500000000000000e-01
9.375000000000000000e-02
2.427179999999999893e-01
-9.473679999999999601e-02
-2.812500000000000000e-01
2.258060000000000067e-01
2.307690000000000019e-01
-6.521739999999999482e-02
-3.050849999999999951e-01
1.875000000000000000e-01
1.650490000000000013e-01
-1.325300000000000089e-01
-4.146340000000000026e-01
2.000000000000000111e-01
2.427179999999999893e-01
2.222220000000000098e-02
-2.800000000000000266e-01
2.187500000000000000e-01
3.076920000000000210e-01
1.034479999999999983e-01
-3.166669999999999763e-01
1.076919999999999961e-01
2.673269999999999813e-01
-1.052630000000000059e-02
-3.281250000000000000e-01
9.375000000000000000e-02
1.067960000000000020e-01
-9.473679999999999601e-02
-2.812500000000000000e-01
