-5.937500000000000000e-01
-1.636360000000000037e-01
9.523810000000000608e-02
8.264459999999999515e-03
-6.774189999999999934e-01
-3.636360000000000148e-01
9.473679999999999601e-02
7.812500000000000000e-02
-5.937500000000000000e-01
-2.427179999999999893e-01
1.789469999999999950e-01
-3.125000000000000000e-02
-9.032259999999999733e-01
-8.653849999999999598e-01
4.130429999999999935e-01
6.779659999999999576e-01
-9.062500000000000000e-01
-9.223299999999999832e-01
4.939760000000000262e-01
5.934960000000000235e-01
-8.769230000000000080e-01
-8.640780000000000127e-01
5.111109999999999820e-01
5.360000000000000320e-01
-8.750000000000000000e-01
-8.076919999999999655e-01
4.942529999999999979e-01
6.500000000000000222e-01
-8.461539999999999617e-01
-8.019800000000000262e-01
4.315789999999999904e-01
5.625000000000000000e-01
-8.750000000000000000e-01
-9.029129999999999656e-01
3.263159999999999950e-01
5.000000000000000000e-01
