3.125000000000000000e-01
3.636360000000000148e-01
3.809520000000000128e-01
-1.074380000000000057e-01
5.806449999999999667e-01
4.363639999999999741e-01
3.473680000000000101e-01
-9.375000000000000000e-02
5.312500000000000000e-01
5.339810000000000390e-01
3.473680000000000101e-01
-1.562500000000000000e-01
4.193549999999999778e-01
4.423079999999999790e-01
1.521740000000000037e-01
-1.525420000000000109e-01
5.000000000000000000e-01
4.563110000000000221e-01
4.216869999999999785e-01
-1.382110000000000005e-01
3.846149999999999847e-01
4.563110000000000221e-01
1.555559999999999998e-01
-1.360000000000000098e-01
3.750000000000000000e-01
4.615380000000000038e-01
2.643679999999999919e-01
-1.499999999999999944e-01
5.076920000000000321e-01
5.049500000000000099e-01
3.263159999999999950e-01
-1.250000000000000000e-01
3.750000000000000000e-01
3.980580000000000229e-01
1.368419999999999914e-01
-1.875000000000000000e-01
