-6.562500000000000000e-01
-1.272729999999999972e-01
-1.190480000000000010e-01
-2.396689999999999932e-01
-6.451609999999999845e-01
-3.272729999999999806e-01
-2.631580000000000030e-01
-2.812500000000000000e-01
-7.500000000000000000e-01
-3.398059999999999969e-01
-3.473680000000000101e-01
-4.062500000000000000e-01
-6.129029999999999756e-01
7.692309999999999426e-02
2.173910000000000078e-02
-1.864409999999999956e-01
-7.187500000000000000e-01
-6.796119999999999939e-02
-1.325300000000000089e-01
-2.845530000000000004e-01
-7.846149999999999514e-01
-6.796119999999999939e-02
2.222220000000000098e-02
-2.159999999999999976e-01
-6.250000000000000000e-01
3.846150000000000263e-02
1.149430000000000070e-02
-2.500000000000000000e-01
-5.999999999999999778e-01
-8.910890000000000477e-02
-1.578950000000000076e-01
-2.187500000000000000e-01
-7.187500000000000000e-01
-1.067960000000000020e-01
-1.052630000000000059e-02
-1.562500000000000000e-01
