-2.812500000000000000e-01
2.545450000000000212e-01
2.380950000000000011e-01
-7.438019999999999354e-02
-1.612899999999999889e-01
2.545450000000000212e-01
3.052630000000000066e-01
-6.250000000000000000e-02
-1.875000000000000000e-01
4.174760000000000137e-01
3.052630000000000066e-01
-1.562500000000000000e-02
-1.290320000000000078e-01
3.846149999999999847e-01
2.391300000000000092e-01
3.389829999999999927e-02
-1.562500000000000000e-01
4.757279999999999842e-01
3.975899999999999990e-01
-2.439020000000000077e-02
-1.538460000000000001e-02
4.757279999999999842e-01
4.222219999999999862e-01
1.039999999999999952e-01
-1.562500000000000000e-01
5.192309999999999981e-01
4.022990000000000177e-01
0.000000000000000000e+00
-4.615380000000000177e-02
5.643559999999999688e-01
4.526319999999999788e-01
1.562500000000000000e-02
-6.250000000000000000e-02
5.339810000000000390e-01
4.526319999999999788e-01
1.562500000000000000e-02
