6.250000000000000000e-01
4.545449999999999768e-01
4.761900000000000022e-01
4.132229999999999931e-02
8.387099999999999556e-01
5.454550000000000232e-01
5.157890000000000530e-01
-1.562500000000000000e-02
7.812500000000000000e-01
7.281549999999999967e-01
5.157890000000000530e-01
4.687500000000000000e-02
8.387099999999999556e-01
6.153849999999999598e-01
5.217389999999999528e-01
6.779659999999999853e-02
6.562500000000000000e-01
6.310679999999999623e-01
4.939760000000000262e-01
8.130079999999999599e-03
6.615379999999999594e-01
6.310679999999999623e-01
5.111109999999999820e-01
7.199999999999999456e-02
7.187500000000000000e-01
7.500000000000000000e-01
5.862070000000000336e-01
3.333330000000000320e-02
5.692310000000000425e-01
5.247519999999999962e-01
3.052630000000000066e-01
-1.562500000000000000e-02
5.625000000000000000e-01
4.951459999999999750e-01
2.210529999999999995e-01
-6.250000000000000000e-02
