6.250000000000000000e-01
5.999999999999999778e-01
4.047620000000000107e-01
8.264459999999999515e-03
6.774189999999999934e-01
5.272729999999999917e-01
2.842109999999999914e-01
-3.125000000000000000e-02
6.250000000000000000e-01
6.310679999999999623e-01
3.684209999999999985e-01
-3.125000000000000000e-02
6.774189999999999934e-01
5.384619999999999962e-01
4.130429999999999935e-01
6.779659999999999853e-02
6.250000000000000000e-01
5.533979999999999455e-01
4.939760000000000262e-01
-1.219510000000000038e-01
6.307690000000000241e-01
6.504849999999999799e-01
4.000000000000000222e-01
8.000000000000000167e-03
6.562500000000000000e-01
6.153849999999999598e-01
4.942529999999999979e-01
-3.333330000000000320e-02
6.615379999999999594e-01
5.841579999999999551e-01
3.263159999999999950e-01
-9.375000000000000000e-02
5.000000000000000000e-01
5.533979999999999455e-01
2.421049999999999869e-01
-1.562500000000000000e-01
