9.375000000000000000e-02
1.636360000000000037e-01
-1.190480000000000010e-01
-3.719009999999999816e-01
1.290320000000000078e-01
1.818180000000000143e-02
-1.789469999999999950e-01
-3.437500000000000000e-01
9.375000000000000000e-02
1.650490000000000013e-01
-9.473679999999999601e-02
-3.437500000000000000e-01
2.258060000000000067e-01
1.538460000000000105e-01
-2.391300000000000092e-01
-3.728810000000000180e-01
1.875000000000000000e-01
1.650490000000000013e-01
-2.289160000000000084e-01
-4.146340000000000026e-01
2.000000000000000111e-01
1.650490000000000013e-01
-6.666669999999999541e-02
-2.800000000000000266e-01
9.375000000000000000e-02
2.307690000000000019e-01
1.149430000000000070e-02
-3.666670000000000207e-01
2.307690000000000019e-01
2.079209999999999947e-01
-1.052630000000000059e-02
-3.281250000000000000e-01
2.187500000000000000e-01
1.844659999999999911e-01
-9.473679999999999601e-02
-3.281250000000000000e-01
