5.000000000000000000e-01
5.272729999999999917e-01
3.571429999999999882e-01
-2.479340000000000016e-02
5.483869999999999578e-01
5.272729999999999917e-01
3.263159999999999950e-01
-1.562500000000000000e-02
3.750000000000000000e-01
6.310679999999999623e-01
3.263159999999999950e-01
-1.562500000000000000e-02
7.741940000000000488e-01
5.769229999999999636e-01
3.913039999999999852e-01
-1.186439999999999995e-01
5.625000000000000000e-01
6.699030000000000262e-01
4.698800000000000199e-01
-5.691059999999999869e-02
7.230769999999999698e-01
6.699030000000000262e-01
4.888890000000000180e-01
8.000000000000000167e-03
6.250000000000000000e-01
6.346150000000000402e-01
4.022990000000000177e-01
0.000000000000000000e+00
6.307690000000000241e-01
7.821780000000000399e-01
4.526319999999999788e-01
7.812500000000000000e-02
7.500000000000000000e-01
7.475730000000000430e-01
6.842110000000000136e-01
1.562500000000000000e-02
