5.000000000000000000e-01
3.818179999999999907e-01
2.380950000000000011e-01
-1.404960000000000098e-01
4.193549999999999778e-01
3.090910000000000046e-01
1.368419999999999914e-01
-2.343750000000000000e-01
1.250000000000000000e-01
1.650490000000000013e-01
-1.368419999999999914e-01
-2.968750000000000000e-01
5.483869999999999578e-01
5.384619999999999962e-01
2.173910000000000009e-01
-8.474579999999999613e-02
3.750000000000000000e-01
3.980580000000000229e-01
6.024100000000000288e-02
-2.682930000000000037e-01
2.307690000000000019e-01
2.427179999999999893e-01
-4.444440000000000196e-02
-3.280000000000000138e-01
3.125000000000000000e-01
4.038459999999999828e-01
8.045979999999999799e-02
-2.166669999999999985e-01
2.000000000000000111e-01
2.673269999999999813e-01
-3.157890000000000003e-02
-3.593750000000000000e-01
6.250000000000000000e-02
8.737860000000000071e-02
-2.000000000000000111e-01
-4.218750000000000000e-01
