5.000000000000000000e-01
3.090910000000000046e-01
1.428570000000000118e-01
-1.404960000000000098e-01
5.483869999999999578e-01
3.818179999999999907e-01
3.263159999999999950e-01
-7.812500000000000000e-02
5.000000000000000000e-01
6.504849999999999799e-01
4.315789999999999904e-01
-1.562500000000000000e-02
5.483869999999999578e-01
4.615380000000000038e-01
2.173910000000000009e-01
-8.474579999999999613e-02
3.750000000000000000e-01
4.757279999999999842e-01
3.734939999999999927e-01
-1.382110000000000005e-01
5.076920000000000321e-01
6.310679999999999623e-01
4.000000000000000222e-01
8.000000000000000167e-03
5.625000000000000000e-01
4.807690000000000019e-01
3.563220000000000276e-01
-8.333329999999999904e-02
5.692310000000000425e-01
5.247519999999999962e-01
3.052630000000000066e-01
-1.250000000000000000e-01
5.625000000000000000e-01
5.922330000000000094e-01
3.052630000000000066e-01
-1.250000000000000000e-01
