6.250000000000000000e-01
6.363640000000000407e-01
7.619050000000000544e-01
1.239669999999999939e-01
8.064519999999999467e-01
5.454550000000000232e-01
5.578950000000000298e-01
7.812500000000000000e-02
6.250000000000000000e-01
5.728159999999999918e-01
3.473680000000000101e-01
1.562500000000000000e-02
7.096770000000000023e-01
7.884619999999999962e-01
6.521740000000000315e-01
1.525420000000000109e-01
6.562500000000000000e-01
7.087379999999999791e-01
6.385539999999999550e-01
8.943089999999999373e-02
5.384619999999999962e-01
5.339810000000000390e-01
4.222219999999999862e-01
4.000000000000000083e-02
3.750000000000000000e-01
6.923080000000000345e-01
4.252870000000000261e-01
6.666669999999999541e-02
5.076920000000000321e-01
7.425739999999999563e-01
4.736839999999999939e-01
1.406250000000000000e-01
2.500000000000000000e-01
6.310679999999999623e-01
3.684209999999999985e-01
1.562500000000000000e-02
