-1.875000000000000000e-01
5.636360000000000259e-01
4.523809999999999776e-01
1.074380000000000057e-01
-1.612899999999999889e-01
4.909089999999999843e-01
4.105260000000000020e-01
1.093750000000000000e-01
-1.875000000000000000e-01
6.699030000000000262e-01
5.157890000000000530e-01
1.093750000000000000e-01
0.000000000000000000e+00
6.346150000000000402e-01
6.739129999999999843e-01
1.525420000000000109e-01
-3.125000000000000000e-02
6.504849999999999799e-01
7.831329999999999680e-01
8.943089999999999373e-02
-1.538460000000000001e-02
6.504849999999999799e-01
5.333329999999999460e-01
1.039999999999999952e-01
-1.562500000000000000e-01
5.192309999999999981e-01
6.321839999999999682e-01
5.000000000000000278e-02
-4.615380000000000177e-02
6.633660000000000112e-01
5.578950000000000298e-01
1.250000000000000000e-01
-1.562500000000000000e-01
5.339810000000000390e-01
4.526319999999999788e-01
6.250000000000000000e-02
