-7.812500000000000000e-01
-7.636359999999999815e-01
5.000000000000000000e-01
4.710739999999999927e-01
-9.354839999999999822e-01
-8.181819999999999649e-01
4.526319999999999788e-01
5.625000000000000000e-01
-8.750000000000000000e-01
-8.640780000000000127e-01
5.578950000000000298e-01
6.718750000000000000e-01
-7.741940000000000488e-01
-8.653849999999999598e-01
5.652169999999999694e-01
7.288139999999999619e-01
-8.750000000000000000e-01
-8.640780000000000127e-01
8.072289999999999743e-01
5.772359999999999713e-01
-8.461539999999999617e-01
-8.640780000000000127e-01
5.555560000000000498e-01
6.959999999999999520e-01
-9.062500000000000000e-01
-9.230770000000000364e-01
9.770109999999999628e-01
8.166670000000000318e-01
-8.769230000000000080e-01
-9.207920000000000549e-01
7.473680000000000323e-01
7.187500000000000000e-01
-8.125000000000000000e-01
-9.223299999999999832e-01
7.473680000000000323e-01
7.187500000000000000e-01
