-1.562500000000000000e-01
5.272729999999999917e-01
6.190480000000000427e-01
5.785119999999999846e-02
-1.290320000000000078e-01
4.363639999999999741e-01
5.578950000000000298e-01
1.562500000000000000e-02
-1.562500000000000000e-01
6.310679999999999623e-01
3.473680000000000101e-01
1.250000000000000000e-01
-9.677420000000000466e-02
6.153849999999999598e-01
4.565219999999999834e-01
1.016949999999999937e-01
-1.250000000000000000e-01
6.310679999999999623e-01
8.072289999999999743e-01
1.056909999999999933e-01
1.538460000000000001e-02
6.310679999999999623e-01
5.555560000000000498e-01
1.039999999999999952e-01
-1.250000000000000000e-01
6.346150000000000402e-01
5.862070000000000336e-01
8.333329999999999904e-02
-1.076919999999999961e-01
5.841579999999999551e-01
6.421050000000000368e-01
4.687500000000000000e-02
-3.125000000000000000e-02
6.504849999999999799e-01
6.421050000000000368e-01
9.375000000000000000e-02
