6.562500000000000000e-01
4.363639999999999741e-01
3.809520000000000128e-01
-5.785119999999999846e-02
7.096770000000000023e-01
5.272729999999999917e-01
3.473680000000000101e-01
-4.687500000000000000e-02
7.812500000000000000e-01
7.087379999999999791e-01
3.473680000000000101e-01
-4.687500000000000000e-02
6.774189999999999934e-01
6.153849999999999598e-01
3.478260000000000240e-01
-1.694920000000000107e-02
5.000000000000000000e-01
5.339810000000000390e-01
3.253010000000000068e-01
-7.317070000000000518e-02
5.076920000000000321e-01
5.339810000000000390e-01
3.555559999999999832e-01
-7.199999999999999456e-02
6.250000000000000000e-01
6.346150000000000402e-01
3.793099999999999805e-01
-3.333330000000000320e-02
6.307690000000000241e-01
5.841579999999999551e-01
4.315789999999999904e-01
-7.812500000000000000e-02
5.000000000000000000e-01
4.757279999999999842e-01
1.368419999999999914e-01
-1.250000000000000000e-01
