-1.875000000000000000e-01
5.636360000000000259e-01
6.904759999999999787e-01
1.074380000000000057e-01
-1.612899999999999889e-01
5.636360000000000259e-01
5.157890000000000530e-01
1.093750000000000000e-01
-1.875000000000000000e-01
6.699030000000000262e-01
6.210529999999999662e-01
1.093750000000000000e-01
-2.580649999999999888e-01
6.346150000000000402e-01
5.434780000000000166e-01
1.016949999999999937e-01
-2.812500000000000000e-01
5.728159999999999918e-01
6.385539999999999550e-01
8.943089999999999373e-02
-1.384620000000000017e-01
5.728159999999999918e-01
8.888890000000000402e-01
1.039999999999999952e-01
-2.812500000000000000e-01
7.884619999999999962e-01
6.321839999999999682e-01
1.166670000000000068e-01
-2.615379999999999927e-01
7.425739999999999563e-01
5.578950000000000298e-01
1.250000000000000000e-01
-1.562500000000000000e-01
6.310679999999999623e-01
5.578950000000000298e-01
1.250000000000000000e-01
