-1.875000000000000000e-01
-1.272729999999999972e-01
-5.238099999999999978e-01
-5.041320000000000245e-01
-3.225809999999999789e-02
-5.454549999999999677e-02
-3.684209999999999985e-01
-4.687500000000000000e-01
-6.250000000000000000e-02
8.737860000000000071e-02
-1.157890000000000030e-01
-3.593750000000000000e-01
3.870970000000000244e-01
3.846149999999999847e-01
4.347829999999999750e-02
-1.525420000000000109e-01
4.687500000000000000e-01
3.980580000000000229e-01
1.807229999999999948e-01
-2.032519999999999882e-01
4.769229999999999858e-01
3.980580000000000229e-01
3.333329999999999904e-01
-8.799999999999999489e-02
5.312500000000000000e-01
5.192309999999999981e-01
3.103449999999999820e-01
-1.166670000000000068e-01
4.153850000000000042e-01
5.643559999999999688e-01
2.631580000000000030e-01
-9.375000000000000000e-02
5.312500000000000000e-01
4.563110000000000221e-01
1.578950000000000076e-01
-9.375000000000000000e-02
