6.250000000000000000e-02
1.818180000000000143e-02
-2.380950000000000011e-01
-3.884299999999999975e-01
-3.225809999999999789e-02
-5.454549999999999677e-02
-2.000000000000000111e-01
-4.218750000000000000e-01
1.875000000000000000e-01
8.737860000000000071e-02
-2.842109999999999914e-01
-4.218750000000000000e-01
0.000000000000000000e+00
-3.846150000000000263e-02
-2.826089999999999991e-01
-5.423729999999999940e-01
9.375000000000000000e-02
4.854370000000000213e-02
-3.734939999999999927e-01
-5.121949999999999559e-01
1.076919999999999961e-01
1.067960000000000020e-01
-2.888890000000000069e-01
-3.760000000000000009e-01
-1.562500000000000000e-01
9.615379999999999761e-02
-1.724140000000000117e-01
-4.166670000000000096e-01
7.692309999999999426e-02
2.079209999999999947e-01
-9.473679999999999601e-02
-3.125000000000000000e-01
1.875000000000000000e-01
2.621359999999999801e-01
-9.473679999999999601e-02
-3.125000000000000000e-01
