-2.500000000000000000e-01
9.090910000000000657e-02
1.428570000000000118e-01
-1.404960000000000098e-01
-3.548390000000000155e-01
1.818180000000000143e-02
5.263160000000000061e-02
-1.250000000000000000e-01
-2.500000000000000000e-01
8.737860000000000071e-02
-3.157890000000000003e-02
-1.875000000000000000e-01
-2.580649999999999888e-01
3.076920000000000210e-01
1.086960000000000010e-01
-8.474579999999999613e-02
-2.812500000000000000e-01
2.427179999999999893e-01
1.566269999999999885e-01
-2.032519999999999882e-01
-2.615379999999999927e-01
2.427179999999999893e-01
2.000000000000000111e-01
-1.360000000000000098e-01
-2.812500000000000000e-01
2.307690000000000019e-01
8.045979999999999799e-02
-8.333329999999999904e-02
-2.615379999999999927e-01
1.881190000000000084e-01
5.263160000000000061e-02
-1.250000000000000000e-01
-4.062500000000000000e-01
1.650490000000000013e-01
-3.157890000000000003e-02
-1.875000000000000000e-01
