-2.812500000000000000e-01
-2.909089999999999732e-01
-6.190480000000000427e-01
-5.537189999999999612e-01
-2.580649999999999888e-01
-2.181819999999999871e-01
-4.736839999999999939e-01
-4.531250000000000000e-01
-1.562500000000000000e-01
-1.067960000000000020e-01
-3.894739999999999869e-01
-4.531250000000000000e-01
-4.516129999999999867e-01
-3.653850000000000153e-01
-5.434780000000000166e-01
-5.762709999999999777e-01
-2.812500000000000000e-01
-3.009709999999999885e-01
-5.662650000000000183e-01
-5.447149999999999492e-01
-2.615379999999999927e-01
-3.592230000000000145e-01
-5.555560000000000498e-01
-4.719999999999999751e-01
-4.687500000000000000e-01
-4.615380000000000038e-01
-5.172409999999999508e-01
-4.833330000000000126e-01
-4.461539999999999950e-01
-5.049500000000000099e-01
-3.263159999999999950e-01
-3.281250000000000000e-01
-5.937500000000000000e-01
-6.310679999999999623e-01
-7.368420000000000525e-02
1.562500000000000000e-02
