-4.687500000000000000e-01
-4.909089999999999843e-01
-4.761900000000000022e-01
-3.553720000000000212e-01
-5.806449999999999667e-01
-5.999999999999999778e-01
-5.578950000000000298e-01
-4.375000000000000000e-01
-4.687500000000000000e-01
-5.728159999999999918e-01
-4.947369999999999823e-01
-4.375000000000000000e-01
-5.806449999999999667e-01
-4.807690000000000019e-01
-5.217389999999999528e-01
-3.728810000000000180e-01
-5.937500000000000000e-01
-4.757279999999999842e-01
-6.385539999999999550e-01
-5.284550000000000081e-01
-4.769229999999999858e-01
-4.757279999999999842e-01
-5.333329999999999460e-01
-4.560000000000000164e-01
-5.312500000000000000e-01
-4.807690000000000019e-01
-2.643679999999999919e-01
-4.500000000000000111e-01
-5.076920000000000321e-01
-5.247519999999999962e-01
-4.947369999999999823e-01
-4.062500000000000000e-01
-5.312500000000000000e-01
-5.922330000000000094e-01
-5.789469999999999894e-01
-4.843750000000000000e-01
