-5.000000000000000000e-01
-5.090909999999999602e-01
2.380950000000000011e-01
1.570249999999999979e-01
-4.838709999999999956e-01
-5.090909999999999602e-01
1.368419999999999914e-01
-1.562500000000000000e-02
-5.937500000000000000e-01
-6.504849999999999799e-01
3.263159999999999950e-01
3.281250000000000000e-01
-8.709679999999999644e-01
-8.653849999999999598e-01
5.217389999999999528e-01
6.271189999999999820e-01
-7.500000000000000000e-01
-8.058250000000000135e-01
4.939760000000000262e-01
4.146340000000000026e-01
-6.307690000000000241e-01
-6.504849999999999799e-01
4.000000000000000222e-01
2.000000000000000111e-01
-9.062500000000000000e-01
-9.038460000000000383e-01
5.862070000000000336e-01
6.500000000000000222e-01
-7.846149999999999514e-01
-9.603960000000000274e-01
6.210529999999999662e-01
6.718750000000000000e-01
-8.125000000000000000e-01
-9.029129999999999656e-01
5.157890000000000530e-01
6.718750000000000000e-01
