-2.500000000000000000e-01
3.818179999999999907e-01
4.761900000000000022e-01
4.132229999999999931e-02
-9.677420000000000466e-02
4.545449999999999768e-01
5.157890000000000530e-01
4.687500000000000000e-02
-3.125000000000000000e-02
6.504849999999999799e-01
5.157890000000000530e-01
1.562500000000000000e-01
-1.290320000000000078e-01
5.384619999999999962e-01
4.130429999999999935e-01
6.779659999999999853e-02
-1.562500000000000000e-01
5.533979999999999455e-01
6.144579999999999487e-01
8.130079999999999599e-03
-1.384620000000000017e-01
6.310679999999999623e-01
6.222220000000000528e-01
7.199999999999999456e-02
-2.812500000000000000e-01
4.807690000000000019e-01
2.643679999999999919e-01
-3.333330000000000320e-02
-2.615379999999999927e-01
4.455450000000000244e-01
2.210529999999999995e-01
4.687500000000000000e-02
-1.875000000000000000e-01
4.174760000000000137e-01
4.105260000000000020e-01
-1.562500000000000000e-02
