-1.250000000000000000e-01
1.818180000000000143e-02
-3.571429999999999882e-01
-5.041320000000000245e-01
-9.677420000000000466e-02
1.818180000000000143e-02
-2.210529999999999995e-01
-4.062500000000000000e-01
1.250000000000000000e-01
2.427179999999999893e-01
-3.157890000000000003e-02
-1.875000000000000000e-01
0.000000000000000000e+00
0.000000000000000000e+00
-3.043480000000000074e-01
-4.237290000000000223e-01
-3.125000000000000000e-02
9.708740000000000425e-03
-3.012050000000000005e-01
-5.447149999999999492e-01
-1.538460000000000001e-02
8.737860000000000071e-02
-1.333330000000000071e-01
-3.920000000000000151e-01
-1.875000000000000000e-01
7.692309999999999426e-02
-2.873560000000000003e-01
-4.666669999999999985e-01
-1.692309999999999925e-01
2.970300000000000024e-02
-3.684209999999999985e-01
-4.687500000000000000e-01
-1.875000000000000000e-01
8.737860000000000071e-02
-2.842109999999999914e-01
-4.687500000000000000e-01
