4.687500000000000000e-01
4.727270000000000083e-01
3.809520000000000128e-01
-1.239669999999999939e-01
6.774189999999999934e-01
4.727270000000000083e-01
3.473680000000000101e-01
-4.687500000000000000e-02
7.500000000000000000e-01
5.728159999999999918e-01
3.473680000000000101e-01
-4.687500000000000000e-02
7.096770000000000023e-01
6.923080000000000345e-01
3.260870000000000157e-01
-3.389829999999999927e-02
6.562500000000000000e-01
7.087379999999999791e-01
3.975899999999999990e-01
-8.943089999999999373e-02
6.615379999999999594e-01
6.310679999999999623e-01
5.333329999999999460e-01
-2.400000000000000050e-02
6.250000000000000000e-01
5.192309999999999981e-01
3.333329999999999904e-01
-1.166670000000000068e-01
6.307690000000000241e-01
6.633660000000000112e-01
2.842109999999999914e-01
-9.375000000000000000e-02
5.000000000000000000e-01
5.339810000000000390e-01
1.789469999999999950e-01
-1.562500000000000000e-01
