-2.500000000000000000e-01
5.272729999999999917e-01
6.428570000000000118e-01
7.438019999999999354e-02
3.225809999999999789e-02
5.272729999999999917e-01
4.736839999999999939e-01
7.812500000000000000e-02
0.000000000000000000e+00
6.310679999999999623e-01
4.736839999999999939e-01
7.812500000000000000e-02
-2.258060000000000067e-01
6.346150000000000402e-01
5.000000000000000000e-01
6.779659999999999853e-02
-2.500000000000000000e-01
6.504849999999999799e-01
5.903610000000000246e-01
5.691059999999999869e-02
-1.076919999999999961e-01
5.533979999999999455e-01
5.999999999999999778e-01
7.199999999999999456e-02
-1.562500000000000000e-01
5.384619999999999962e-01
6.091950000000000420e-01
3.333330000000000320e-02
-1.384620000000000017e-01
6.633660000000000112e-01
5.368420000000000414e-01
4.687500000000000000e-02
-1.562500000000000000e-01
6.310679999999999623e-01
5.368420000000000414e-01
1.093750000000000000e-01
