-2.812500000000000000e-01
-3.454550000000000121e-01
-6.190480000000000427e-01
-5.537189999999999612e-01
-2.580649999999999888e-01
-2.909089999999999732e-01
-5.368420000000000414e-01
-4.531250000000000000e-01
-4.062500000000000000e-01
-4.174760000000000137e-01
-4.736839999999999939e-01
-4.531250000000000000e-01
-3.225809999999999789e-02
0.000000000000000000e+00
-3.695649999999999769e-01
-5.084750000000000103e-01
-1.562500000000000000e-01
-6.796119999999999939e-02
-5.662650000000000183e-01
-5.447149999999999492e-01
-3.538459999999999939e-01
-3.009709999999999885e-01
-4.666669999999999985e-01
-5.360000000000000320e-01
0.000000000000000000e+00
3.846150000000000263e-02
-2.413790000000000102e-01
-4.333330000000000237e-01
1.538460000000000001e-02
-9.900990000000000138e-03
-4.105260000000000020e-01
-5.000000000000000000e-01
-2.500000000000000000e-01
-1.067960000000000020e-01
-4.947369999999999823e-01
-5.625000000000000000e-01
