3.125000000000000000e-01
2.727269999999999972e-01
7.142859999999999487e-02
-2.231400000000000050e-01
2.258060000000000067e-01
1.090909999999999935e-01
-1.052630000000000059e-02
-3.125000000000000000e-01
-1.562500000000000000e-01
9.708740000000000425e-03
-3.263159999999999950e-01
-4.375000000000000000e-01
2.903229999999999977e-01
3.653850000000000153e-01
-1.086960000000000010e-01
-3.389829999999999788e-01
1.250000000000000000e-01
1.262139999999999929e-01
-8.433730000000000393e-02
-4.471539999999999959e-01
1.384620000000000017e-01
4.854370000000000213e-02
-2.000000000000000111e-01
-4.239999999999999880e-01
2.500000000000000000e-01
1.538460000000000105e-01
-1.264369999999999938e-01
-2.666669999999999874e-01
1.384620000000000017e-01
1.881190000000000084e-01
-1.368419999999999914e-01
-4.062500000000000000e-01
-3.125000000000000000e-02
1.650490000000000013e-01
-1.368419999999999914e-01
-4.687500000000000000e-01
