-3.750000000000000000e-01
-2.909089999999999732e-01
0.000000000000000000e+00
-1.735540000000000138e-01
-2.258060000000000067e-01
-2.363639999999999908e-01
1.052630000000000059e-02
-9.375000000000000000e-02
0.000000000000000000e+00
4.854370000000000213e-02
9.473679999999999601e-02
-9.375000000000000000e-02
0.000000000000000000e+00
1.538460000000000105e-01
2.173910000000000078e-02
-1.864409999999999956e-01
2.500000000000000000e-01
3.980580000000000229e-01
2.530120000000000147e-01
-1.219510000000000038e-01
3.846149999999999847e-01
5.533979999999999455e-01
5.111109999999999820e-01
7.199999999999999456e-02
9.375000000000000000e-02
5.384619999999999962e-01
3.793099999999999805e-01
-3.333330000000000320e-02
1.076919999999999961e-01
5.049500000000000099e-01
3.263159999999999950e-01
4.687500000000000000e-02
9.375000000000000000e-02
3.980580000000000229e-01
2.421049999999999869e-01
4.687500000000000000e-02
