5.625000000000000000e-01
3.272729999999999806e-01
2.380950000000000011e-01
-2.066119999999999901e-01
6.129029999999999756e-01
4.000000000000000222e-01
2.210529999999999995e-01
-1.250000000000000000e-01
5.625000000000000000e-01
4.174760000000000137e-01
5.263160000000000061e-02
-1.875000000000000000e-01
5.161289999999999489e-01
3.846149999999999847e-01
4.347829999999999750e-02
-1.525420000000000109e-01
4.687500000000000000e-01
3.980580000000000229e-01
1.807229999999999948e-01
-2.032519999999999882e-01
3.538459999999999939e-01
3.980580000000000229e-01
1.333330000000000071e-01
-1.360000000000000098e-01
4.062500000000000000e-01
4.423079999999999790e-01
1.954019999999999924e-01
-2.333330000000000126e-01
4.153850000000000042e-01
3.861390000000000100e-01
7.368420000000000525e-02
-2.031250000000000000e-01
3.125000000000000000e-01
3.592230000000000145e-01
7.368420000000000525e-02
-2.656250000000000000e-01
