4.687500000000000000e-01
5.454550000000000232e-01
5.000000000000000000e-01
-5.785119999999999846e-02
6.774189999999999934e-01
5.454550000000000232e-01
3.473680000000000101e-01
-4.687500000000000000e-02
4.687500000000000000e-01
4.757279999999999842e-01
1.578950000000000076e-01
-1.562500000000000000e-01
5.806449999999999667e-01
6.153849999999999598e-01
3.260870000000000157e-01
-1.525420000000000109e-01
5.312500000000000000e-01
5.339810000000000390e-01
3.012050000000000005e-01
-2.032519999999999882e-01
3.230770000000000031e-01
3.592230000000000145e-01
1.333330000000000071e-01
-1.839999999999999969e-01
5.000000000000000000e-01
4.423079999999999790e-01
1.264369999999999938e-01
-1.833329999999999960e-01
3.846149999999999847e-01
4.059409999999999963e-01
9.473679999999999601e-02
-2.187500000000000000e-01
2.500000000000000000e-01
3.786410000000000053e-01
-7.368420000000000525e-02
-3.281250000000000000e-01
