-4.687500000000000000e-01
-4.909089999999999843e-01
-4.761900000000000022e-01
-4.710739999999999927e-01
-4.516129999999999867e-01
-4.909089999999999843e-01
-3.263159999999999950e-01
-3.906250000000000000e-01
-5.937500000000000000e-01
-6.310679999999999623e-01
-1.578950000000000076e-01
-1.562500000000000000e-01
-5.806449999999999667e-01
-5.961539999999999617e-01
-1.739130000000000120e-01
-1.186439999999999995e-01
-5.937500000000000000e-01
-6.504849999999999799e-01
-3.614459999999999895e-02
8.130079999999999599e-03
-7.846149999999999514e-01
-8.252429999999999488e-01
1.111110000000000014e-01
2.479999999999999982e-01
-7.500000000000000000e-01
-8.076919999999999655e-01
1.724140000000000117e-01
1.666670000000000096e-01
-6.307690000000000241e-01
-9.009899999999999576e-01
5.263160000000000061e-02
2.343750000000000000e-01
-7.500000000000000000e-01
-8.640780000000000127e-01
1.368419999999999914e-01
2.343750000000000000e-01
