4.375000000000000000e-01
4.909089999999999843e-01
3.333329999999999904e-01
-2.479340000000000016e-02
6.129029999999999756e-01
5.636360000000000259e-01
5.157890000000000530e-01
-1.562500000000000000e-02
5.625000000000000000e-01
5.922330000000000094e-01
3.052630000000000066e-01
-1.562500000000000000e-02
6.774189999999999934e-01
6.346150000000000402e-01
3.260870000000000157e-01
3.389829999999999927e-02
6.250000000000000000e-01
6.504849999999999799e-01
5.180719999999999770e-01
-2.439020000000000077e-02
6.307690000000000241e-01
7.475730000000000430e-01
5.333329999999999460e-01
1.039999999999999952e-01
5.312500000000000000e-01
6.923080000000000345e-01
5.172409999999999508e-01
-6.666669999999999541e-02
5.384619999999999962e-01
7.425739999999999563e-01
3.473680000000000101e-01
1.562500000000000000e-02
6.562500000000000000e-01
7.087379999999999791e-01
5.578950000000000298e-01
6.250000000000000000e-02
