-2.812500000000000000e-01
-2.545450000000000212e-01
-3.095240000000000213e-01
-4.380169999999999897e-01
0.000000000000000000e+00
1.636360000000000037e-01
-9.473679999999999601e-02
-2.812500000000000000e-01
9.375000000000000000e-02
2.427179999999999893e-01
-1.789469999999999950e-01
-3.437500000000000000e-01
-4.838709999999999956e-01
-5.000000000000000000e-01
-5.652169999999999694e-01
-4.406780000000000141e-01
-6.250000000000000000e-02
9.708740000000000425e-03
-3.253010000000000068e-01
-4.796750000000000180e-01
2.000000000000000111e-01
8.737860000000000071e-02
-1.555559999999999998e-01
-3.439999999999999725e-01
-5.000000000000000000e-01
-4.807690000000000019e-01
-4.942529999999999979e-01
-5.000000000000000000e-01
-1.384620000000000017e-01
-8.910890000000000477e-02
-3.263159999999999950e-01
-4.531250000000000000e-01
9.375000000000000000e-02
1.067960000000000020e-01
-1.578950000000000076e-01
-3.906250000000000000e-01
