-2.812500000000000000e-01
5.636360000000000259e-01
5.714289999999999647e-01
4.132229999999999931e-02
-2.580649999999999888e-01
4.909089999999999843e-01
5.157890000000000530e-01
4.687500000000000000e-02
-2.812500000000000000e-01
5.922330000000000094e-01
5.157890000000000530e-01
4.687500000000000000e-02
-2.580649999999999888e-01
6.346150000000000402e-01
4.347829999999999750e-01
3.389829999999999927e-02
-2.812500000000000000e-01
5.728159999999999918e-01
3.975899999999999990e-01
-2.439020000000000077e-02
-2.615379999999999927e-01
4.757279999999999842e-01
4.222219999999999862e-01
4.000000000000000083e-02
-2.812500000000000000e-01
5.192309999999999981e-01
4.022990000000000177e-01
0.000000000000000000e+00
-2.615379999999999927e-01
4.851489999999999969e-01
3.473680000000000101e-01
-4.687500000000000000e-02
-2.812500000000000000e-01
4.563110000000000221e-01
4.526319999999999788e-01
1.562500000000000000e-02
