6.250000000000000000e-02
1.636360000000000037e-01
-4.761900000000000160e-02
-3.884299999999999975e-01
3.548390000000000155e-01
1.636360000000000037e-01
-3.157890000000000003e-02
-1.875000000000000000e-01
3.125000000000000000e-01
2.427179999999999893e-01
5.263160000000000061e-02
-2.343750000000000000e-01
-1.290320000000000078e-01
9.615379999999999761e-02
-3.695649999999999769e-01
-4.067799999999999749e-01
9.375000000000000000e-02
2.427179999999999893e-01
-1.204820000000000023e-02
-2.682930000000000037e-01
2.307690000000000019e-01
3.203880000000000061e-01
1.333330000000000071e-01
-2.000000000000000111e-01
-1.562500000000000000e-01
-7.692309999999999426e-02
-3.333329999999999904e-01
-5.333329999999999460e-01
-4.615380000000000177e-02
1.287129999999999941e-01
-2.631580000000000030e-01
-3.750000000000000000e-01
1.875000000000000000e-01
1.844659999999999911e-01
-9.473679999999999601e-02
-2.656250000000000000e-01
