-1.250000000000000000e-01
4.363639999999999741e-01
3.095240000000000213e-01
-4.132229999999999931e-02
-9.677420000000000466e-02
5.272729999999999917e-01
3.684209999999999985e-01
7.812500000000000000e-02
-1.250000000000000000e-01
6.310679999999999623e-01
3.684209999999999985e-01
7.812500000000000000e-02
-9.677420000000000466e-02
6.346150000000000402e-01
4.130429999999999935e-01
6.779659999999999853e-02
-3.125000000000000000e-02
5.533979999999999455e-01
4.939760000000000262e-01
8.130079999999999599e-03
-1.538460000000000001e-02
6.504849999999999799e-01
5.999999999999999778e-01
7.199999999999999456e-02
-3.125000000000000000e-02
6.153849999999999598e-01
3.793099999999999805e-01
3.333330000000000320e-02
-1.538460000000000001e-02
6.633660000000000112e-01
5.368420000000000414e-01
1.093750000000000000e-01
-3.125000000000000000e-02
5.533979999999999455e-01
5.368420000000000414e-01
1.093750000000000000e-01
