7.500000000000000000e-01
6.363640000000000407e-01
5.000000000000000000e-01
8.264459999999999515e-03
6.774189999999999934e-01
6.363640000000000407e-01
3.473680000000000101e-01
-4.687500000000000000e-02
6.250000000000000000e-01
5.728159999999999918e-01
1.578950000000000076e-01
-1.093750000000000000e-01
7.096770000000000023e-01
6.153849999999999598e-01
3.260870000000000157e-01
-8.474579999999999613e-02
5.312500000000000000e-01
5.339810000000000390e-01
3.012050000000000005e-01
-1.382110000000000005e-01
4.153850000000000042e-01
3.592230000000000145e-01
2.222220000000000029e-01
-1.839999999999999969e-01
2.500000000000000000e-01
5.192309999999999981e-01
2.183910000000000018e-01
-2.500000000000000000e-01
2.615379999999999927e-01
5.643559999999999688e-01
9.473679999999999601e-02
-2.187500000000000000e-01
2.500000000000000000e-01
3.786410000000000053e-01
1.052630000000000059e-02
-2.656250000000000000e-01
