-2.812500000000000000e-01
2.363639999999999908e-01
3.571429999999999882e-01
-1.074380000000000057e-01
-5.161289999999999489e-01
1.818180000000000143e-02
5.263160000000000061e-02
-1.562500000000000000e-01
-6.562500000000000000e-01
-6.796119999999999939e-02
-9.473679999999999601e-02
-2.187500000000000000e-01
-2.580649999999999888e-01
3.269230000000000191e-01
2.173910000000000078e-02
0.000000000000000000e+00
-5.000000000000000000e-01
2.427179999999999893e-01
2.530120000000000147e-01
-1.056909999999999933e-01
-5.999999999999999778e-01
8.737860000000000071e-02
1.111110000000000014e-01
-1.680000000000000104e-01
-4.062500000000000000e-01
3.076920000000000210e-01
3.103449999999999820e-01
-6.666669999999999541e-02
-5.999999999999999778e-01
1.287129999999999941e-01
-1.052630000000000059e-02
-1.093750000000000000e-01
-6.250000000000000000e-01
4.854370000000000213e-02
-1.052630000000000059e-02
-2.187500000000000000e-01
