-5.000000000000000000e-01
-5.272729999999999917e-01
-4.285709999999999797e-01
-3.223139999999999894e-01
-7.096770000000000023e-01
-5.999999999999999778e-01
-4.526319999999999788e-01
-2.968750000000000000e-01
-7.187500000000000000e-01
-6.310679999999999623e-01
-5.999999999999999778e-01
-4.218750000000000000e-01
-3.870970000000000244e-01
-3.076920000000000210e-01
-4.347829999999999750e-01
-3.389829999999999788e-01
-4.062500000000000000e-01
-3.592230000000000145e-01
-5.421690000000000120e-01
-4.471539999999999959e-01
-5.999999999999999778e-01
-4.757279999999999842e-01
-4.444440000000000057e-01
-3.760000000000000009e-01
-3.750000000000000000e-01
-1.538460000000000105e-01
-3.333329999999999904e-01
-4.833330000000000126e-01
-2.615379999999999927e-01
-2.079209999999999947e-01
-4.105260000000000020e-01
-3.750000000000000000e-01
-3.750000000000000000e-01
-3.009709999999999885e-01
-4.947369999999999823e-01
-3.750000000000000000e-01
