2.500000000000000000e-01
2.363639999999999908e-01
1.428570000000000118e-01
-2.066119999999999901e-01
4.193549999999999778e-01
3.090910000000000046e-01
2.210529999999999995e-01
-7.812500000000000000e-02
3.750000000000000000e-01
4.757279999999999842e-01
3.263159999999999950e-01
4.687500000000000000e-02
4.193549999999999778e-01
3.846149999999999847e-01
1.086960000000000010e-01
-1.525420000000000109e-01
5.000000000000000000e-01
4.757279999999999842e-01
3.734939999999999927e-01
-5.691059999999999869e-02
5.076920000000000321e-01
4.757279999999999842e-01
3.111110000000000264e-01
8.000000000000000167e-03
3.125000000000000000e-01
3.269230000000000191e-01
8.045979999999999799e-02
-2.166669999999999985e-01
5.692310000000000425e-01
4.455450000000000244e-01
2.210529999999999995e-01
-6.250000000000000000e-02
5.625000000000000000e-01
5.922330000000000094e-01
3.052630000000000066e-01
-1.562500000000000000e-02
