-7.187500000000000000e-01
-8.727270000000000305e-01
2.857140000000000235e-01
3.719009999999999816e-01
-7.096770000000000023e-01
-8.181819999999999649e-01
3.473680000000000101e-01
3.593750000000000000e-01
-6.250000000000000000e-01
-7.475730000000000430e-01
2.631580000000000030e-01
3.125000000000000000e-01
-7.741940000000000488e-01
-8.076919999999999655e-01
3.260870000000000157e-01
5.084750000000000103e-01
-7.812500000000000000e-01
-8.058250000000000135e-01
3.975899999999999990e-01
3.821140000000000092e-01
-8.461539999999999617e-01
-8.640780000000000127e-01
3.333329999999999904e-01
4.400000000000000022e-01
-7.812500000000000000e-01
-8.653849999999999598e-01
4.252870000000000261e-01
4.333330000000000237e-01
-7.538460000000000161e-01
-8.019800000000000262e-01
2.842109999999999914e-01
3.125000000000000000e-01
-7.812500000000000000e-01
-8.058250000000000135e-01
2.842109999999999914e-01
1.875000000000000000e-01
