9.375000000000000000e-02
3.090910000000000046e-01
1.666670000000000096e-01
-1.239669999999999939e-01
1.290320000000000078e-01
3.818179999999999907e-01
2.631580000000000030e-01
-1.093750000000000000e-01
-3.125000000000000000e-02
3.980580000000000229e-01
1.578950000000000076e-01
-1.562500000000000000e-01
9.677420000000000466e-02
6.923080000000000345e-01
4.347829999999999750e-01
8.474579999999999613e-02
6.250000000000000000e-02
7.087379999999999791e-01
5.180719999999999770e-01
8.943089999999999373e-02
-4.615380000000000177e-02
6.310679999999999623e-01
4.222219999999999862e-01
-2.400000000000000050e-02
0.000000000000000000e+00
6.923080000000000345e-01
5.402299999999999880e-01
1.333330000000000071e-01
1.538460000000000001e-02
7.425739999999999563e-01
5.789469999999999894e-01
7.812500000000000000e-02
0.000000000000000000e+00
7.087379999999999791e-01
4.736839999999999939e-01
7.812500000000000000e-02
