6.250000000000000000e-01
5.272729999999999917e-01
4.047620000000000107e-01
-4.132229999999999931e-02
5.483869999999999578e-01
4.363639999999999741e-01
3.684209999999999985e-01
-3.125000000000000000e-02
5.000000000000000000e-01
7.087379999999999791e-01
3.684209999999999985e-01
-3.125000000000000000e-02
5.483869999999999578e-01
5.384619999999999962e-01
3.043480000000000074e-01
-6.779659999999999853e-02
5.000000000000000000e-01
5.533979999999999455e-01
3.734939999999999927e-01
-1.219510000000000038e-01
5.076920000000000321e-01
5.533979999999999455e-01
2.888890000000000069e-01
-5.600000000000000117e-02
5.000000000000000000e-01
5.384619999999999962e-01
2.873560000000000003e-01
-1.166670000000000068e-01
3.846149999999999847e-01
5.841579999999999551e-01
2.421049999999999869e-01
-1.562500000000000000e-02
5.000000000000000000e-01
5.533979999999999455e-01
2.421049999999999869e-01
-9.375000000000000000e-02
