6.250000000000000000e-01
4.727270000000000083e-01
2.857140000000000235e-01
-1.239669999999999939e-01
6.774189999999999934e-01
3.818179999999999907e-01
1.578950000000000076e-01
-1.562500000000000000e-01
3.437500000000000000e-01
3.980580000000000229e-01
1.578950000000000076e-01
-2.187500000000000000e-01
8.387099999999999556e-01
6.923080000000000345e-01
4.347829999999999750e-01
3.389829999999999927e-02
7.812500000000000000e-01
7.087379999999999791e-01
3.975899999999999990e-01
-8.943089999999999373e-02
5.384619999999999962e-01
6.310679999999999623e-01
4.222219999999999862e-01
-7.199999999999999456e-02
7.812500000000000000e-01
6.923080000000000345e-01
5.402299999999999880e-01
0.000000000000000000e+00
7.846149999999999514e-01
6.633660000000000112e-01
3.684209999999999985e-01
1.562500000000000000e-02
7.812500000000000000e-01
6.310679999999999623e-01
3.684209999999999985e-01
1.562500000000000000e-02
