-6.875000000000000000e-01
-5.454549999999999677e-02
-2.380950000000000080e-02
-2.231400000000000050e-01
-5.806449999999999667e-01
3.636360000000000287e-02
-1.052630000000000059e-02
-1.562500000000000000e-01
-5.937500000000000000e-01
1.844659999999999911e-01
1.578950000000000076e-01
-1.562500000000000000e-01
-4.516129999999999867e-01
3.846150000000000263e-02
-2.173910000000000078e-02
-1.525420000000000109e-01
-4.687500000000000000e-01
1.262139999999999929e-01
1.204820000000000023e-02
-2.682930000000000037e-01
-4.461539999999999950e-01
1.262139999999999929e-01
6.666669999999999541e-02
-1.360000000000000098e-01
-5.000000000000000000e-01
1.538460000000000105e-01
8.045979999999999799e-02
-2.166669999999999985e-01
-4.769229999999999858e-01
1.881190000000000084e-01
5.263160000000000061e-02
-2.343750000000000000e-01
-5.000000000000000000e-01
1.650490000000000013e-01
1.368419999999999914e-01
-1.875000000000000000e-01
