0.000000000000000000e+00
-1.818180000000000143e-02
-2.857140000000000235e-01
-4.214879999999999738e-01
3.225809999999999789e-02
-9.090910000000000657e-02
-4.105260000000000020e-01
-5.000000000000000000e-01
-2.500000000000000000e-01
-1.067960000000000020e-01
-4.947369999999999823e-01
-5.625000000000000000e-01
0.000000000000000000e+00
0.000000000000000000e+00
-3.478260000000000240e-01
-4.237290000000000223e-01
-3.125000000000000000e-02
9.708740000000000425e-03
-4.457829999999999848e-01
-4.634150000000000214e-01
-1.538460000000000001e-02
8.737860000000000071e-02
-3.555559999999999832e-01
-4.560000000000000164e-01
9.375000000000000000e-02
7.692309999999999426e-02
-1.724140000000000117e-01
-3.833329999999999793e-01
1.076919999999999961e-01
2.970300000000000024e-02
-1.789469999999999950e-01
-3.437500000000000000e-01
-3.125000000000000000e-02
9.708740000000000425e-03
-2.631580000000000030e-01
-4.062500000000000000e-01
