-7.187500000000000000e-01
1.818180000000000143e-02
-4.761900000000000160e-02
-2.066119999999999901e-01
-7.096770000000000023e-01
-5.454549999999999677e-02
-3.157890000000000003e-02
-2.343750000000000000e-01
-7.187500000000000000e-01
-1.456310000000000104e-01
-2.000000000000000111e-01
-2.343750000000000000e-01
-6.129029999999999756e-01
-1.153850000000000015e-01
-1.956519999999999926e-01
-2.881360000000000032e-01
-8.125000000000000000e-01
-1.067960000000000020e-01
-1.807229999999999948e-01
-3.333329999999999904e-01
-6.923080000000000345e-01
-1.067960000000000020e-01
-2.000000000000000111e-01
-2.000000000000000111e-01
-7.812500000000000000e-01
-2.307690000000000019e-01
-2.643679999999999919e-01
-4.166670000000000096e-01
-7.538460000000000161e-01
-1.287129999999999941e-01
-2.631580000000000030e-01
-3.125000000000000000e-01
-6.875000000000000000e-01
-6.796119999999999939e-02
-1.789469999999999950e-01
-2.656250000000000000e-01
