3.125000000000000000e-01
1.636360000000000037e-01
-1.428570000000000118e-01
-2.066119999999999901e-01
2.258060000000000067e-01
9.090910000000000657e-02
5.263160000000000061e-02
-1.875000000000000000e-01
4.375000000000000000e-01
4.174760000000000137e-01
2.210529999999999995e-01
-6.250000000000000000e-02
3.870970000000000244e-01
3.846149999999999847e-01
4.347829999999999750e-02
-1.525420000000000109e-01
4.687500000000000000e-01
4.757279999999999842e-01
3.012050000000000005e-01
-8.943089999999999373e-02
4.769229999999999858e-01
3.980580000000000229e-01
2.222220000000000029e-01
-8.799999999999999489e-02
5.312500000000000000e-01
4.423079999999999790e-01
3.103449999999999820e-01
-1.166670000000000068e-01
4.153850000000000042e-01
4.851489999999999969e-01
3.473680000000000101e-01
-9.375000000000000000e-02
1.875000000000000000e-01
2.621359999999999801e-01
7.368420000000000525e-02
-9.375000000000000000e-02
