9.375000000000000000e-02
1.090909999999999935e-01
-1.190480000000000010e-01
-4.214879999999999738e-01
1.290320000000000078e-01
-1.818180000000000143e-02
-2.421049999999999869e-01
-4.531250000000000000e-01
-3.125000000000000000e-02
4.854370000000000213e-02
-3.263159999999999950e-01
-5.156250000000000000e-01
3.548390000000000155e-01
3.461540000000000172e-01
1.304349999999999954e-01
-1.525420000000000109e-01
1.875000000000000000e-01
1.844659999999999911e-01
-1.084340000000000026e-01
-3.658540000000000125e-01
2.000000000000000111e-01
1.067960000000000020e-01
-4.444440000000000196e-02
-3.599999999999999867e-01
2.500000000000000000e-01
2.884619999999999962e-01
1.264369999999999938e-01
-2.999999999999999889e-01
1.384620000000000017e-01
1.485150000000000081e-01
-1.578950000000000076e-01
-3.906250000000000000e-01
2.500000000000000000e-01
3.009709999999999885e-01
1.052630000000000059e-02
-2.656250000000000000e-01
