7.812500000000000000e-01
8.909089999999999510e-01
9.047619999999999552e-01
1.900830000000000020e-01
6.774189999999999934e-01
6.909089999999999954e-01
5.789469999999999894e-01
7.812500000000000000e-02
5.000000000000000000e-01
8.058250000000000135e-01
5.789469999999999894e-01
7.812500000000000000e-02
6.774189999999999934e-01
9.038460000000000383e-01
8.695650000000000324e-01
2.542369999999999908e-01
5.000000000000000000e-01
9.223299999999999832e-01
1.000000000000000000e+00
1.219510000000000038e-01
5.076920000000000321e-01
8.252429999999999488e-01
8.444439999999999724e-01
1.839999999999999969e-01
6.562500000000000000e-01
9.038460000000000383e-01
8.620689999999999742e-01
2.333330000000000126e-01
5.076920000000000321e-01
9.603960000000000274e-01
7.684210000000000207e-01
1.718750000000000000e-01
5.000000000000000000e-01
8.252429999999999488e-01
6.421050000000000368e-01
1.718750000000000000e-01
