3.750000000000000000e-01
3.090910000000000046e-01
4.761900000000000160e-02
-2.066119999999999901e-01
4.193549999999999778e-01
3.090910000000000046e-01
1.368419999999999914e-01
-1.250000000000000000e-01
5.000000000000000000e-01
4.757279999999999842e-01
2.210529999999999995e-01
-7.812500000000000000e-02
4.193549999999999778e-01
4.615380000000000038e-01
1.086960000000000010e-01
-1.525420000000000109e-01
5.000000000000000000e-01
4.757279999999999842e-01
3.734939999999999927e-01
-1.382110000000000005e-01
5.076920000000000321e-01
4.757279999999999842e-01
3.111110000000000264e-01
8.000000000000000167e-03
3.125000000000000000e-01
4.038459999999999828e-01
1.724140000000000117e-01
-2.166669999999999985e-01
3.230770000000000031e-01
5.247519999999999962e-01
3.052630000000000066e-01
-1.250000000000000000e-01
4.375000000000000000e-01
4.951459999999999750e-01
2.210529999999999995e-01
-1.562500000000000000e-02
