-1.875000000000000000e-01
5.636360000000000259e-01
5.714289999999999647e-01
1.074380000000000057e-01
-1.612899999999999889e-01
4.909089999999999843e-01
5.157890000000000530e-01
4.687500000000000000e-02
-2.812500000000000000e-01
6.699030000000000262e-01
5.157890000000000530e-01
4.687500000000000000e-02
-2.580649999999999888e-01
6.346150000000000402e-01
3.260870000000000157e-01
1.016949999999999937e-01
-2.812500000000000000e-01
5.728159999999999918e-01
5.180719999999999770e-01
4.065040000000000320e-02
-2.615379999999999927e-01
6.504849999999999799e-01
5.333329999999999460e-01
4.000000000000000083e-02
-1.562500000000000000e-01
5.192309999999999981e-01
4.022990000000000177e-01
0.000000000000000000e+00
-1.384620000000000017e-01
6.633660000000000112e-01
5.578950000000000298e-01
1.562500000000000000e-02
-2.812500000000000000e-01
5.339810000000000390e-01
3.473680000000000101e-01
1.562500000000000000e-02
