-1.562500000000000000e-01
-1.636360000000000037e-01
-3.809520000000000128e-01
-5.537189999999999612e-01
-1.290320000000000078e-01
-1.636360000000000037e-01
-3.894739999999999869e-01
-5.625000000000000000e-01
-2.812500000000000000e-01
-1.067960000000000020e-01
-5.368420000000000414e-01
-5.625000000000000000e-01
-2.580649999999999888e-01
-2.307690000000000019e-01
-3.695649999999999769e-01
-5.762709999999999777e-01
-2.812500000000000000e-01
-1.456310000000000104e-01
-5.662650000000000183e-01
-6.097559999999999647e-01
-2.615379999999999927e-01
-1.456310000000000104e-01
-4.666669999999999985e-01
-5.360000000000000320e-01
-2.500000000000000000e-01
-1.153850000000000015e-01
-5.862070000000000336e-01
-6.166669999999999652e-01
-1.076919999999999961e-01
-1.683169999999999944e-01
-4.947369999999999823e-01
-5.625000000000000000e-01
-2.500000000000000000e-01
-1.067960000000000020e-01
-4.947369999999999823e-01
-6.093750000000000000e-01
