-6.875000000000000000e-01
-1.636360000000000037e-01
-1.904760000000000064e-01
-2.892560000000000131e-01
-6.774189999999999934e-01
-9.090910000000000657e-02
1.052630000000000059e-02
-2.187500000000000000e-01
-5.937500000000000000e-01
-2.912620000000000139e-02
-7.368420000000000525e-02
-2.187500000000000000e-01
-6.774189999999999934e-01
-7.692309999999999426e-02
-1.739130000000000120e-01
-1.864409999999999956e-01
-6.875000000000000000e-01
-6.796119999999999939e-02
-3.614459999999999895e-02
-2.845530000000000004e-01
-4.769229999999999858e-01
-6.796119999999999939e-02
-8.888890000000000680e-02
-2.800000000000000266e-01
-6.562500000000000000e-01
-7.692309999999999426e-02
-8.045979999999999799e-02
-3.166669999999999763e-01
-6.307690000000000241e-01
-4.950500000000000039e-02
-1.789469999999999950e-01
-2.812500000000000000e-01
-5.312500000000000000e-01
-1.262139999999999929e-01
-1.789469999999999950e-01
-3.437500000000000000e-01
