2.187500000000000000e-01
1.636360000000000037e-01
4.761900000000000160e-02
-2.396689999999999932e-01
5.483869999999999578e-01
4.545449999999999768e-01
2.421049999999999869e-01
-9.375000000000000000e-02
5.000000000000000000e-01
5.533979999999999455e-01
3.263159999999999950e-01
-9.375000000000000000e-02
-7.096770000000000023e-01
-6.923080000000000345e-01
3.913039999999999852e-01
3.220339999999999869e-01
-1.875000000000000000e-01
-1.456310000000000104e-01
6.024100000000000288e-02
-1.707319999999999949e-01
3.230770000000000031e-01
3.398059999999999969e-01
2.000000000000000111e-01
-1.680000000000000104e-01
-8.125000000000000000e-01
-8.076919999999999655e-01
5.172409999999999508e-01
5.000000000000000000e-01
-5.999999999999999778e-01
-5.247519999999999962e-01
2.631580000000000030e-01
7.812500000000000000e-02
9.375000000000000000e-02
1.067960000000000020e-01
7.368420000000000525e-02
-2.187500000000000000e-01
