-4.687500000000000000e-01
2.181819999999999871e-01
1.904760000000000064e-01
-1.735540000000000138e-01
-3.548390000000000155e-01
5.454549999999999677e-02
9.473679999999999601e-02
-9.375000000000000000e-02
-3.750000000000000000e-01
1.262139999999999929e-01
9.473679999999999601e-02
-9.375000000000000000e-02
-4.838709999999999956e-01
7.692309999999999426e-02
2.173910000000000078e-02
-1.186439999999999995e-01
-5.000000000000000000e-01
8.737860000000000071e-02
-3.614459999999999895e-02
-1.707319999999999949e-01
-3.538459999999999939e-01
2.427179999999999893e-01
1.111110000000000014e-01
-1.039999999999999952e-01
-2.812500000000000000e-01
1.538460000000000105e-01
8.045979999999999799e-02
-1.833329999999999960e-01
-2.615379999999999927e-01
1.881190000000000084e-01
5.263160000000000061e-02
-9.375000000000000000e-02
-2.812500000000000000e-01
3.203880000000000061e-01
1.368419999999999914e-01
-1.562500000000000000e-02
