-2.812500000000000000e-01
-2.000000000000000111e-01
-5.952380000000000448e-01
-6.363640000000000407e-01
-2.580649999999999888e-01
-2.000000000000000111e-01
-5.157890000000000530e-01
-5.937500000000000000e-01
-1.875000000000000000e-01
-6.796119999999999939e-02
-5.157890000000000530e-01
-5.312500000000000000e-01
-1.290320000000000078e-01
-1.153850000000000015e-01
-5.217389999999999528e-01
-5.932199999999999696e-01
-1.562500000000000000e-01
4.854370000000000213e-02
-3.734939999999999927e-01
-5.772359999999999713e-01
-1.384620000000000017e-01
4.854370000000000213e-02
-2.888890000000000069e-01
-4.400000000000000022e-01
-6.250000000000000000e-02
-7.692309999999999426e-02
-4.252870000000000261e-01
-5.999999999999999778e-01
-1.384620000000000017e-01
2.970300000000000024e-02
-3.263159999999999950e-01
-4.843750000000000000e-01
-1.562500000000000000e-01
-6.796119999999999939e-02
-3.263159999999999950e-01
-5.468750000000000000e-01
