1.250000000000000000e-01
1.272729999999999972e-01
0.000000000000000000e+00
-2.396689999999999932e-01
-9.677420000000000466e-02
-1.636360000000000037e-01
-1.578950000000000076e-01
-2.187500000000000000e-01
-2.500000000000000000e-01
-2.427179999999999893e-01
-1.578950000000000076e-01
-2.187500000000000000e-01
2.903229999999999977e-01
3.076920000000000210e-01
2.173910000000000078e-02
-1.864409999999999956e-01
1.250000000000000000e-01
8.737860000000000071e-02
-3.614459999999999895e-02
-2.357720000000000093e-01
-1.076919999999999961e-01
-6.796119999999999939e-02
-2.666669999999999874e-01
-1.680000000000000104e-01
9.375000000000000000e-02
1.538460000000000105e-01
-1.149430000000000070e-02
-3.166669999999999763e-01
2.307690000000000019e-01
2.673269999999999813e-01
-3.157890000000000003e-02
-2.187500000000000000e-01
2.187500000000000000e-01
2.427179999999999893e-01
-3.157890000000000003e-02
-2.812500000000000000e-01
