-3.750000000000000000e-01
-5.090909999999999602e-01
-5.476189999999999669e-01
-5.702479999999999771e-01
-5.806449999999999667e-01
-5.090909999999999602e-01
-5.578950000000000298e-01
-5.312500000000000000e-01
-5.000000000000000000e-01
-4.174760000000000137e-01
-4.736839999999999939e-01
-5.312500000000000000e-01
-5.161289999999999489e-01
-4.807690000000000019e-01
-5.434780000000000166e-01
-5.084750000000000103e-01
-5.312500000000000000e-01
-3.980580000000000229e-01
-4.939760000000000262e-01
-6.097559999999999647e-01
-6.307690000000000241e-01
-4.757279999999999842e-01
-4.666669999999999985e-01
-5.360000000000000320e-01
-6.250000000000000000e-01
-4.423079999999999790e-01
-5.402299999999999880e-01
-5.833329999999999904e-01
-4.769229999999999858e-01
-4.257429999999999826e-01
-5.157890000000000530e-01
-5.312500000000000000e-01
-6.250000000000000000e-01
-3.592230000000000145e-01
-5.157890000000000530e-01
-5.312500000000000000e-01
