6.250000000000000000e-02
1.090909999999999935e-01
-3.095240000000000213e-01
-3.388430000000000053e-01
9.677420000000000466e-02
3.636360000000000287e-02
-2.631580000000000030e-01
-3.125000000000000000e-01
-6.250000000000000000e-02
1.067960000000000020e-01
-9.473679999999999601e-02
-4.375000000000000000e-01
1.612899999999999889e-01
2.884619999999999962e-01
-2.173910000000000078e-02
-2.711859999999999826e-01
1.250000000000000000e-01
2.038830000000000087e-01
-8.433730000000000393e-02
-3.821140000000000092e-01
1.538460000000000001e-02
1.262139999999999929e-01
-2.000000000000000111e-01
-3.760000000000000009e-01
-3.125000000000000000e-02
1.538460000000000105e-01
-1.149430000000000070e-02
-3.333329999999999904e-01
-1.538460000000000001e-02
1.881190000000000084e-01
-1.368419999999999914e-01
-3.593750000000000000e-01
-3.125000000000000000e-02
2.427179999999999893e-01
-2.210529999999999995e-01
-3.593750000000000000e-01
