-8.125000000000000000e-01
-8.363639999999999963e-01
7.142859999999999765e-01
6.363640000000000407e-01
-8.064519999999999467e-01
-7.818180000000000129e-01
5.157890000000000530e-01
4.375000000000000000e-01
-5.937500000000000000e-01
-6.504849999999999799e-01
2.210529999999999995e-01
1.562500000000000000e-01
-7.419350000000000112e-01
-8.653849999999999598e-01
5.217389999999999528e-01
6.949149999999999494e-01
-7.500000000000000000e-01
-8.058250000000000135e-01
4.939760000000000262e-01
4.796750000000000180e-01
-7.230769999999999698e-01
-7.475730000000000430e-01
5.111109999999999820e-01
3.280000000000000138e-01
-8.125000000000000000e-01
-8.653849999999999598e-01
7.011490000000000222e-01
5.833329999999999904e-01
-6.923080000000000345e-01
-9.009899999999999576e-01
6.210529999999999662e-01
6.250000000000000000e-01
-8.125000000000000000e-01
-9.029129999999999656e-01
5.157890000000000530e-01
5.625000000000000000e-01
