-7.187500000000000000e-01
-8.727270000000000305e-01
4.523809999999999776e-01
5.867769999999999930e-01
-8.064519999999999467e-01
-8.727270000000000305e-01
3.052630000000000066e-01
5.625000000000000000e-01
-8.125000000000000000e-01
-9.029129999999999656e-01
4.105260000000000020e-01
5.000000000000000000e-01
-4.838709999999999956e-01
-6.538460000000000383e-01
1.304349999999999954e-01
2.203390000000000071e-01
-7.187500000000000000e-01
-8.058250000000000135e-01
3.975899999999999990e-01
3.983740000000000059e-01
-7.846149999999999514e-01
-8.058250000000000135e-01
2.222220000000000029e-01
3.920000000000000151e-01
-1.562500000000000000e-01
-1.538460000000000105e-01
-1.724140000000000117e-01
-2.333330000000000126e-01
-6.615379999999999594e-01
-6.831679999999999975e-01
-1.052630000000000059e-02
2.343750000000000000e-01
-8.750000000000000000e-01
-7.475730000000000430e-01
1.578950000000000076e-01
2.812500000000000000e-01
