7.500000000000000000e-01
6.363640000000000407e-01
3.809520000000000128e-01
8.264459999999999515e-03
6.774189999999999934e-01
4.727270000000000083e-01
3.473680000000000101e-01
1.562500000000000000e-02
6.250000000000000000e-01
6.504849999999999799e-01
3.473680000000000101e-01
-4.687500000000000000e-02
8.387099999999999556e-01
6.923080000000000345e-01
3.260870000000000157e-01
-3.389829999999999927e-02
6.562500000000000000e-01
6.310679999999999623e-01
3.975899999999999990e-01
-1.382110000000000005e-01
5.384619999999999962e-01
5.339810000000000390e-01
4.222219999999999862e-01
-7.199999999999999456e-02
5.000000000000000000e-01
4.423079999999999790e-01
2.183910000000000018e-01
-1.833329999999999960e-01
3.846149999999999847e-01
4.059409999999999963e-01
1.789469999999999950e-01
-1.562500000000000000e-01
5.000000000000000000e-01
3.786410000000000053e-01
1.789469999999999950e-01
-2.187500000000000000e-01
