-6.250000000000000000e-02
3.636360000000000287e-02
7.142859999999999487e-02
-1.074380000000000057e-01
3.548390000000000155e-01
1.818180000000000074e-01
1.578950000000000076e-01
-4.687500000000000000e-02
5.312500000000000000e-01
5.339810000000000390e-01
3.473680000000000101e-01
1.562500000000000000e-02
6.774189999999999934e-01
6.923080000000000345e-01
4.565219999999999834e-01
1.694920000000000038e-01
7.812500000000000000e-01
7.087379999999999791e-01
6.626509999999999900e-01
1.056909999999999933e-01
6.307690000000000241e-01
5.339810000000000390e-01
4.444440000000000057e-01
-8.000000000000000167e-03
7.812500000000000000e-01
8.076919999999999655e-01
7.241379999999999484e-01
1.499999999999999944e-01
5.076920000000000321e-01
7.623760000000000536e-01
5.157890000000000530e-01
4.687500000000000000e-02
6.250000000000000000e-01
4.757279999999999842e-01
2.210529999999999995e-01
-1.875000000000000000e-01
