4.375000000000000000e-01
4.000000000000000222e-01
1.428570000000000118e-01
-1.404960000000000098e-01
3.548390000000000155e-01
2.545450000000000212e-01
-3.157890000000000003e-02
-1.875000000000000000e-01
3.125000000000000000e-01
3.398059999999999969e-01
5.263160000000000061e-02
-2.343750000000000000e-01
8.064519999999999467e-01
6.346150000000000402e-01
4.347829999999999750e-01
1.016949999999999937e-01
6.250000000000000000e-01
4.757279999999999842e-01
3.012050000000000005e-01
-8.943089999999999373e-02
3.538459999999999939e-01
3.203880000000000061e-01
2.222220000000000029e-01
-2.000000000000000111e-01
7.812500000000000000e-01
6.923080000000000345e-01
6.321839999999999682e-01
5.000000000000000278e-02
6.615379999999999594e-01
5.643559999999999688e-01
3.473680000000000101e-01
1.562500000000000000e-02
5.312500000000000000e-01
3.592230000000000145e-01
7.368420000000000525e-02
-2.031250000000000000e-01
