5.625000000000000000e-01
4.909089999999999843e-01
4.523809999999999776e-01
-7.438019999999999354e-02
4.838709999999999956e-01
4.909089999999999843e-01
3.052630000000000066e-01
-1.562500000000000000e-02
5.625000000000000000e-01
6.699030000000000262e-01
5.157890000000000530e-01
-1.562500000000000000e-02
6.774189999999999934e-01
6.346150000000000402e-01
4.347829999999999750e-01
-3.389829999999999927e-02
6.250000000000000000e-01
6.504849999999999799e-01
3.975899999999999990e-01
-2.439020000000000077e-02
6.307690000000000241e-01
6.504849999999999799e-01
5.333329999999999460e-01
4.000000000000000083e-02
6.562500000000000000e-01
6.923080000000000345e-01
5.172409999999999508e-01
0.000000000000000000e+00
5.384619999999999962e-01
7.425739999999999563e-01
4.526319999999999788e-01
-4.687500000000000000e-02
5.312500000000000000e-01
7.087379999999999791e-01
3.473680000000000101e-01
1.562500000000000000e-02
