-3.125000000000000000e-02
-9.090910000000000657e-02
-1.904760000000000064e-01
-4.876030000000000086e-01
0.000000000000000000e+00
-1.818180000000000143e-02
-3.263159999999999950e-01
-4.531250000000000000e-01
-3.125000000000000000e-02
4.854370000000000213e-02
-3.263159999999999950e-01
-4.531250000000000000e-01
-3.225809999999999789e-02
0.000000000000000000e+00
-4.565219999999999834e-01
-5.762709999999999777e-01
6.250000000000000000e-02
9.708740000000000425e-03
-3.734939999999999927e-01
-4.959350000000000147e-01
-4.615380000000000177e-02
9.708740000000000425e-03
-2.888890000000000069e-01
-4.719999999999999751e-01
-1.250000000000000000e-01
-3.846150000000000263e-02
-4.252870000000000261e-01
-5.500000000000000444e-01
-1.076919999999999961e-01
-9.900990000000000138e-03
-4.947369999999999823e-01
-5.000000000000000000e-01
-1.250000000000000000e-01
-1.067960000000000020e-01
-4.105260000000000020e-01
-5.000000000000000000e-01
