-5.000000000000000000e-01
1.636360000000000037e-01
1.428570000000000118e-01
-9.090910000000000657e-02
-4.838709999999999956e-01
2.363639999999999908e-01
2.210529999999999995e-01
-1.562500000000000000e-02
-5.000000000000000000e-01
1.650490000000000013e-01
2.210529999999999995e-01
-1.250000000000000000e-01
-2.580649999999999888e-01
3.076920000000000210e-01
2.173910000000000009e-01
-8.474579999999999613e-02
-4.062500000000000000e-01
3.203880000000000061e-01
3.734939999999999927e-01
-5.691059999999999869e-02
-2.615379999999999927e-01
3.203880000000000061e-01
3.111110000000000264e-01
-7.199999999999999456e-02
-2.812500000000000000e-01
2.307690000000000019e-01
3.563220000000000276e-01
-8.333329999999999904e-02
-2.615379999999999927e-01
3.663370000000000237e-01
3.052630000000000066e-01
-6.250000000000000000e-02
-2.812500000000000000e-01
4.174760000000000137e-01
5.157890000000000530e-01
-1.562500000000000000e-02
