-2.500000000000000000e-01
-2.000000000000000111e-01
2.380950000000000011e-01
4.132229999999999931e-02
-9.677420000000000466e-02
-1.272729999999999972e-01
2.210529999999999995e-01
4.687500000000000000e-02
-3.125000000000000000e-02
1.650490000000000013e-01
2.210529999999999995e-01
-7.812500000000000000e-02
-1.290320000000000078e-01
1.538460000000000105e-01
3.043480000000000074e-01
6.779659999999999853e-02
-1.562500000000000000e-01
3.203880000000000061e-01
2.771080000000000210e-01
-5.691059999999999869e-02
1.076919999999999961e-01
3.980580000000000229e-01
2.000000000000000111e-01
-1.360000000000000098e-01
-1.875000000000000000e-01
7.692309999999999426e-02
2.643679999999999919e-01
3.333330000000000320e-02
-1.692309999999999925e-01
1.881190000000000084e-01
1.368419999999999914e-01
-6.250000000000000000e-02
-2.812500000000000000e-01
1.650490000000000013e-01
1.368419999999999914e-01
-6.250000000000000000e-02
