-2.812500000000000000e-01
-5.454549999999999677e-02
-4.761900000000000160e-02
-1.735540000000000138e-01
-1.290320000000000078e-01
3.090910000000000046e-01
2.421049999999999869e-01
-1.562500000000000000e-02
-1.562500000000000000e-01
4.757279999999999842e-01
2.421049999999999869e-01
-1.562500000000000000e-02
-3.870970000000000244e-01
-2.307690000000000019e-01
-3.260870000000000157e-01
-3.050849999999999951e-01
-4.062500000000000000e-01
9.708740000000000425e-03
-3.614459999999999895e-02
-2.357720000000000093e-01
-2.615379999999999927e-01
1.650490000000000013e-01
2.888890000000000069e-01
-4.000000000000000083e-02
-4.062500000000000000e-01
3.846150000000000263e-02
-8.045979999999999799e-02
-2.500000000000000000e-01
-2.615379999999999927e-01
2.673269999999999813e-01
7.368420000000000525e-02
-4.687500000000000000e-02
-1.562500000000000000e-01
4.757279999999999842e-01
3.473680000000000101e-01
1.562500000000000000e-02
