5.000000000000000000e-01
5.272729999999999917e-01
3.095240000000000213e-01
-4.132229999999999931e-02
5.483869999999999578e-01
3.636360000000000148e-01
3.684209999999999985e-01
-9.375000000000000000e-02
3.750000000000000000e-01
6.310679999999999623e-01
1.789469999999999950e-01
-9.375000000000000000e-02
5.483869999999999578e-01
4.615380000000000038e-01
1.956519999999999926e-01
-6.779659999999999853e-02
5.000000000000000000e-01
4.757279999999999842e-01
2.530120000000000147e-01
-1.219510000000000038e-01
5.076920000000000321e-01
5.533979999999999455e-01
2.888890000000000069e-01
-5.600000000000000117e-02
2.187500000000000000e-01
2.307690000000000019e-01
8.045979999999999799e-02
-2.500000000000000000e-01
5.076920000000000321e-01
5.841579999999999551e-01
2.421049999999999869e-01
-9.375000000000000000e-02
5.000000000000000000e-01
5.533979999999999455e-01
3.263159999999999950e-01
-9.375000000000000000e-02
