4.687500000000000000e-01
3.818179999999999907e-01
1.666670000000000096e-01
-1.735540000000000138e-01
5.161289999999999489e-01
3.818179999999999907e-01
2.631580000000000030e-01
-1.562500000000000000e-01
3.437500000000000000e-01
2.427179999999999893e-01
-1.052630000000000059e-02
-2.187500000000000000e-01
4.516129999999999867e-01
5.192309999999999981e-01
1.304349999999999954e-01
-1.525420000000000109e-01
4.062500000000000000e-01
4.563110000000000221e-01
8.433730000000000393e-02
-2.032519999999999882e-01
3.230770000000000031e-01
2.621359999999999801e-01
2.222220000000000029e-01
-2.479999999999999982e-01
3.750000000000000000e-01
4.423079999999999790e-01
2.183910000000000018e-01
-2.500000000000000000e-01
3.846149999999999847e-01
3.267329999999999957e-01
9.473679999999999601e-02
-2.187500000000000000e-01
3.750000000000000000e-01
3.786410000000000053e-01
1.052630000000000059e-02
-2.187500000000000000e-01
