-7.187500000000000000e-01
-8.727270000000000305e-01
5.714289999999999647e-01
5.867769999999999930e-01
-4.838709999999999956e-01
-5.999999999999999778e-01
2.210529999999999995e-01
1.093750000000000000e-01
-2.812500000000000000e-01
-4.368929999999999758e-01
-2.000000000000000111e-01
-2.968750000000000000e-01
-3.870970000000000244e-01
-3.653850000000000153e-01
-4.347829999999999750e-02
-1.525420000000000109e-01
-2.812500000000000000e-01
-2.427179999999999893e-01
-4.457829999999999848e-01
-5.121949999999999559e-01
-1.384620000000000017e-01
-1.650490000000000013e-01
-4.444440000000000057e-01
-5.520000000000000462e-01
-1.562500000000000000e-01
-2.307690000000000019e-01
-6.781610000000000138e-01
-7.166670000000000540e-01
-3.538459999999999939e-01
-2.079209999999999947e-01
-5.789469999999999894e-01
-5.937500000000000000e-01
-2.812500000000000000e-01
-3.009709999999999885e-01
-6.421050000000000368e-01
-6.562500000000000000e-01
