-9.375000000000000000e-01
-9.090909999999999824e-01
3.809520000000000128e-01
6.859499999999999487e-01
-9.354839999999999822e-01
-9.454550000000000454e-01
2.631580000000000030e-01
7.187500000000000000e-01
-9.375000000000000000e-01
-9.417480000000000295e-01
3.473680000000000101e-01
6.562500000000000000e-01
-8.709679999999999644e-01
-9.230770000000000364e-01
3.260870000000000157e-01
6.949149999999999494e-01
-8.750000000000000000e-01
-9.223299999999999832e-01
3.975899999999999990e-01
6.097559999999999647e-01
-8.461539999999999617e-01
-9.223299999999999832e-01
3.333329999999999904e-01
6.640000000000000346e-01
-8.750000000000000000e-01
-8.653849999999999598e-01
4.252870000000000261e-01
5.666670000000000318e-01
-8.461539999999999617e-01
-9.207920000000000549e-01
3.684209999999999985e-01
5.937500000000000000e-01
-8.750000000000000000e-01
-9.223299999999999832e-01
3.684209999999999985e-01
5.937500000000000000e-01
