-6.250000000000000000e-01
-6.181820000000000093e-01
-1.904760000000000064e-01
7.438019999999999354e-02
-3.870970000000000244e-01
-3.454550000000000121e-01
-1.578950000000000076e-01
-2.812500000000000000e-01
-1.562500000000000000e-01
-1.650490000000000013e-01
-2.421049999999999869e-01
-4.531250000000000000e-01
-3.225809999999999789e-02
9.615379999999999761e-02
-2.173910000000000009e-01
-3.220339999999999869e-01
6.250000000000000000e-02
1.844659999999999911e-01
-3.012050000000000005e-01
-3.658540000000000125e-01
7.692309999999999426e-02
1.067960000000000020e-01
-2.222220000000000029e-01
-2.959999999999999853e-01
1.250000000000000000e-01
3.653850000000000153e-01
3.448280000000000095e-02
-2.999999999999999889e-01
1.384620000000000017e-01
3.267329999999999957e-01
1.052630000000000059e-02
-2.656250000000000000e-01
1.250000000000000000e-01
2.038830000000000087e-01
-7.368420000000000525e-02
-3.281250000000000000e-01
