-1.875000000000000000e-01
4.909089999999999843e-01
4.523809999999999776e-01
-2.479340000000000016e-02
-3.225809999999999789e-02
4.000000000000000222e-01
4.105260000000000020e-01
-1.562500000000000000e-02
-1.875000000000000000e-01
4.951459999999999750e-01
5.157890000000000530e-01
-1.562500000000000000e-02
-2.580649999999999888e-01
4.615380000000000038e-01
2.391300000000000092e-01
-3.389829999999999927e-02
-4.062500000000000000e-01
3.980580000000000229e-01
3.012050000000000005e-01
-8.943089999999999373e-02
-3.846149999999999847e-01
3.203880000000000061e-01
3.333329999999999904e-01
-2.400000000000000050e-02
-4.687500000000000000e-01
2.500000000000000000e-01
4.022990000000000177e-01
-1.166670000000000068e-01
-4.461539999999999950e-01
2.871290000000000231e-01
1.578950000000000076e-01
-1.562500000000000000e-01
-4.687500000000000000e-01
1.844659999999999911e-01
1.578950000000000076e-01
-1.562500000000000000e-01
