5.000000000000000000e-01
4.545449999999999768e-01
4.761900000000000022e-01
-9.090910000000000657e-02
5.483869999999999578e-01
3.818179999999999907e-01
4.315789999999999904e-01
-1.250000000000000000e-01
5.000000000000000000e-01
3.980580000000000229e-01
2.210529999999999995e-01
-1.250000000000000000e-01
5.483869999999999578e-01
4.615380000000000038e-01
3.043480000000000074e-01
-8.474579999999999613e-02
5.000000000000000000e-01
5.533979999999999455e-01
2.771080000000000210e-01
-1.382110000000000005e-01
5.076920000000000321e-01
4.757279999999999842e-01
4.000000000000000222e-01
-7.199999999999999456e-02
4.375000000000000000e-01
4.807690000000000019e-01
2.643679999999999919e-01
-1.499999999999999944e-01
5.692310000000000425e-01
6.237620000000000386e-01
2.210529999999999995e-01
-1.250000000000000000e-01
3.125000000000000000e-01
3.398059999999999969e-01
5.263160000000000061e-02
-2.343750000000000000e-01
