5.000000000000000000e-01
2.363639999999999908e-01
4.761900000000000160e-02
-1.735540000000000138e-01
5.483869999999999578e-01
3.818179999999999907e-01
5.263160000000000061e-02
-1.562500000000000000e-01
5.000000000000000000e-01
4.757279999999999842e-01
2.421049999999999869e-01
-1.562500000000000000e-01
3.548390000000000155e-01
4.038459999999999828e-01
2.173910000000000078e-02
-1.186439999999999995e-01
3.125000000000000000e-01
4.174760000000000137e-01
1.566269999999999885e-01
-2.845530000000000004e-01
4.461539999999999950e-01
4.174760000000000137e-01
2.222220000000000098e-02
-1.680000000000000104e-01
3.437500000000000000e-01
4.615380000000000038e-01
3.103449999999999820e-01
-1.833329999999999960e-01
3.538459999999999939e-01
4.257429999999999826e-01
7.368420000000000525e-02
-2.187500000000000000e-01
2.187500000000000000e-01
3.203880000000000061e-01
7.368420000000000525e-02
-2.187500000000000000e-01
