3.125000000000000000e-01
3.272729999999999806e-01
1.428570000000000118e-01
-2.561979999999999813e-01
3.548390000000000155e-01
2.545450000000000212e-01
1.368419999999999914e-01
-1.875000000000000000e-01
3.125000000000000000e-01
3.398059999999999969e-01
1.368419999999999914e-01
-1.250000000000000000e-01
3.870970000000000244e-01
3.076920000000000210e-01
1.304349999999999954e-01
-1.525420000000000109e-01
3.437500000000000000e-01
3.203880000000000061e-01
8.433730000000000393e-02
-2.682930000000000037e-01
3.538459999999999939e-01
3.980580000000000229e-01
2.222220000000000029e-01
-1.360000000000000098e-01
3.125000000000000000e-01
4.423079999999999790e-01
1.954019999999999924e-01
-1.833329999999999960e-01
3.230770000000000031e-01
4.851489999999999969e-01
3.473680000000000101e-01
-9.375000000000000000e-02
5.312500000000000000e-01
5.339810000000000390e-01
3.473680000000000101e-01
-9.375000000000000000e-02
