-1.562500000000000000e-01
5.454550000000000232e-01
6.190480000000000427e-01
1.239669999999999939e-01
-1.290320000000000078e-01
5.454550000000000232e-01
6.842110000000000136e-01
7.812500000000000000e-02
-2.812500000000000000e-01
6.504849999999999799e-01
5.578950000000000298e-01
7.812500000000000000e-02
-2.580649999999999888e-01
6.153849999999999598e-01
5.434780000000000166e-01
2.033899999999999875e-01
-2.812500000000000000e-01
6.310679999999999623e-01
5.180719999999999770e-01
2.439020000000000077e-02
-1.384620000000000017e-01
6.310679999999999623e-01
6.444440000000000168e-01
8.799999999999999489e-02
-2.500000000000000000e-01
6.153849999999999598e-01
5.402299999999999880e-01
6.666669999999999541e-02
-1.076919999999999961e-01
6.633660000000000112e-01
5.789469999999999894e-01
7.812500000000000000e-02
-1.250000000000000000e-01
6.310679999999999623e-01
4.736839999999999939e-01
7.812500000000000000e-02
