1.875000000000000000e-01
9.090910000000000657e-02
-1.428570000000000118e-01
-2.561979999999999813e-01
-2.580649999999999888e-01
-4.727270000000000083e-01
1.368419999999999914e-01
4.687500000000000000e-02
-7.187500000000000000e-01
-8.640780000000000127e-01
4.105260000000000020e-01
5.625000000000000000e-01
6.774189999999999934e-01
4.615380000000000038e-01
1.304349999999999954e-01
-1.525420000000000109e-01
9.375000000000000000e-02
4.854370000000000213e-02
-1.084340000000000026e-01
-2.682930000000000037e-01
-4.769229999999999858e-01
-6.504849999999999799e-01
2.222220000000000029e-01
2.159999999999999976e-01
6.562500000000000000e-01
6.923080000000000345e-01
3.103449999999999820e-01
-6.666669999999999541e-02
5.384619999999999962e-01
4.851489999999999969e-01
1.578950000000000076e-01
-2.031250000000000000e-01
-1.562500000000000000e-01
-1.456310000000000104e-01
-1.789469999999999950e-01
-2.031250000000000000e-01
