-4.062500000000000000e-01
-1.818180000000000143e-02
7.142859999999999487e-02
-1.735540000000000138e-01
-4.838709999999999956e-01
-1.818180000000000143e-02
-9.473679999999999601e-02
-2.187500000000000000e-01
-5.000000000000000000e-01
4.854370000000000213e-02
-9.473679999999999601e-02
-2.187500000000000000e-01
-6.774189999999999934e-01
0.000000000000000000e+00
-1.304349999999999954e-01
-2.033899999999999875e-01
-5.937500000000000000e-01
9.708740000000000425e-03
-2.048190000000000011e-01
-3.170729999999999937e-01
-4.461539999999999950e-01
9.708740000000000425e-03
-4.444440000000000196e-02
-1.839999999999999969e-01
-5.937500000000000000e-01
-3.846150000000000263e-02
-1.494250000000000023e-01
-2.999999999999999889e-01
-4.461539999999999950e-01
-9.900990000000000138e-03
-1.578950000000000076e-01
-2.656250000000000000e-01
-5.937500000000000000e-01
-2.912620000000000139e-02
-1.578950000000000076e-01
-2.656250000000000000e-01
