-1.562500000000000000e-01
-5.454549999999999677e-02
-3.809520000000000128e-01
-4.049590000000000134e-01
-3.225809999999999789e-02
-5.454549999999999677e-02
-2.631580000000000030e-01
-3.125000000000000000e-01
6.250000000000000000e-02
1.067960000000000020e-01
-9.473679999999999601e-02
-3.125000000000000000e-01
-9.677420000000000466e-02
-1.923080000000000067e-01
-2.826089999999999991e-01
-3.389829999999999788e-01
-1.250000000000000000e-01
-1.067960000000000020e-01
-2.771080000000000210e-01
-3.821140000000000092e-01
1.538460000000000001e-02
4.854370000000000213e-02
-2.000000000000000111e-01
-3.119999999999999996e-01
-2.500000000000000000e-01
-1.538460000000000105e-01
-2.183910000000000018e-01
-2.666669999999999874e-01
-1.076919999999999961e-01
-1.287129999999999941e-01
-2.210529999999999995e-01
-2.968750000000000000e-01
-1.250000000000000000e-01
-6.796119999999999939e-02
-2.210529999999999995e-01
-2.968750000000000000e-01
