5.000000000000000000e-01
4.545449999999999768e-01
2.619049999999999989e-01
-1.074380000000000057e-01
5.483869999999999578e-01
3.818179999999999907e-01
3.263159999999999950e-01
-9.375000000000000000e-02
5.000000000000000000e-01
4.757279999999999842e-01
2.421049999999999869e-01
-9.375000000000000000e-02
6.129029999999999756e-01
5.769229999999999636e-01
1.956519999999999926e-01
-1.186439999999999995e-01
3.125000000000000000e-01
3.398059999999999969e-01
6.024100000000000288e-02
-2.845530000000000004e-01
-4.615380000000000177e-02
9.708740000000000425e-03
-2.444439999999999946e-01
-4.079999999999999738e-01
9.375000000000000000e-02
9.615379999999999761e-02
-1.494250000000000023e-01
-4.333330000000000237e-01
-1.384620000000000017e-01
-8.910890000000000477e-02
-3.894739999999999869e-01
-5.156250000000000000e-01
-2.812500000000000000e-01
-2.427179999999999893e-01
-5.368420000000000414e-01
-5.156250000000000000e-01
