-6.250000000000000000e-02
-5.454549999999999677e-02
-1.428570000000000118e-01
-3.884299999999999975e-01
9.677420000000000466e-02
9.090910000000000657e-02
-3.157890000000000003e-02
-2.343750000000000000e-01
-2.812500000000000000e-01
-4.368929999999999758e-01
1.368419999999999914e-01
1.093750000000000000e-01
0.000000000000000000e+00
-3.846150000000000263e-02
-4.347829999999999750e-01
-4.745759999999999978e-01
9.375000000000000000e-02
4.854370000000000213e-02
-2.771080000000000210e-01
-3.821140000000000092e-01
-1.538460000000000001e-02
4.854370000000000213e-02
-4.444440000000000196e-02
-1.360000000000000098e-01
-1.562500000000000000e-01
-7.692309999999999426e-02
-3.333329999999999904e-01
-4.166670000000000096e-01
-1.384620000000000017e-01
-4.950500000000000039e-02
-2.631580000000000030e-01
-4.375000000000000000e-01
-6.250000000000000000e-02
1.067960000000000020e-01
-1.789469999999999950e-01
-2.656250000000000000e-01
