-6.875000000000000000e-01
-8.363639999999999963e-01
4.761900000000000022e-01
4.545449999999999768e-01
-6.774189999999999934e-01
-8.363639999999999963e-01
4.315789999999999904e-01
4.375000000000000000e-01
-6.875000000000000000e-01
-8.252429999999999488e-01
5.157890000000000530e-01
4.375000000000000000e-01
-7.419350000000000112e-01
-8.653849999999999598e-01
4.130429999999999935e-01
4.915249999999999897e-01
-7.500000000000000000e-01
-8.640780000000000127e-01
4.939760000000000262e-01
4.796750000000000180e-01
-8.461539999999999617e-01
-8.640780000000000127e-01
5.111109999999999820e-01
5.999999999999999778e-01
-8.125000000000000000e-01
-9.038460000000000383e-01
4.712640000000000162e-01
4.666669999999999985e-01
-7.846149999999999514e-01
-9.009899999999999576e-01
5.157890000000000530e-01
4.531250000000000000e-01
-8.125000000000000000e-01
-9.029129999999999656e-01
5.157890000000000530e-01
5.000000000000000000e-01
