3.750000000000000000e-01
3.090910000000000046e-01
4.761900000000000160e-02
-3.057849999999999735e-01
2.580649999999999888e-01
3.090910000000000046e-01
5.263160000000000061e-02
-2.812500000000000000e-01
3.750000000000000000e-01
2.427179999999999893e-01
5.263160000000000061e-02
-2.812500000000000000e-01
3.548390000000000155e-01
4.038459999999999828e-01
-6.521739999999999482e-02
-2.372879999999999989e-01
1.875000000000000000e-01
3.398059999999999969e-01
6.024100000000000288e-02
-2.357720000000000093e-01
3.230770000000000031e-01
3.398059999999999969e-01
2.222220000000000098e-02
-2.159999999999999976e-01
3.437500000000000000e-01
3.076920000000000210e-01
1.034479999999999983e-01
-2.500000000000000000e-01
2.307690000000000019e-01
2.673269999999999813e-01
1.578950000000000076e-01
-2.187500000000000000e-01
-3.125000000000000000e-02
-1.067960000000000020e-01
7.368420000000000525e-02
-4.687500000000000000e-02
