6.250000000000000000e-02
5.636360000000000259e-01
4.523809999999999776e-01
4.132229999999999931e-02
9.677420000000000466e-02
5.636360000000000259e-01
5.157890000000000530e-01
1.093750000000000000e-01
-6.250000000000000000e-02
5.922330000000000094e-01
3.052630000000000066e-01
4.687500000000000000e-02
0.000000000000000000e+00
5.576919999999999655e-01
3.260870000000000157e-01
1.016949999999999937e-01
-3.125000000000000000e-02
6.504849999999999799e-01
5.180719999999999770e-01
4.065040000000000320e-02
-1.384620000000000017e-01
6.504849999999999799e-01
5.333329999999999460e-01
1.039999999999999952e-01
-1.562500000000000000e-01
6.923080000000000345e-01
5.172409999999999508e-01
5.000000000000000278e-02
-4.615380000000000177e-02
6.633660000000000112e-01
4.526319999999999788e-01
6.250000000000000000e-02
-1.562500000000000000e-01
6.310679999999999623e-01
4.526319999999999788e-01
1.562500000000000000e-02
