2.500000000000000000e-01
1.636360000000000037e-01
-4.761900000000000160e-02
-3.223139999999999894e-01
2.903229999999999977e-01
9.090910000000000657e-02
-1.368419999999999914e-01
-2.343750000000000000e-01
1.250000000000000000e-01
1.650490000000000013e-01
-1.368419999999999914e-01
-4.062500000000000000e-01
2.580649999999999888e-01
2.307690000000000019e-01
-6.521739999999999482e-02
-2.881360000000000032e-01
9.375000000000000000e-02
2.427179999999999893e-01
-2.048190000000000011e-01
-3.333329999999999904e-01
1.076919999999999961e-01
2.427179999999999893e-01
-4.444440000000000196e-02
-2.640000000000000124e-01
1.875000000000000000e-01
2.307690000000000019e-01
-1.149430000000000070e-02
-3.333329999999999904e-01
2.000000000000000111e-01
1.881190000000000084e-01
-1.157890000000000030e-01
-3.593750000000000000e-01
1.875000000000000000e-01
2.427179999999999893e-01
-3.157890000000000003e-02
-2.968750000000000000e-01
