5.000000000000000000e-01
4.545449999999999768e-01
3.571429999999999882e-01
-9.090910000000000657e-02
5.483869999999999578e-01
3.818179999999999907e-01
3.263159999999999950e-01
-1.562500000000000000e-02
3.750000000000000000e-01
5.533979999999999455e-01
3.263159999999999950e-01
-7.812500000000000000e-02
5.483869999999999578e-01
6.153849999999999598e-01
2.173910000000000009e-01
0.000000000000000000e+00
3.750000000000000000e-01
6.310679999999999623e-01
3.734939999999999927e-01
-5.691059999999999869e-02
3.846149999999999847e-01
5.533979999999999455e-01
5.111109999999999820e-01
8.000000000000000167e-03
5.625000000000000000e-01
5.769229999999999636e-01
4.712640000000000162e-01
-1.499999999999999944e-01
5.692310000000000425e-01
6.237620000000000386e-01
4.105260000000000020e-01
-1.562500000000000000e-02
5.625000000000000000e-01
6.699030000000000262e-01
3.052630000000000066e-01
4.687500000000000000e-02
