-2.500000000000000000e-01
-1.636360000000000037e-01
-2.857140000000000235e-01
-3.553720000000000212e-01
-9.677420000000000466e-02
-1.818180000000000143e-02
-1.578950000000000076e-01
-3.906250000000000000e-01
0.000000000000000000e+00
3.009709999999999885e-01
-2.421049999999999869e-01
-3.281250000000000000e-01
-9.677420000000000466e-02
7.692309999999999426e-02
-2.608699999999999908e-01
-3.728810000000000180e-01
1.250000000000000000e-01
2.427179999999999893e-01
6.024100000000000288e-02
-2.357720000000000093e-01
1.384620000000000017e-01
3.980580000000000229e-01
2.000000000000000111e-01
-1.680000000000000104e-01
-1.562500000000000000e-01
-1.346150000000000124e-01
-4.482760000000000078e-01
-5.333329999999999460e-01
1.076919999999999961e-01
1.881190000000000084e-01
-3.157890000000000003e-02
-2.187500000000000000e-01
2.187500000000000000e-01
3.980580000000000229e-01
5.263160000000000061e-02
-2.187500000000000000e-01
