-8.750000000000000000e-01
-8.181819999999999649e-01
1.666670000000000096e-01
2.892560000000000131e-01
-7.741940000000000488e-01
-7.636359999999999815e-01
2.631580000000000030e-01
2.812500000000000000e-01
-7.812500000000000000e-01
-7.475730000000000430e-01
2.631580000000000030e-01
2.812500000000000000e-01
-6.774189999999999934e-01
-7.500000000000000000e-01
1.521740000000000037e-01
2.203390000000000071e-01
-5.937500000000000000e-01
-6.893200000000000438e-01
2.048190000000000011e-01
1.056909999999999933e-01
-3.538459999999999939e-01
-4.563110000000000221e-01
1.555559999999999998e-01
-8.000000000000000167e-03
-2.500000000000000000e-01
-3.461540000000000172e-01
-1.149430000000000070e-02
-2.166669999999999985e-01
-1.076919999999999961e-01
-1.287129999999999941e-01
-1.368419999999999914e-01
-3.593750000000000000e-01
-3.125000000000000000e-02
-6.796119999999999939e-02
-2.210529999999999995e-01
-4.687500000000000000e-01
