2.187500000000000000e-01
2.363639999999999908e-01
4.761900000000000160e-02
-2.396689999999999932e-01
4.193549999999999778e-01
2.363639999999999908e-01
1.368419999999999914e-01
-2.187500000000000000e-01
2.187500000000000000e-01
3.203880000000000061e-01
-3.157890000000000003e-02
-2.812500000000000000e-01
3.548390000000000155e-01
2.307690000000000019e-01
-6.521739999999999482e-02
-2.372879999999999989e-01
1.875000000000000000e-01
1.650490000000000013e-01
-1.325300000000000089e-01
-3.495929999999999871e-01
3.230770000000000031e-01
3.398059999999999969e-01
1.111110000000000014e-01
-2.159999999999999976e-01
9.375000000000000000e-02
2.307690000000000019e-01
-1.494250000000000023e-01
-3.666670000000000207e-01
2.307690000000000019e-01
2.673269999999999813e-01
-1.578950000000000076e-01
-3.281250000000000000e-01
2.187500000000000000e-01
3.203880000000000061e-01
-1.052630000000000059e-02
-2.812500000000000000e-01
