-8.750000000000000000e-01
-1.000000000000000000e+00
8.571429999999999882e-01
8.677690000000000126e-01
-8.709679999999999644e-01
-9.636360000000000481e-01
7.684210000000000207e-01
7.500000000000000000e-01
-8.750000000000000000e-01
-9.029129999999999656e-01
7.684210000000000207e-01
6.875000000000000000e-01
-8.064519999999999467e-01
-9.615380000000000038e-01
7.391299999999999537e-01
1.000000000000000000e+00
-8.125000000000000000e-01
-9.611650000000000471e-01
9.759039999999999937e-01
8.373979999999999757e-01
-7.846149999999999514e-01
-9.611650000000000471e-01
8.444439999999999724e-01
7.760000000000000231e-01
-9.375000000000000000e-01
-9.423080000000000345e-01
8.850569999999999826e-01
9.333329999999999682e-01
-9.076920000000000543e-01
-9.405940000000000412e-01
6.842110000000000136e-01
7.656250000000000000e-01
-8.125000000000000000e-01
-9.417480000000000295e-01
5.578950000000000298e-01
6.562500000000000000e-01
