-5.937500000000000000e-01
-9.090910000000000657e-02
-9.523810000000000608e-02
-2.396689999999999932e-01
-4.516129999999999867e-01
-1.818180000000000143e-02
-7.368420000000000525e-02
-2.187500000000000000e-01
-3.750000000000000000e-01
-2.912620000000000139e-02
-1.578950000000000076e-01
-2.187500000000000000e-01
-4.838709999999999956e-01
0.000000000000000000e+00
-1.739130000000000120e-01
-2.372879999999999989e-01
-3.750000000000000000e-01
9.708740000000000425e-03
-3.614459999999999895e-02
-1.707319999999999949e-01
-2.307690000000000019e-01
2.427179999999999893e-01
1.111110000000000014e-01
-1.680000000000000104e-01
-4.062500000000000000e-01
7.692309999999999426e-02
-1.149430000000000070e-02
-2.500000000000000000e-01
-2.615379999999999927e-01
2.673269999999999813e-01
5.263160000000000061e-02
-1.562500000000000000e-01
-1.562500000000000000e-01
2.427179999999999893e-01
2.421049999999999869e-01
-9.375000000000000000e-02
