3.750000000000000000e-01
3.636360000000000148e-01
3.095240000000000213e-01
-1.074380000000000057e-01
4.193549999999999778e-01
2.909089999999999732e-01
1.789469999999999950e-01
-1.562500000000000000e-01
1.250000000000000000e-01
1.262139999999999929e-01
-1.578950000000000076e-01
-5.000000000000000000e-01
4.193549999999999778e-01
4.615380000000000038e-01
1.956519999999999926e-01
-1.186439999999999995e-01
2.500000000000000000e-01
3.980580000000000229e-01
1.566269999999999885e-01
-2.357720000000000093e-01
-1.538460000000000001e-02
8.737860000000000071e-02
-1.777779999999999916e-01
-5.200000000000000178e-01
2.187500000000000000e-01
5.384619999999999962e-01
1.724140000000000117e-01
-1.166670000000000068e-01
3.846149999999999847e-01
4.257429999999999826e-01
1.368419999999999914e-01
-1.562500000000000000e-01
-3.125000000000000000e-02
8.737860000000000071e-02
-3.473680000000000101e-01
-4.843750000000000000e-01
