-2.812500000000000000e-01
4.727270000000000083e-01
6.190480000000000427e-01
7.438019999999999354e-02
-1.290320000000000078e-01
3.818179999999999907e-01
5.578950000000000298e-01
1.562500000000000000e-02
-1.562500000000000000e-01
5.728159999999999918e-01
5.578950000000000298e-01
1.562500000000000000e-02
-2.580649999999999888e-01
4.423079999999999790e-01
2.391300000000000092e-01
3.389829999999999927e-02
-2.812500000000000000e-01
5.339810000000000390e-01
3.975899999999999990e-01
-8.943089999999999373e-02
-2.615379999999999927e-01
5.339810000000000390e-01
4.222219999999999862e-01
-2.400000000000000050e-02
-5.937500000000000000e-01
-2.500000000000000000e-01
2.183910000000000018e-01
-5.000000000000000278e-02
-3.538459999999999939e-01
3.267329999999999957e-01
2.842109999999999914e-01
-9.375000000000000000e-02
-2.500000000000000000e-01
3.786410000000000053e-01
2.842109999999999914e-01
-3.125000000000000000e-02
