3.750000000000000000e-01
2.181819999999999871e-01
9.523810000000000608e-02
-2.396689999999999932e-01
4.193549999999999778e-01
2.909089999999999732e-01
1.052630000000000059e-02
-2.187500000000000000e-01
3.750000000000000000e-01
3.009709999999999885e-01
9.473679999999999601e-02
-2.187500000000000000e-01
5.483869999999999578e-01
3.846149999999999847e-01
1.086960000000000010e-01
-1.186439999999999995e-01
3.750000000000000000e-01
3.980580000000000229e-01
6.024100000000000288e-02
-2.357720000000000093e-01
3.846149999999999847e-01
3.980580000000000229e-01
2.000000000000000111e-01
-1.039999999999999952e-01
3.750000000000000000e-01
3.846149999999999847e-01
8.045979999999999799e-02
-2.500000000000000000e-01
3.846149999999999847e-01
5.049500000000000099e-01
1.368419999999999914e-01
-1.562500000000000000e-01
5.000000000000000000e-01
4.757279999999999842e-01
3.263159999999999950e-01
-9.375000000000000000e-02
