6.250000000000000000e-01
6.909089999999999954e-01
6.428570000000000118e-01
7.438019999999999354e-02
6.774189999999999934e-01
5.999999999999999778e-01
3.684209999999999985e-01
-9.375000000000000000e-02
3.750000000000000000e-01
4.563110000000000221e-01
9.473679999999999601e-02
-2.187500000000000000e-01
8.387099999999999556e-01
7.115380000000000038e-01
5.000000000000000000e-01
6.779659999999999853e-02
6.250000000000000000e-01
4.757279999999999842e-01
3.734939999999999927e-01
-1.219510000000000038e-01
3.846149999999999847e-01
3.203880000000000061e-01
2.222220000000000098e-02
-2.800000000000000266e-01
6.562500000000000000e-01
6.153849999999999598e-01
4.942529999999999979e-01
3.333330000000000320e-02
3.846149999999999847e-01
4.257429999999999826e-01
2.421049999999999869e-01
-1.562500000000000000e-01
2.187500000000000000e-01
2.427179999999999893e-01
5.263160000000000061e-02
-2.812500000000000000e-01
