4.375000000000000000e-01
4.000000000000000222e-01
2.380950000000000011e-01
-1.404960000000000098e-01
4.838709999999999956e-01
4.000000000000000222e-01
2.210529999999999995e-01
-1.250000000000000000e-01
4.375000000000000000e-01
4.951459999999999750e-01
2.210529999999999995e-01
-1.250000000000000000e-01
5.161289999999999489e-01
3.076920000000000210e-01
1.304349999999999954e-01
-1.525420000000000109e-01
3.437500000000000000e-01
3.980580000000000229e-01
3.012050000000000005e-01
-2.032519999999999882e-01
4.769229999999999858e-01
3.980580000000000229e-01
2.222220000000000029e-01
-8.799999999999999489e-02
4.062500000000000000e-01
4.423079999999999790e-01
3.103449999999999820e-01
-1.833329999999999960e-01
4.153850000000000042e-01
3.861390000000000100e-01
1.578950000000000076e-01
-1.562500000000000000e-01
3.125000000000000000e-01
3.592230000000000145e-01
1.578950000000000076e-01
-1.562500000000000000e-01
