-3.750000000000000000e-01
-1.818180000000000143e-02
-1.904760000000000064e-01
-2.892560000000000131e-01
-3.548390000000000155e-01
-1.818180000000000143e-02
-1.578950000000000076e-01
-2.187500000000000000e-01
-1.250000000000000000e-01
2.038830000000000087e-01
1.789469999999999950e-01
-9.375000000000000000e-02
-3.548390000000000155e-01
2.307690000000000019e-01
1.956519999999999926e-01
-1.186439999999999995e-01
-2.500000000000000000e-01
2.427179999999999893e-01
3.734939999999999927e-01
-1.219510000000000038e-01
-2.307690000000000019e-01
3.203880000000000061e-01
4.000000000000000222e-01
-5.600000000000000117e-02
-3.125000000000000000e-02
4.615380000000000038e-01
3.793099999999999805e-01
-3.333330000000000320e-02
-1.384620000000000017e-01
5.049500000000000099e-01
3.263159999999999950e-01
-1.562500000000000000e-02
-3.125000000000000000e-02
4.757279999999999842e-01
2.421049999999999869e-01
-1.562500000000000000e-02
