5.000000000000000000e-01
5.999999999999999778e-01
5.238099999999999978e-01
1.404960000000000098e-01
2.903229999999999977e-01
5.272729999999999917e-01
3.684209999999999985e-01
1.562500000000000000e-02
1.250000000000000000e-01
5.339810000000000390e-01
3.684209999999999985e-01
1.562500000000000000e-02
4.193549999999999778e-01
7.115380000000000038e-01
5.000000000000000000e-01
1.186439999999999995e-01
1.250000000000000000e-01
6.504849999999999799e-01
4.939760000000000262e-01
-5.691059999999999869e-02
-1.538460000000000001e-02
4.757279999999999842e-01
2.888890000000000069e-01
-5.600000000000000117e-02
-3.125000000000000000e-02
4.615380000000000038e-01
3.793099999999999805e-01
3.333330000000000320e-02
-1.384620000000000017e-01
4.257429999999999826e-01
3.263159999999999950e-01
-9.375000000000000000e-02
-2.812500000000000000e-01
2.427179999999999893e-01
1.368419999999999914e-01
-9.375000000000000000e-02
