0.000000000000000000e+00
-1.818180000000000143e-02
-9.523810000000000608e-02
-2.892560000000000131e-01
-4.516129999999999867e-01
-5.999999999999999778e-01
3.684209999999999985e-01
3.125000000000000000e-01
-7.812500000000000000e-01
-9.223299999999999832e-01
7.052629999999999733e-01
7.656250000000000000e-01
4.193549999999999778e-01
2.307690000000000019e-01
-6.521739999999999482e-02
-3.050849999999999951e-01
-1.250000000000000000e-01
-2.038830000000000087e-01
6.024100000000000288e-02
-1.707319999999999949e-01
-6.615379999999999594e-01
-7.669899999999999496e-01
5.111109999999999820e-01
6.480000000000000204e-01
3.750000000000000000e-01
3.846149999999999847e-01
-1.149430000000000070e-02
-2.500000000000000000e-01
1.076919999999999961e-01
1.881190000000000084e-01
-9.473679999999999601e-02
-2.812500000000000000e-01
-2.812500000000000000e-01
-3.980580000000000229e-01
1.368419999999999914e-01
1.093750000000000000e-01
