2.187500000000000000e-01
1.636360000000000037e-01
-4.761900000000000160e-02
-3.057849999999999735e-01
2.580649999999999888e-01
2.363639999999999908e-01
5.263160000000000061e-02
-2.187500000000000000e-01
3.750000000000000000e-01
4.757279999999999842e-01
1.368419999999999914e-01
-9.375000000000000000e-02
9.677420000000000466e-02
1.538460000000000105e-01
-6.521739999999999482e-02
-3.728810000000000180e-01
1.875000000000000000e-01
2.427179999999999893e-01
6.024100000000000288e-02
-2.845530000000000004e-01
4.461539999999999950e-01
2.427179999999999893e-01
2.222220000000000098e-02
-1.680000000000000104e-01
9.375000000000000000e-02
3.846150000000000263e-02
-1.494250000000000023e-01
-4.333330000000000237e-01
1.076919999999999961e-01
6.930690000000000461e-02
-9.473679999999999601e-02
-3.906250000000000000e-01
9.375000000000000000e-02
1.067960000000000020e-01
-1.578950000000000076e-01
-3.281250000000000000e-01
