2.500000000000000000e-01
9.090910000000000657e-02
-4.761900000000000160e-02
-3.223139999999999894e-01
0.000000000000000000e+00
-1.272729999999999972e-01
-2.210529999999999995e-01
-2.343750000000000000e-01
-3.750000000000000000e-01
-4.757279999999999842e-01
-2.210529999999999995e-01
-2.968750000000000000e-01
2.580649999999999888e-01
3.076920000000000210e-01
2.173910000000000078e-02
-1.525420000000000109e-01
2.187500000000000000e-01
2.427179999999999893e-01
1.566269999999999885e-01
-2.682930000000000037e-01
1.076919999999999961e-01
9.708740000000000425e-03
2.222220000000000098e-02
-2.000000000000000111e-01
3.125000000000000000e-01
3.269230000000000191e-01
8.045979999999999799e-02
-2.166669999999999985e-01
3.230770000000000031e-01
4.455450000000000244e-01
1.368419999999999914e-01
-2.343750000000000000e-01
3.125000000000000000e-01
3.398059999999999969e-01
1.368419999999999914e-01
-1.875000000000000000e-01
