9.062500000000000000e-01
6.909089999999999954e-01
5.238099999999999978e-01
8.264459999999999515e-03
9.677419999999999911e-01
5.999999999999999778e-01
4.736839999999999939e-01
1.562500000000000000e-02
7.812500000000000000e-01
7.087379999999999791e-01
5.789469999999999894e-01
1.562500000000000000e-02
9.677419999999999911e-01
7.115380000000000038e-01
5.000000000000000000e-01
6.779659999999999853e-02
9.062500000000000000e-01
6.504849999999999799e-01
5.903610000000000246e-01
8.130079999999999599e-03
7.846149999999999514e-01
6.504849999999999799e-01
5.999999999999999778e-01
8.000000000000000167e-03
7.812500000000000000e-01
7.115380000000000038e-01
6.091950000000000420e-01
3.333330000000000320e-02
7.846149999999999514e-01
6.633660000000000112e-01
4.315789999999999904e-01
4.687500000000000000e-02
7.812500000000000000e-01
7.281549999999999967e-01
4.315789999999999904e-01
4.687500000000000000e-02
