-4.062500000000000000e-01
2.363639999999999908e-01
3.571429999999999882e-01
-2.479340000000000016e-02
-2.580649999999999888e-01
2.363639999999999908e-01
2.421049999999999869e-01
-9.375000000000000000e-02
-2.812500000000000000e-01
1.650490000000000013e-01
5.263160000000000061e-02
-1.562500000000000000e-01
-2.580649999999999888e-01
3.269230000000000191e-01
2.826089999999999991e-01
-5.084749999999999687e-02
-2.812500000000000000e-01
4.174760000000000137e-01
5.903610000000000246e-01
-5.691059999999999869e-02
-2.615379999999999927e-01
4.951459999999999750e-01
4.888890000000000180e-01
8.000000000000000167e-03
-2.812500000000000000e-01
4.615380000000000038e-01
4.022990000000000177e-01
0.000000000000000000e+00
-1.384620000000000017e-01
5.049500000000000099e-01
3.473680000000000101e-01
1.562500000000000000e-02
-1.562500000000000000e-01
4.757279999999999842e-01
3.473680000000000101e-01
1.562500000000000000e-02
