4.687500000000000000e-01
3.090910000000000046e-01
1.666670000000000096e-01
-1.735540000000000138e-01
5.161289999999999489e-01
3.818179999999999907e-01
2.631580000000000030e-01
-1.093750000000000000e-01
4.687500000000000000e-01
4.757279999999999842e-01
2.631580000000000030e-01
-1.093750000000000000e-01
3.548390000000000155e-01
2.500000000000000000e-01
4.347829999999999750e-02
-2.033899999999999875e-01
4.062500000000000000e-01
4.563110000000000221e-01
1.807229999999999948e-01
-2.032519999999999882e-01
4.153850000000000042e-01
5.339810000000000390e-01
3.333329999999999904e-01
-2.400000000000000050e-02
-2.500000000000000000e-01
-1.923080000000000067e-01
1.264369999999999938e-01
-2.500000000000000000e-01
2.615379999999999927e-01
4.059409999999999963e-01
9.473679999999999601e-02
-2.187500000000000000e-01
3.750000000000000000e-01
4.563110000000000221e-01
9.473679999999999601e-02
-9.375000000000000000e-02
