-5.000000000000000000e-01
1.818180000000000143e-02
-4.761900000000000160e-02
-2.066119999999999901e-01
-3.548390000000000155e-01
9.090910000000000657e-02
-3.157890000000000003e-02
-1.875000000000000000e-01
-5.000000000000000000e-01
8.737860000000000071e-02
5.263160000000000061e-02
-1.875000000000000000e-01
-1.290320000000000078e-01
3.076920000000000210e-01
1.086960000000000010e-01
-8.474579999999999613e-02
-1.562500000000000000e-01
3.203880000000000061e-01
2.771080000000000210e-01
-1.382110000000000005e-01
-2.615379999999999927e-01
3.203880000000000061e-01
2.000000000000000111e-01
-1.360000000000000098e-01
-2.812500000000000000e-01
4.038459999999999828e-01
3.563220000000000276e-01
-3.333330000000000320e-02
-2.615379999999999927e-01
4.455450000000000244e-01
4.105260000000000020e-01
-1.562500000000000000e-02
-2.812500000000000000e-01
3.398059999999999969e-01
3.052630000000000066e-01
-6.250000000000000000e-02
