-8.125000000000000000e-01
-9.090909999999999824e-01
5.714289999999999647e-01
5.206610000000000404e-01
-8.064519999999999467e-01
-8.727270000000000305e-01
5.157890000000000530e-01
5.000000000000000000e-01
-8.125000000000000000e-01
-9.029129999999999656e-01
4.105260000000000020e-01
5.625000000000000000e-01
-8.064519999999999467e-01
-8.653849999999999598e-01
6.739129999999999843e-01
6.610169999999999657e-01
-7.187500000000000000e-01
-8.640780000000000127e-01
6.385539999999999550e-01
5.772359999999999713e-01
-7.846149999999999514e-01
-8.640780000000000127e-01
5.333329999999999460e-01
5.200000000000000178e-01
-9.375000000000000000e-01
-8.653849999999999598e-01
5.172409999999999508e-01
5.833329999999999904e-01
-8.461539999999999617e-01
-8.613859999999999850e-01
3.473680000000000101e-01
5.625000000000000000e-01
-8.750000000000000000e-01
-8.640780000000000127e-01
3.473680000000000101e-01
5.156250000000000000e-01
