-2.812500000000000000e-01
4.909089999999999843e-01
5.714289999999999647e-01
4.132229999999999931e-02
-2.580649999999999888e-01
3.272729999999999806e-01
4.105260000000000020e-01
4.687500000000000000e-02
-1.875000000000000000e-01
5.922330000000000094e-01
5.157890000000000530e-01
1.093750000000000000e-01
-1.290320000000000078e-01
3.846149999999999847e-01
3.260870000000000157e-01
-1.016949999999999937e-01
-1.562500000000000000e-01
4.757279999999999842e-01
3.012050000000000005e-01
-2.439020000000000077e-02
-1.384620000000000017e-01
5.728159999999999918e-01
5.333329999999999460e-01
1.039999999999999952e-01
-1.562500000000000000e-01
9.615379999999999761e-02
-8.045979999999999799e-02
-2.999999999999999889e-01
-1.384620000000000017e-01
2.871290000000000231e-01
7.368420000000000525e-02
-2.656250000000000000e-01
-2.812500000000000000e-01
4.563110000000000221e-01
3.473680000000000101e-01
-4.687500000000000000e-02
