-8.750000000000000000e-01
-9.272730000000000139e-01
6.190480000000000427e-01
7.024789999999999646e-01
-8.709679999999999644e-01
-8.181819999999999649e-01
4.526319999999999788e-01
5.156250000000000000e-01
-6.875000000000000000e-01
-6.893200000000000438e-01
2.631580000000000030e-01
3.437500000000000000e-01
-8.709679999999999644e-01
-9.230770000000000364e-01
5.652169999999999694e-01
7.288139999999999619e-01
-8.750000000000000000e-01
-9.223299999999999832e-01
5.421690000000000120e-01
5.772359999999999713e-01
-6.615379999999999594e-01
-7.475730000000000430e-01
4.444440000000000057e-01
3.439999999999999725e-01
-8.125000000000000000e-01
-8.653849999999999598e-01
7.241379999999999484e-01
6.833329999999999682e-01
-7.846149999999999514e-01
-8.217820000000000125e-01
6.421050000000000368e-01
6.093750000000000000e-01
-8.125000000000000000e-01
-7.669899999999999496e-01
5.157890000000000530e-01
4.375000000000000000e-01
