3.750000000000000000e-01
3.818179999999999907e-01
2.619049999999999989e-01
-1.735540000000000138e-01
5.483869999999999578e-01
4.545449999999999768e-01
3.263159999999999950e-01
-1.562500000000000000e-02
5.000000000000000000e-01
5.533979999999999455e-01
3.263159999999999950e-01
-1.562500000000000000e-02
3.548390000000000155e-01
4.807690000000000019e-01
2.826089999999999991e-01
-1.186439999999999995e-01
4.375000000000000000e-01
6.699030000000000262e-01
7.108430000000000026e-01
8.130079999999999599e-03
5.692310000000000425e-01
6.699030000000000262e-01
7.111110000000000486e-01
7.199999999999999456e-02
4.687500000000000000e-01
6.346150000000000402e-01
4.022990000000000177e-01
0.000000000000000000e+00
6.307690000000000241e-01
7.821780000000000399e-01
5.578950000000000298e-01
1.250000000000000000e-01
6.250000000000000000e-01
7.475730000000000430e-01
6.842110000000000136e-01
1.250000000000000000e-01
