6.250000000000000000e-02
9.090910000000000657e-02
-4.761900000000000160e-02
-3.223139999999999894e-01
9.677420000000000466e-02
9.090910000000000657e-02
-2.000000000000000111e-01
-2.968750000000000000e-01
1.875000000000000000e-01
1.650490000000000013e-01
-3.157890000000000003e-02
-3.593750000000000000e-01
1.290320000000000078e-01
2.307690000000000019e-01
-4.347829999999999750e-02
-3.389829999999999788e-01
9.375000000000000000e-02
1.844659999999999911e-01
-1.807229999999999948e-01
-3.821140000000000092e-01
2.307690000000000019e-01
1.844659999999999911e-01
-4.444440000000000196e-02
-3.760000000000000009e-01
3.125000000000000000e-01
1.730770000000000086e-01
1.149430000000000070e-02
-4.166670000000000096e-01
7.692309999999999426e-02
2.079209999999999947e-01
-9.473679999999999601e-02
-3.125000000000000000e-01
6.250000000000000000e-02
1.067960000000000020e-01
-1.052630000000000059e-02
-3.750000000000000000e-01
