-5.000000000000000000e-01
-4.727270000000000083e-01
-5.952380000000000448e-01
-6.859499999999999487e-01
-3.870970000000000244e-01
-4.727270000000000083e-01
-4.526319999999999788e-01
-5.937500000000000000e-01
-4.062500000000000000e-01
-5.728159999999999918e-01
-5.999999999999999778e-01
-7.031250000000000000e-01
-4.838709999999999956e-01
-5.384619999999999962e-01
-7.391299999999999537e-01
-7.288139999999999619e-01
-5.000000000000000000e-01
-5.339810000000000390e-01
-6.144579999999999487e-01
-5.772359999999999713e-01
-3.846149999999999847e-01
-4.757279999999999842e-01
-5.111109999999999820e-01
-5.040000000000000036e-01
-5.937500000000000000e-01
-4.423079999999999790e-01
-6.781610000000000138e-01
-7.666669999999999874e-01
-5.692310000000000425e-01
-5.643559999999999688e-01
-5.789469999999999894e-01
-5.937500000000000000e-01
-4.687500000000000000e-01
-4.368929999999999758e-01
-4.947369999999999823e-01
-4.843750000000000000e-01
