-1.250000000000000000e-01
-2.000000000000000111e-01
-5.476189999999999669e-01
-5.702479999999999771e-01
-2.258060000000000067e-01
-1.272729999999999972e-01
-4.736839999999999939e-01
-5.312500000000000000e-01
-1.250000000000000000e-01
-6.796119999999999939e-02
-3.894739999999999869e-01
-4.687500000000000000e-01
-1.290320000000000078e-01
-2.115380000000000038e-01
-5.434780000000000166e-01
-5.762709999999999777e-01
-1.562500000000000000e-01
-1.262139999999999929e-01
-5.662650000000000183e-01
-6.097559999999999647e-01
-1.384620000000000017e-01
-1.262139999999999929e-01
-4.666669999999999985e-01
-5.360000000000000320e-01
-2.812500000000000000e-01
-1.538460000000000105e-01
-5.402299999999999880e-01
-5.833329999999999904e-01
-2.615379999999999927e-01
-4.950500000000000039e-02
-5.157890000000000530e-01
-5.312500000000000000e-01
-2.812500000000000000e-01
-6.796119999999999939e-02
-5.157890000000000530e-01
-5.937500000000000000e-01
