-9.375000000000000000e-01
-8.727270000000000305e-01
7.619050000000000544e-01
8.016529999999999490e-01
-8.064519999999999467e-01
-9.090909999999999824e-01
6.842110000000000136e-01
7.656250000000000000e-01
-8.125000000000000000e-01
-9.029129999999999656e-01
7.894740000000000091e-01
7.656250000000000000e-01
-8.709679999999999644e-01
-8.653849999999999598e-01
5.434780000000000166e-01
8.644070000000000364e-01
-8.750000000000000000e-01
-8.640780000000000127e-01
7.590360000000000440e-01
7.723579999999999890e-01
-8.461539999999999617e-01
-9.223299999999999832e-01
6.444440000000000168e-01
8.239999999999999547e-01
-7.812500000000000000e-01
-9.230770000000000364e-01
7.931030000000000024e-01
8.000000000000000444e-01
-8.461539999999999617e-01
-9.207920000000000549e-01
7.052629999999999733e-01
7.656250000000000000e-01
-7.812500000000000000e-01
-9.223299999999999832e-01
7.052629999999999733e-01
7.187500000000000000e-01
