-1.875000000000000000e-01
-1.272729999999999972e-01
-4.285709999999999797e-01
-5.702479999999999771e-01
-1.612899999999999889e-01
-5.454549999999999677e-02
-4.526319999999999788e-01
-5.312500000000000000e-01
-1.875000000000000000e-01
9.708740000000000425e-03
-3.684209999999999985e-01
-4.687500000000000000e-01
-1.290320000000000078e-01
3.846150000000000263e-02
-3.695649999999999769e-01
-5.423729999999999940e-01
-1.562500000000000000e-01
-2.912620000000000139e-02
-2.771080000000000210e-01
-5.772359999999999713e-01
-1.384620000000000017e-01
-1.067960000000000020e-01
-2.888890000000000069e-01
-5.040000000000000036e-01
-1.562500000000000000e-01
-7.692309999999999426e-02
-3.333329999999999904e-01
-5.333329999999999460e-01
-1.384620000000000017e-01
-4.950500000000000039e-02
-3.263159999999999950e-01
-5.468750000000000000e-01
-6.250000000000000000e-02
9.708740000000000425e-03
-4.947369999999999823e-01
-5.468750000000000000e-01
