-1.875000000000000000e-01
-1.272729999999999972e-01
-3.333329999999999904e-01
-5.041320000000000245e-01
-2.580649999999999888e-01
-2.000000000000000111e-01
-2.000000000000000111e-01
-3.593750000000000000e-01
-2.812500000000000000e-01
-3.009709999999999885e-01
-2.000000000000000111e-01
-2.968750000000000000e-01
-2.580649999999999888e-01
-3.076920000000000210e-01
-1.304349999999999954e-01
-1.525420000000000109e-01
-4.062500000000000000e-01
-3.592230000000000145e-01
-1.807229999999999948e-01
-2.032519999999999882e-01
-3.846149999999999847e-01
-4.174760000000000137e-01
4.444440000000000196e-02
-8.799999999999999489e-02
-3.750000000000000000e-01
-3.653850000000000153e-01
-8.045979999999999799e-02
-1.166670000000000068e-01
-4.461539999999999950e-01
-4.257429999999999826e-01
-9.473679999999999601e-02
-4.687500000000000000e-02
-4.687500000000000000e-01
-4.368929999999999758e-01
-1.052630000000000059e-02
1.562500000000000000e-02
