-5.000000000000000000e-01
-5.636360000000000259e-01
-4.523809999999999776e-01
-3.057849999999999735e-01
-7.096770000000000023e-01
-5.090909999999999602e-01
-2.421049999999999869e-01
-2.812500000000000000e-01
-6.250000000000000000e-01
-4.757279999999999842e-01
-3.894739999999999869e-01
-2.812500000000000000e-01
-5.806449999999999667e-01
-5.000000000000000000e-01
-3.695649999999999769e-01
-3.220339999999999869e-01
-6.875000000000000000e-01
-4.951459999999999750e-01
-4.698800000000000199e-01
-4.308939999999999992e-01
-5.692310000000000425e-01
-4.951459999999999750e-01
-4.666669999999999985e-01
-3.599999999999999867e-01
-5.937500000000000000e-01
-4.615380000000000038e-01
-5.172409999999999508e-01
-6.166669999999999652e-01
-4.461539999999999950e-01
-4.455450000000000244e-01
-4.947369999999999823e-01
-5.000000000000000000e-01
-5.937500000000000000e-01
-4.563110000000000221e-01
-3.263159999999999950e-01
-5.000000000000000000e-01
