-1.875000000000000000e-01
3.272729999999999806e-01
3.333329999999999904e-01
-2.479340000000000016e-02
-1.612899999999999889e-01
4.000000000000000222e-01
2.210529999999999995e-01
4.687500000000000000e-02
-1.875000000000000000e-01
4.951459999999999750e-01
4.105260000000000020e-01
-1.562500000000000000e-02
-1.290320000000000078e-01
3.076920000000000210e-01
1.304349999999999954e-01
-2.203390000000000071e-01
-2.812500000000000000e-01
2.427179999999999893e-01
8.433730000000000393e-02
-2.682930000000000037e-01
-2.615379999999999927e-01
3.203880000000000061e-01
2.222220000000000029e-01
-1.360000000000000098e-01
-2.812500000000000000e-01
1.730770000000000086e-01
1.149430000000000070e-02
-3.499999999999999778e-01
-2.615379999999999927e-01
1.287129999999999941e-01
-1.052630000000000059e-02
-3.125000000000000000e-01
-2.812500000000000000e-01
1.067960000000000020e-01
-9.473679999999999601e-02
-3.125000000000000000e-01
