5.312500000000000000e-01
4.363639999999999741e-01
3.809520000000000128e-01
-5.785119999999999846e-02
5.806449999999999667e-01
5.272729999999999917e-01
3.473680000000000101e-01
1.562500000000000000e-02
7.812500000000000000e-01
8.058250000000000135e-01
4.526319999999999788e-01
6.250000000000000000e-02
6.774189999999999934e-01
6.153849999999999598e-01
4.565219999999999834e-01
-1.694920000000000107e-02
6.250000000000000000e-01
7.087379999999999791e-01
5.421690000000000120e-01
-2.439020000000000077e-02
6.307690000000000241e-01
8.058250000000000135e-01
5.555560000000000498e-01
4.000000000000000083e-02
6.250000000000000000e-01
6.346150000000000402e-01
4.942529999999999979e-01
3.333330000000000320e-02
5.076920000000000321e-01
5.841579999999999551e-01
5.157890000000000530e-01
-7.812500000000000000e-02
5.000000000000000000e-01
4.757279999999999842e-01
2.210529999999999995e-01
-1.250000000000000000e-01
