-2.500000000000000000e-01
4.545449999999999768e-01
4.761900000000000022e-01
4.132229999999999931e-02
-2.258060000000000067e-01
5.454550000000000232e-01
4.315789999999999904e-01
4.687500000000000000e-02
-2.500000000000000000e-01
5.533979999999999455e-01
3.263159999999999950e-01
4.687500000000000000e-02
-1.290320000000000078e-01
5.384619999999999962e-01
4.130429999999999935e-01
6.779659999999999853e-02
-3.125000000000000000e-02
5.533979999999999455e-01
4.939760000000000262e-01
8.130079999999999599e-03
-1.384620000000000017e-01
5.533979999999999455e-01
5.111109999999999820e-01
7.199999999999999456e-02
-4.062500000000000000e-01
1.538460000000000105e-01
2.643679999999999919e-01
-1.499999999999999944e-01
-2.615379999999999927e-01
3.663370000000000237e-01
3.052630000000000066e-01
-1.562500000000000000e-02
-1.875000000000000000e-01
4.174760000000000137e-01
3.052630000000000066e-01
-1.562500000000000000e-02
