-4.687500000000000000e-01
-4.909089999999999843e-01
0.000000000000000000e+00
7.438019999999999354e-02
-4.516129999999999867e-01
-4.909089999999999843e-01
2.842109999999999914e-01
1.406250000000000000e-01
-3.750000000000000000e-01
-1.844659999999999911e-01
9.473679999999999601e-02
-9.375000000000000000e-02
-9.677420000000000466e-02
-7.692309999999999426e-02
-3.478260000000000240e-01
-3.728810000000000180e-01
-3.125000000000000000e-02
-6.796119999999999939e-02
-3.493979999999999864e-01
-5.284550000000000081e-01
-1.076919999999999961e-01
-1.456310000000000104e-01
-3.555559999999999832e-01
-5.200000000000000178e-01
-1.562500000000000000e-01
-2.115380000000000038e-01
-4.482760000000000078e-01
-6.666670000000000096e-01
-1.384620000000000017e-01
-1.089109999999999939e-01
-5.789469999999999894e-01
-6.093750000000000000e-01
-1.562500000000000000e-01
-1.262139999999999929e-01
-5.789469999999999894e-01
-6.093750000000000000e-01
