2.500000000000000000e-01
2.363639999999999908e-01
1.428570000000000118e-01
-2.066119999999999901e-01
4.193549999999999778e-01
3.090910000000000046e-01
1.368419999999999914e-01
-1.250000000000000000e-01
3.750000000000000000e-01
4.757279999999999842e-01
2.210529999999999995e-01
-7.812500000000000000e-02
2.580649999999999888e-01
3.076920000000000210e-01
2.173910000000000078e-02
-2.203390000000000071e-01
3.750000000000000000e-01
4.757279999999999842e-01
1.566269999999999885e-01
-1.382110000000000005e-01
2.307690000000000019e-01
5.533979999999999455e-01
3.111110000000000264e-01
8.000000000000000167e-03
1.875000000000000000e-01
2.307690000000000019e-01
8.045979999999999799e-02
-2.666669999999999874e-01
4.461539999999999950e-01
2.673269999999999813e-01
-3.157890000000000003e-02
-1.875000000000000000e-01
4.375000000000000000e-01
4.174760000000000137e-01
2.210529999999999995e-01
-1.875000000000000000e-01
