-7.187500000000000000e-01
-8.181819999999999649e-01
2.857140000000000235e-01
3.719009999999999816e-01
-7.096770000000000023e-01
-8.181819999999999649e-01
2.631580000000000030e-01
3.593750000000000000e-01
-8.125000000000000000e-01
-8.058250000000000135e-01
3.473680000000000101e-01
3.593750000000000000e-01
-7.741940000000000488e-01
-7.500000000000000000e-01
2.391300000000000092e-01
3.220339999999999869e-01
-7.812500000000000000e-01
-7.475730000000000430e-01
3.012050000000000005e-01
2.520330000000000070e-01
-6.615379999999999594e-01
-7.475730000000000430e-01
2.222220000000000029e-01
3.760000000000000009e-01
-5.937500000000000000e-01
-6.923080000000000345e-01
2.183910000000000018e-01
1.333330000000000071e-01
-3.538459999999999939e-01
-4.455450000000000244e-01
9.473679999999999601e-02
-3.125000000000000000e-02
-2.500000000000000000e-01
-1.844659999999999911e-01
-7.368420000000000525e-02
-2.187500000000000000e-01
