6.250000000000000000e-02
2.545450000000000212e-01
1.428570000000000118e-01
-7.438019999999999354e-02
-2.580649999999999888e-01
2.545450000000000212e-01
5.263160000000000061e-02
-1.562500000000000000e-02
-5.000000000000000000e-01
2.427179999999999893e-01
2.210529999999999995e-01
-6.250000000000000000e-02
0.000000000000000000e+00
4.615380000000000038e-01
4.347829999999999750e-01
3.389829999999999927e-02
-4.062500000000000000e-01
3.203880000000000061e-01
3.012050000000000005e-01
-8.943089999999999373e-02
-5.999999999999999778e-01
1.067960000000000020e-01
4.444440000000000196e-02
-8.799999999999999489e-02
-3.750000000000000000e-01
2.500000000000000000e-01
1.954019999999999924e-01
-1.166670000000000068e-01
-5.692310000000000425e-01
1.287129999999999941e-01
-1.052630000000000059e-02
-1.562500000000000000e-01
-6.875000000000000000e-01
9.708740000000000425e-03
7.368420000000000525e-02
-1.562500000000000000e-01
