6.250000000000000000e-01
4.727270000000000083e-01
3.809520000000000128e-01
7.438019999999999354e-02
5.161289999999999489e-01
5.454550000000000232e-01
3.473680000000000101e-01
1.562500000000000000e-02
2.187500000000000000e-01
5.728159999999999918e-01
2.631580000000000030e-01
7.812500000000000000e-02
4.516129999999999867e-01
5.192309999999999981e-01
3.260870000000000157e-01
3.389829999999999927e-02
1.875000000000000000e-01
4.563110000000000221e-01
5.180719999999999770e-01
-8.943089999999999373e-02
7.692309999999999426e-02
4.563110000000000221e-01
4.222219999999999862e-01
-2.400000000000000050e-02
1.250000000000000000e-01
4.423079999999999790e-01
3.333329999999999904e-01
-5.000000000000000278e-02
-2.307690000000000019e-01
4.059409999999999963e-01
2.842109999999999914e-01
-3.125000000000000000e-02
-3.750000000000000000e-01
4.563110000000000221e-01
2.842109999999999914e-01
-3.125000000000000000e-02
