5.000000000000000000e-01
2.909089999999999732e-01
1.904760000000000064e-01
-2.396689999999999932e-01
4.193549999999999778e-01
2.909089999999999732e-01
1.789469999999999950e-01
-2.187500000000000000e-01
0.000000000000000000e+00
4.854370000000000213e-02
-3.263159999999999950e-01
-4.375000000000000000e-01
4.193549999999999778e-01
3.076920000000000210e-01
1.086960000000000010e-01
-1.186439999999999995e-01
2.500000000000000000e-01
3.203880000000000061e-01
-3.614459999999999895e-02
-3.495929999999999871e-01
-1.538460000000000001e-02
-6.796119999999999939e-02
-2.666669999999999874e-01
-5.200000000000000178e-01
3.750000000000000000e-01
3.846149999999999847e-01
8.045979999999999799e-02
-2.500000000000000000e-01
3.846149999999999847e-01
3.465349999999999819e-01
2.421049999999999869e-01
-1.562500000000000000e-01
2.187500000000000000e-01
1.650490000000000013e-01
-3.157890000000000003e-02
-3.437500000000000000e-01
