-5.937500000000000000e-01
-1.636360000000000037e-01
0.000000000000000000e+00
-2.892560000000000131e-01
-4.516129999999999867e-01
-9.090910000000000657e-02
1.052630000000000059e-02
-2.187500000000000000e-01
-4.687500000000000000e-01
-1.067960000000000020e-01
-1.578950000000000076e-01
-3.281250000000000000e-01
-5.806449999999999667e-01
-1.538460000000000105e-01
-2.608699999999999908e-01
-3.050849999999999951e-01
-5.937500000000000000e-01
-1.456310000000000104e-01
-2.530120000000000147e-01
-3.495929999999999871e-01
-5.692310000000000425e-01
-1.456310000000000104e-01
-2.666669999999999874e-01
-2.800000000000000266e-01
-5.312500000000000000e-01
0.000000000000000000e+00
-8.045979999999999799e-02
-2.500000000000000000e-01
-5.076920000000000321e-01
2.970300000000000024e-02
-9.473679999999999601e-02
-2.812500000000000000e-01
-6.562500000000000000e-01
-6.796119999999999939e-02
-1.789469999999999950e-01
-2.812500000000000000e-01
