-1.562500000000000000e-01
5.454550000000000232e-01
7.619050000000000544e-01
7.438019999999999354e-02
-1.290320000000000078e-01
5.454550000000000232e-01
4.526319999999999788e-01
7.812500000000000000e-02
-1.562500000000000000e-01
4.757279999999999842e-01
3.473680000000000101e-01
-4.687500000000000000e-02
-2.580649999999999888e-01
6.923080000000000345e-01
5.434780000000000166e-01
1.525420000000000109e-01
-1.562500000000000000e-01
7.087379999999999791e-01
7.590360000000000440e-01
1.382110000000000005e-01
-2.615379999999999927e-01
5.339810000000000390e-01
5.333329999999999460e-01
4.000000000000000083e-02
-2.500000000000000000e-01
6.153849999999999598e-01
4.252870000000000261e-01
1.333330000000000071e-01
-1.076919999999999961e-01
7.425739999999999563e-01
5.789469999999999894e-01
1.406250000000000000e-01
-1.250000000000000000e-01
7.087379999999999791e-01
4.736839999999999939e-01
1.406250000000000000e-01
