-2.812500000000000000e-01
-2.181819999999999871e-01
-7.142859999999999765e-01
-6.694210000000000438e-01
-1.290320000000000078e-01
-2.181819999999999871e-01
-5.368420000000000414e-01
-5.625000000000000000e-01
-1.562500000000000000e-01
-1.067960000000000020e-01
-3.894739999999999869e-01
-5.625000000000000000e-01
-2.580649999999999888e-01
-1.538460000000000105e-01
-5.434780000000000166e-01
-6.271189999999999820e-01
-2.812500000000000000e-01
-2.233009999999999995e-01
-5.662650000000000183e-01
-6.585370000000000390e-01
-2.615379999999999927e-01
-1.456310000000000104e-01
-3.777780000000000027e-01
-5.360000000000000320e-01
-1.250000000000000000e-01
-1.923080000000000067e-01
-5.862070000000000336e-01
-6.166669999999999652e-01
-1.076919999999999961e-01
-8.910890000000000477e-02
-5.578950000000000298e-01
-5.625000000000000000e-01
-1.250000000000000000e-01
-1.067960000000000020e-01
-4.947369999999999823e-01
-5.625000000000000000e-01
