-8.125000000000000000e-01
-9.090909999999999824e-01
7.142859999999999487e-02
3.719009999999999816e-01
-9.354839999999999822e-01
-9.454550000000000454e-01
7.368420000000000525e-02
4.218750000000000000e-01
-8.125000000000000000e-01
-9.029129999999999656e-01
1.578950000000000076e-01
3.593750000000000000e-01
-6.774189999999999934e-01
-8.653849999999999598e-01
1.304349999999999954e-01
3.898309999999999831e-01
-7.812500000000000000e-01
-8.640780000000000127e-01
8.433730000000000393e-02
2.520330000000000070e-01
-8.461539999999999617e-01
-9.223299999999999832e-01
1.333330000000000071e-01
4.400000000000000022e-01
-6.875000000000000000e-01
-8.076919999999999655e-01
1.264369999999999938e-01
3.166669999999999763e-01
-8.461539999999999617e-01
-8.613859999999999850e-01
9.473679999999999601e-02
2.500000000000000000e-01
-7.812500000000000000e-01
-8.640780000000000127e-01
1.789469999999999950e-01
3.125000000000000000e-01
