-5.000000000000000000e-01
1.818180000000000143e-02
2.380950000000000011e-01
-1.404960000000000098e-01
-4.838709999999999956e-01
1.818180000000000143e-02
5.263160000000000061e-02
-1.875000000000000000e-01
-5.000000000000000000e-01
9.708740000000000425e-03
5.263160000000000061e-02
-1.875000000000000000e-01
-4.838709999999999956e-01
1.730770000000000086e-01
4.347829999999999750e-02
-1.525420000000000109e-01
-5.000000000000000000e-01
1.844659999999999911e-01
1.807229999999999948e-01
-2.032519999999999882e-01
-4.769229999999999858e-01
1.067960000000000020e-01
-4.444440000000000196e-02
-1.360000000000000098e-01
-4.687500000000000000e-01
1.730770000000000086e-01
1.954019999999999924e-01
-1.166670000000000068e-01
-3.538459999999999939e-01
2.079209999999999947e-01
1.578950000000000076e-01
-9.375000000000000000e-02
-4.687500000000000000e-01
2.621359999999999801e-01
7.368420000000000525e-02
-9.375000000000000000e-02
