-3.750000000000000000e-01
-3.818179999999999907e-01
-3.571429999999999882e-01
-3.223139999999999894e-01
-3.548390000000000155e-01
-4.545449999999999768e-01
-3.894739999999999869e-01
-3.593750000000000000e-01
-5.937500000000000000e-01
-4.757279999999999842e-01
-4.736839999999999939e-01
-3.593750000000000000e-01
-6.451609999999999845e-01
-4.807690000000000019e-01
-3.913039999999999852e-01
-2.881360000000000032e-01
-6.562500000000000000e-01
-5.922330000000000094e-01
-3.975899999999999990e-01
-2.682930000000000037e-01
-7.230769999999999698e-01
-7.087379999999999791e-01
-4.666669999999999985e-01
-2.640000000000000124e-01
-6.250000000000000000e-01
-5.000000000000000000e-01
-4.712640000000000162e-01
-3.333329999999999904e-01
-4.769229999999999858e-01
-4.851489999999999969e-01
-3.684209999999999985e-01
-2.968750000000000000e-01
-7.187500000000000000e-01
-5.728159999999999918e-01
-4.526319999999999788e-01
-2.968750000000000000e-01
