-6.875000000000000000e-01
-8.727270000000000305e-01
3.571429999999999882e-01
3.388430000000000053e-01
-6.774189999999999934e-01
-7.818180000000000129e-01
1.368419999999999914e-01
1.562500000000000000e-01
-5.000000000000000000e-01
-5.339810000000000390e-01
5.263160000000000061e-02
-1.562500000000000000e-02
-3.870970000000000244e-01
-5.384619999999999962e-01
2.173910000000000078e-02
-1.525420000000000109e-01
-2.812500000000000000e-01
-2.815529999999999977e-01
-3.012050000000000005e-01
-4.634150000000000214e-01
-1.384620000000000017e-01
-6.796119999999999939e-02
-3.111110000000000264e-01
-4.719999999999999751e-01
-1.875000000000000000e-01
-3.076920000000000210e-01
-1.954019999999999924e-01
-4.000000000000000222e-01
-1.692309999999999925e-01
-1.287129999999999941e-01
-3.684209999999999985e-01
-5.312500000000000000e-01
-6.250000000000000000e-02
-1.456310000000000104e-01
-3.684209999999999985e-01
-5.312500000000000000e-01
