-6.250000000000000000e-02
1.818180000000000143e-02
-3.333329999999999904e-01
-4.545449999999999768e-01
-1.612899999999999889e-01
-5.454549999999999677e-02
-2.842109999999999914e-01
-4.687500000000000000e-01
-1.875000000000000000e-01
9.708740000000000425e-03
-2.000000000000000111e-01
-4.218750000000000000e-01
-1.290320000000000078e-01
3.846150000000000263e-02
-2.826089999999999991e-01
-4.745759999999999978e-01
-2.812500000000000000e-01
-2.912620000000000139e-02
-2.771080000000000210e-01
-3.821140000000000092e-01
-2.615379999999999927e-01
-1.067960000000000020e-01
4.444440000000000196e-02
-1.360000000000000098e-01
-4.687500000000000000e-01
-3.076920000000000210e-01
1.149430000000000070e-02
-6.666669999999999541e-02
-5.692310000000000425e-01
-5.643559999999999688e-01
2.631580000000000030e-01
2.343750000000000000e-01
-7.812500000000000000e-01
-7.475730000000000430e-01
4.526319999999999788e-01
4.531250000000000000e-01
