-3.125000000000000000e-02
3.818179999999999907e-01
4.761900000000000022e-01
4.132229999999999931e-02
1.612899999999999889e-01
6.181820000000000093e-01
5.157890000000000530e-01
9.375000000000000000e-02
1.250000000000000000e-01
6.504849999999999799e-01
6.421050000000000368e-01
9.375000000000000000e-02
2.580649999999999888e-01
6.153849999999999598e-01
5.217389999999999528e-01
1.355929999999999913e-01
9.375000000000000000e-02
6.310679999999999623e-01
6.144579999999999487e-01
7.317070000000000518e-02
1.076919999999999961e-01
7.281549999999999967e-01
6.222220000000000528e-01
1.360000000000000098e-01
6.250000000000000000e-02
4.038459999999999828e-01
2.643679999999999919e-01
-3.333330000000000320e-02
2.000000000000000111e-01
7.029699999999999838e-01
4.105260000000000020e-01
4.687500000000000000e-02
6.250000000000000000e-02
6.699030000000000262e-01
5.157890000000000530e-01
1.093750000000000000e-01
