-4.687500000000000000e-01
-4.909089999999999843e-01
-3.809520000000000128e-01
-4.214879999999999738e-01
-5.806449999999999667e-01
-6.545450000000000434e-01
-1.578950000000000076e-01
-1.562500000000000000e-01
-8.750000000000000000e-01
-8.058250000000000135e-01
-7.368420000000000525e-02
7.812500000000000000e-02
-5.806449999999999667e-01
-6.538460000000000383e-01
-6.521739999999999482e-02
6.779659999999999853e-02
-8.125000000000000000e-01
-8.252429999999999488e-01
6.024100000000000288e-02
1.869919999999999916e-01
-8.769230000000000080e-01
-9.223299999999999832e-01
2.888890000000000069e-01
4.079999999999999738e-01
-6.562500000000000000e-01
-9.038460000000000383e-01
8.045979999999999799e-02
2.333330000000000126e-01
-7.230769999999999698e-01
-8.613859999999999850e-01
1.368419999999999914e-01
2.343750000000000000e-01
-7.500000000000000000e-01
-8.058250000000000135e-01
1.368419999999999914e-01
2.968750000000000000e-01
