-1.562500000000000000e-01
5.272729999999999917e-01
5.000000000000000000e-01
5.785119999999999846e-02
-3.225809999999999789e-02
5.272729999999999917e-01
4.526319999999999788e-01
6.250000000000000000e-02
-6.250000000000000000e-02
3.592230000000000145e-01
1.578950000000000076e-01
-9.375000000000000000e-02
-2.258060000000000067e-01
6.153849999999999598e-01
3.478260000000000240e-01
1.016949999999999937e-01
-1.250000000000000000e-01
6.310679999999999623e-01
5.421690000000000120e-01
1.056909999999999933e-01
-1.076919999999999961e-01
5.339810000000000390e-01
4.444440000000000057e-01
4.000000000000000083e-02
-1.250000000000000000e-01
5.384619999999999962e-01
4.942529999999999979e-01
3.333330000000000320e-02
-1.076919999999999961e-01
6.831679999999999975e-01
5.157890000000000530e-01
1.562500000000000000e-01
-3.125000000000000000e-02
6.504849999999999799e-01
5.157890000000000530e-01
9.375000000000000000e-02
