1.875000000000000000e-01
1.090909999999999935e-01
-2.380950000000000080e-02
-2.231400000000000050e-01
9.677420000000000466e-02
1.090909999999999935e-01
-1.052630000000000059e-02
-1.562500000000000000e-01
6.250000000000000000e-02
1.067960000000000020e-01
7.368420000000000525e-02
-1.562500000000000000e-01
2.903229999999999977e-01
3.653850000000000153e-01
-2.173910000000000078e-02
-1.525420000000000109e-01
3.750000000000000000e-01
3.786410000000000053e-01
1.084340000000000026e-01
-2.032519999999999882e-01
2.615379999999999927e-01
3.786410000000000053e-01
2.444439999999999946e-01
-1.360000000000000098e-01
1.250000000000000000e-01
2.307690000000000019e-01
8.045979999999999799e-02
-2.666669999999999874e-01
2.615379999999999927e-01
3.465349999999999819e-01
5.263160000000000061e-02
-2.343750000000000000e-01
2.500000000000000000e-01
3.980580000000000229e-01
1.368419999999999914e-01
-1.875000000000000000e-01
