7.812500000000000000e-01
5.272729999999999917e-01
4.047620000000000107e-01
-1.074380000000000057e-01
2.903229999999999977e-01
1.272729999999999972e-01
1.052630000000000059e-02
-3.281250000000000000e-01
-2.500000000000000000e-01
-3.203880000000000061e-01
-7.368420000000000525e-02
-1.562500000000000000e-01
9.677419999999999911e-01
6.346150000000000402e-01
4.130429999999999935e-01
0.000000000000000000e+00
6.250000000000000000e-01
5.533979999999999455e-01
3.734939999999999927e-01
-1.707319999999999949e-01
3.846149999999999847e-01
3.203880000000000061e-01
2.000000000000000111e-01
-2.800000000000000266e-01
6.562500000000000000e-01
5.384619999999999962e-01
3.793099999999999805e-01
-3.333330000000000320e-02
5.076920000000000321e-01
6.633660000000000112e-01
4.315789999999999904e-01
-1.562500000000000000e-02
3.750000000000000000e-01
4.757279999999999842e-01
2.421049999999999869e-01
-1.562500000000000000e-01
