5.625000000000000000e-01
4.909089999999999843e-01
3.333329999999999904e-01
-7.438019999999999354e-02
4.838709999999999956e-01
4.909089999999999843e-01
3.052630000000000066e-01
-6.250000000000000000e-02
5.625000000000000000e-01
6.699030000000000262e-01
3.052630000000000066e-01
-1.562500000000000000e-02
6.774189999999999934e-01
5.576919999999999655e-01
2.391300000000000092e-01
-3.389829999999999927e-02
6.250000000000000000e-01
6.504849999999999799e-01
5.180719999999999770e-01
-8.943089999999999373e-02
6.307690000000000241e-01
5.728159999999999918e-01
5.333329999999999460e-01
4.000000000000000083e-02
6.562500000000000000e-01
6.153849999999999598e-01
5.172409999999999508e-01
0.000000000000000000e+00
6.615379999999999594e-01
6.633660000000000112e-01
3.473680000000000101e-01
-4.687500000000000000e-02
6.562500000000000000e-01
6.310679999999999623e-01
3.473680000000000101e-01
-4.687500000000000000e-02
