-1.562500000000000000e-01
1.090909999999999935e-01
7.142859999999999487e-02
-1.239669999999999939e-01
-1.290320000000000078e-01
1.636360000000000037e-01
1.578950000000000076e-01
-1.562500000000000000e-01
-1.562500000000000000e-01
2.427179999999999893e-01
-1.052630000000000059e-02
-2.187500000000000000e-01
-1.290320000000000078e-01
1.730770000000000086e-01
2.391300000000000092e-01
-3.389829999999999927e-02
-2.812500000000000000e-01
1.844659999999999911e-01
1.807229999999999948e-01
-2.032519999999999882e-01
-4.615380000000000177e-02
1.844659999999999911e-01
2.222220000000000029e-01
-1.360000000000000098e-01
0.000000000000000000e+00
2.884619999999999962e-01
3.333329999999999904e-01
0.000000000000000000e+00
1.384620000000000017e-01
2.277230000000000087e-01
3.684209999999999985e-01
1.562500000000000000e-02
0.000000000000000000e+00
2.038830000000000087e-01
2.842109999999999914e-01
-3.125000000000000000e-02
