-4.062500000000000000e-01
-4.363639999999999741e-01
1.428570000000000118e-01
1.074380000000000057e-01
-6.451609999999999845e-01
-6.727269999999999639e-01
3.263159999999999950e-01
3.593750000000000000e-01
-8.750000000000000000e-01
-8.640780000000000127e-01
6.421050000000000368e-01
5.625000000000000000e-01
-7.096770000000000023e-01
-8.076919999999999655e-01
5.000000000000000000e-01
5.593219999999999859e-01
-9.062500000000000000e-01
-9.029129999999999656e-01
7.108430000000000026e-01
6.097559999999999647e-01
-8.769230000000000080e-01
-8.640780000000000127e-01
7.111110000000000486e-01
6.640000000000000346e-01
-9.375000000000000000e-01
-9.038460000000000383e-01
7.701149999999999940e-01
6.833329999999999682e-01
-9.076920000000000543e-01
-9.009899999999999576e-01
5.578950000000000298e-01
7.187500000000000000e-01
-9.375000000000000000e-01
-9.029129999999999656e-01
7.894740000000000091e-01
7.187500000000000000e-01
