1.250000000000000000e-01
2.909089999999999732e-01
0.000000000000000000e+00
-2.892560000000000131e-01
2.903229999999999977e-01
2.909089999999999732e-01
1.052630000000000059e-02
-2.656250000000000000e-01
2.500000000000000000e-01
3.009709999999999885e-01
1.052630000000000059e-02
-2.656250000000000000e-01
1.612899999999999889e-01
2.307690000000000019e-01
-6.521739999999999482e-02
-3.050849999999999951e-01
1.250000000000000000e-01
2.427179999999999893e-01
6.024100000000000288e-02
-3.495929999999999871e-01
2.615379999999999927e-01
1.650490000000000013e-01
-8.888890000000000680e-02
-2.800000000000000266e-01
9.375000000000000000e-02
7.692309999999999426e-02
-1.724140000000000117e-01
-3.833329999999999793e-01
1.076919999999999961e-01
1.881190000000000084e-01
-9.473679999999999601e-02
-3.437500000000000000e-01
9.375000000000000000e-02
1.650490000000000013e-01
-9.473679999999999601e-02
-2.812500000000000000e-01
