-7.812500000000000000e-01
-8.727270000000000305e-01
3.809520000000000128e-01
5.371899999999999453e-01
-7.741940000000000488e-01
-8.181819999999999649e-01
3.473680000000000101e-01
4.531250000000000000e-01
-7.812500000000000000e-01
-8.058250000000000135e-01
3.473680000000000101e-01
4.062500000000000000e-01
-7.741940000000000488e-01
-9.230770000000000364e-01
4.565219999999999834e-01
5.423729999999999940e-01
-7.812500000000000000e-01
-8.640780000000000127e-01
4.216869999999999785e-01
3.983740000000000059e-01
-7.538460000000000161e-01
-8.058250000000000135e-01
3.555559999999999832e-01
3.439999999999999725e-01
-8.125000000000000000e-01
-9.230770000000000364e-01
5.862070000000000336e-01
5.166669999999999874e-01
-6.615379999999999594e-01
-8.613859999999999850e-01
3.263159999999999950e-01
3.281250000000000000e-01
-6.875000000000000000e-01
-7.669899999999999496e-01
1.368419999999999914e-01
1.562500000000000000e-01
