7.812500000000000000e-01
5.454550000000000232e-01
4.761900000000000022e-01
-2.479340000000000016e-02
6.774189999999999934e-01
4.545449999999999768e-01
3.263159999999999950e-01
-7.812500000000000000e-02
6.250000000000000000e-01
5.533979999999999455e-01
4.315789999999999904e-01
-1.250000000000000000e-01
7.096770000000000023e-01
6.153849999999999598e-01
4.130429999999999935e-01
0.000000000000000000e+00
6.562500000000000000e-01
7.281549999999999967e-01
4.939760000000000262e-01
8.130079999999999599e-03
7.846149999999999514e-01
6.310679999999999623e-01
5.111109999999999820e-01
7.199999999999999456e-02
8.437500000000000000e-01
7.500000000000000000e-01
5.862070000000000336e-01
3.333330000000000320e-02
7.230769999999999698e-01
8.019800000000000262e-01
4.105260000000000020e-01
-1.562500000000000000e-02
7.187500000000000000e-01
6.699030000000000262e-01
4.105260000000000020e-01
4.687500000000000000e-02
