-1.250000000000000000e-01
6.181820000000000093e-01
7.142859999999999765e-01
1.570249999999999979e-01
-9.677420000000000466e-02
5.454550000000000232e-01
6.421050000000000368e-01
4.687500000000000000e-02
-2.500000000000000000e-01
4.757279999999999842e-01
3.263159999999999950e-01
-7.812500000000000000e-02
0.000000000000000000e+00
6.153849999999999598e-01
6.304349999999999676e-01
1.355929999999999913e-01
-3.125000000000000000e-02
7.281549999999999967e-01
6.144579999999999487e-01
7.317070000000000518e-02
-1.538460000000000001e-02
5.533979999999999455e-01
5.111109999999999820e-01
7.199999999999999456e-02
-6.250000000000000000e-02
6.538460000000000383e-01
7.011490000000000222e-01
1.000000000000000056e-01
-4.615380000000000177e-02
7.029699999999999838e-01
5.157890000000000530e-01
1.093750000000000000e-01
-6.250000000000000000e-02
7.669899999999999496e-01
6.210529999999999662e-01
1.093750000000000000e-01
