-5.000000000000000000e-01
-4.727270000000000083e-01
-3.333329999999999904e-01
-2.561979999999999813e-01
-4.838709999999999956e-01
-3.454550000000000121e-01
-2.000000000000000111e-01
-2.343750000000000000e-01
-4.062500000000000000e-01
-1.456310000000000104e-01
-2.000000000000000111e-01
-2.343750000000000000e-01
-1.290320000000000078e-01
-3.846150000000000263e-02
-4.347829999999999750e-02
-1.525420000000000109e-01
9.375000000000000000e-02
2.427179999999999893e-01
1.807229999999999948e-01
-1.544719999999999982e-01
2.307690000000000019e-01
4.757279999999999842e-01
3.333329999999999904e-01
-2.400000000000000050e-02
6.562500000000000000e-01
6.923080000000000345e-01
6.321839999999999682e-01
5.000000000000000278e-02
6.615379999999999594e-01
8.415839999999999987e-01
5.578950000000000298e-01
1.718750000000000000e-01
3.125000000000000000e-01
8.058250000000000135e-01
5.578950000000000298e-01
1.250000000000000000e-01
