-1.562500000000000000e-01
3.090910000000000046e-01
2.619049999999999989e-01
-2.396689999999999932e-01
-1.290320000000000078e-01
1.636360000000000037e-01
-3.157890000000000003e-02
-2.187500000000000000e-01
-1.562500000000000000e-01
8.737860000000000071e-02
-9.473679999999999601e-02
-2.812500000000000000e-01
-1.612899999999999889e-01
5.769229999999999636e-01
5.000000000000000000e-01
6.779659999999999853e-02
-2.812500000000000000e-01
4.951459999999999750e-01
2.530120000000000147e-01
-1.056909999999999933e-01
-2.615379999999999927e-01
2.427179999999999893e-01
2.000000000000000111e-01
-2.159999999999999976e-01
9.375000000000000000e-02
5.576919999999999655e-01
4.022990000000000177e-01
6.666669999999999541e-02
-1.384620000000000017e-01
4.257429999999999826e-01
2.631580000000000030e-01
-1.093750000000000000e-01
-1.562500000000000000e-01
2.427179999999999893e-01
7.368420000000000525e-02
-2.187500000000000000e-01
