7.187500000000000000e-01
6.545450000000000434e-01
4.523809999999999776e-01
4.132229999999999931e-02
9.032259999999999733e-01
6.545450000000000434e-01
5.157890000000000530e-01
4.687500000000000000e-02
7.187500000000000000e-01
7.669899999999999496e-01
5.157890000000000530e-01
4.687500000000000000e-02
8.064519999999999467e-01
6.346150000000000402e-01
5.434780000000000166e-01
3.389829999999999927e-02
7.500000000000000000e-01
7.475730000000000430e-01
7.831329999999999680e-01
4.065040000000000320e-02
7.538460000000000161e-01
7.475730000000000430e-01
4.222219999999999862e-01
4.000000000000000083e-02
7.812500000000000000e-01
6.153849999999999598e-01
4.022990000000000177e-01
-6.666669999999999541e-02
5.384619999999999962e-01
4.851489999999999969e-01
7.368420000000000525e-02
-1.562500000000000000e-01
3.125000000000000000e-01
1.844659999999999911e-01
-1.789469999999999950e-01
-3.125000000000000000e-01
