-1.250000000000000000e-01
-2.545450000000000212e-01
-5.476189999999999669e-01
-6.859499999999999487e-01
-2.258060000000000067e-01
-2.545450000000000212e-01
-6.421050000000000368e-01
-5.781250000000000000e-01
-2.500000000000000000e-01
-6.796119999999999939e-02
-5.578950000000000298e-01
-6.406250000000000000e-01
-1.290320000000000078e-01
-1.346150000000000124e-01
-6.304349999999999676e-01
-7.118640000000000523e-01
-2.812500000000000000e-01
-2.038830000000000087e-01
-6.626509999999999900e-01
-6.747969999999999802e-01
-1.384620000000000017e-01
-1.262139999999999929e-01
-4.666669999999999985e-01
-5.999999999999999778e-01
-1.875000000000000000e-01
-7.692309999999999426e-02
-4.712640000000000162e-01
-6.500000000000000222e-01
-2.615379999999999927e-01
-1.287129999999999941e-01
-5.999999999999999778e-01
-5.937500000000000000e-01
-1.875000000000000000e-01
-6.796119999999999939e-02
-4.526319999999999788e-01
-5.937500000000000000e-01
