6.562500000000000000e-01
5.999999999999999778e-01
3.809520000000000128e-01
-5.785119999999999846e-02
7.096770000000000023e-01
5.999999999999999778e-01
3.473680000000000101e-01
-4.687500000000000000e-02
6.562500000000000000e-01
6.310679999999999623e-01
4.526319999999999788e-01
-4.687500000000000000e-02
6.774189999999999934e-01
5.192309999999999981e-01
2.608699999999999908e-01
-8.474579999999999613e-02
6.250000000000000000e-01
6.310679999999999623e-01
3.253010000000000068e-01
-1.382110000000000005e-01
5.076920000000000321e-01
5.339810000000000390e-01
2.444439999999999946e-01
-1.360000000000000098e-01
5.000000000000000000e-01
5.384619999999999962e-01
3.793099999999999805e-01
-1.000000000000000056e-01
6.307690000000000241e-01
5.841579999999999551e-01
3.263159999999999950e-01
-7.812500000000000000e-02
5.000000000000000000e-01
4.757279999999999842e-01
3.263159999999999950e-01
-1.250000000000000000e-01
