-4.687500000000000000e-01
1.090909999999999935e-01
1.666670000000000096e-01
-1.074380000000000057e-01
-3.548390000000000155e-01
1.090909999999999935e-01
1.578950000000000076e-01
-9.375000000000000000e-02
-4.687500000000000000e-01
2.621359999999999801e-01
7.368420000000000525e-02
-9.375000000000000000e-02
-5.806449999999999667e-01
1.153850000000000015e-01
-2.173910000000000078e-02
-1.525420000000000109e-01
-4.687500000000000000e-01
2.038830000000000087e-01
2.048190000000000011e-01
-1.382110000000000005e-01
-3.538459999999999939e-01
3.009709999999999885e-01
1.555559999999999998e-01
-7.199999999999999456e-02
-5.000000000000000000e-01
7.692309999999999426e-02
8.045979999999999799e-02
-2.166669999999999985e-01
-4.769229999999999858e-01
2.673269999999999813e-01
1.368419999999999914e-01
-1.250000000000000000e-01
-3.750000000000000000e-01
2.427179999999999893e-01
1.368419999999999914e-01
-1.250000000000000000e-01
