-5.937500000000000000e-01
-3.272729999999999806e-01
-4.523809999999999776e-01
-3.223139999999999894e-01
-6.774189999999999934e-01
-2.545450000000000212e-01
-3.052630000000000066e-01
-3.593750000000000000e-01
-5.937500000000000000e-01
-2.815529999999999977e-01
-3.894739999999999869e-01
-2.968750000000000000e-01
-6.451609999999999845e-01
-2.115380000000000038e-01
-4.782609999999999917e-01
-3.559320000000000261e-01
-6.562500000000000000e-01
-2.815529999999999977e-01
-4.939760000000000262e-01
-3.983740000000000059e-01
-7.230769999999999698e-01
-3.398059999999999969e-01
-4.666669999999999985e-01
-3.920000000000000151e-01
-7.187500000000000000e-01
-2.307690000000000019e-01
-1.954019999999999924e-01
-4.000000000000000222e-01
-5.999999999999999778e-01
-2.079209999999999947e-01
-2.842109999999999914e-01
-3.593750000000000000e-01
-6.250000000000000000e-01
-3.009709999999999885e-01
-3.684209999999999985e-01
-3.593750000000000000e-01
