-5.000000000000000000e-01
-5.090909999999999602e-01
-3.571429999999999882e-01
-3.884299999999999975e-01
-4.838709999999999956e-01
-4.545449999999999768e-01
-2.210529999999999995e-01
-2.343750000000000000e-01
-3.750000000000000000e-01
-4.174760000000000137e-01
-2.210529999999999995e-01
-2.343750000000000000e-01
-5.161289999999999489e-01
-5.384619999999999962e-01
-6.956520000000000481e-01
-6.440679999999999739e-01
-4.062500000000000000e-01
-3.980580000000000229e-01
-5.662650000000000183e-01
-5.447149999999999492e-01
-3.846149999999999847e-01
-3.980580000000000229e-01
-3.111110000000000264e-01
-3.280000000000000138e-01
-6.250000000000000000e-01
-4.423079999999999790e-01
-6.321839999999999682e-01
-6.500000000000000222e-01
-4.769229999999999858e-01
-3.465349999999999819e-01
-5.157890000000000530e-01
-5.312500000000000000e-01
-4.062500000000000000e-01
-3.592230000000000145e-01
-4.526319999999999788e-01
-4.218750000000000000e-01
