6.562500000000000000e-01
4.545449999999999768e-01
3.571429999999999882e-01
-2.479340000000000016e-02
7.096770000000000023e-01
4.545449999999999768e-01
3.263159999999999950e-01
-9.375000000000000000e-02
5.000000000000000000e-01
6.310679999999999623e-01
4.315789999999999904e-01
-9.375000000000000000e-02
6.129029999999999756e-01
5.769229999999999636e-01
3.913039999999999852e-01
-5.084749999999999687e-02
5.625000000000000000e-01
6.699030000000000262e-01
3.493979999999999864e-01
-5.691059999999999869e-02
5.692310000000000425e-01
6.699030000000000262e-01
3.777780000000000027e-01
8.000000000000000167e-03
7.500000000000000000e-01
6.346150000000000402e-01
4.022990000000000177e-01
-6.666669999999999541e-02
7.538460000000000161e-01
6.831679999999999975e-01
4.526319999999999788e-01
-4.687500000000000000e-02
6.250000000000000000e-01
5.728159999999999918e-01
4.526319999999999788e-01
-4.687500000000000000e-02
