5.000000000000000000e-01
3.818179999999999907e-01
2.619049999999999989e-01
-2.479340000000000016e-02
2.580649999999999888e-01
2.363639999999999908e-01
5.263160000000000061e-02
-9.375000000000000000e-02
-1.562500000000000000e-01
3.203880000000000061e-01
2.421049999999999869e-01
-1.562500000000000000e-02
4.838709999999999956e-01
4.807690000000000019e-01
1.956519999999999926e-01
0.000000000000000000e+00
3.125000000000000000e-01
4.174760000000000137e-01
2.530120000000000147e-01
-1.056909999999999933e-01
7.692309999999999426e-02
3.398059999999999969e-01
2.000000000000000111e-01
-4.000000000000000083e-02
3.437500000000000000e-01
3.076920000000000210e-01
1.954019999999999924e-01
-6.666669999999999541e-02
2.307690000000000019e-01
4.257429999999999826e-01
2.631580000000000030e-01
-4.687500000000000000e-02
-3.125000000000000000e-02
4.757279999999999842e-01
4.526319999999999788e-01
1.562500000000000000e-02
