-3.125000000000000000e-02
-1.272729999999999972e-01
-2.619049999999999989e-01
-3.884299999999999975e-01
-2.258060000000000067e-01
-3.818179999999999907e-01
-4.736839999999999939e-01
-6.406250000000000000e-01
-3.750000000000000000e-01
-4.757279999999999842e-01
-4.736839999999999939e-01
-5.312500000000000000e-01
0.000000000000000000e+00
-7.692309999999999426e-02
-3.913039999999999852e-01
-3.559320000000000261e-01
-2.812500000000000000e-01
-3.398059999999999969e-01
-5.662650000000000183e-01
-6.747969999999999802e-01
-3.846149999999999847e-01
-4.757279999999999842e-01
-4.000000000000000222e-01
-5.999999999999999778e-01
-2.812500000000000000e-01
-7.692309999999999426e-02
-3.793099999999999805e-01
-5.833329999999999904e-01
-4.615380000000000177e-02
-4.950500000000000039e-02
-2.842109999999999914e-01
-4.218750000000000000e-01
-2.812500000000000000e-01
-4.368929999999999758e-01
-4.526319999999999788e-01
-5.937500000000000000e-01
