-1.875000000000000000e-01
-1.272729999999999972e-01
-5.238099999999999978e-01
-5.041320000000000245e-01
-3.225809999999999789e-02
-5.454549999999999677e-02
-2.842109999999999914e-01
-4.218750000000000000e-01
-1.875000000000000000e-01
-6.796119999999999939e-02
-5.157890000000000530e-01
-5.312500000000000000e-01
-2.580649999999999888e-01
-2.500000000000000000e-01
-6.739129999999999843e-01
-5.932199999999999696e-01
-1.562500000000000000e-01
-2.912620000000000139e-02
-5.421690000000000120e-01
-5.121949999999999559e-01
-1.538460000000000001e-02
4.854370000000000213e-02
-2.888890000000000069e-01
-4.400000000000000022e-01
-3.750000000000000000e-01
-2.307690000000000019e-01
-6.781610000000000138e-01
-5.999999999999999778e-01
-3.538459999999999939e-01
-2.871290000000000231e-01
-6.421050000000000368e-01
-5.468750000000000000e-01
-1.562500000000000000e-01
9.708740000000000425e-03
-2.631580000000000030e-01
-3.750000000000000000e-01
