1.250000000000000000e-01
1.272729999999999972e-01
-9.523810000000000608e-02
-3.553720000000000212e-01
3.225809999999999789e-02
-1.818180000000000143e-02
-2.421049999999999869e-01
-4.375000000000000000e-01
0.000000000000000000e+00
-2.912620000000000139e-02
-3.263159999999999950e-01
-5.000000000000000000e-01
2.903229999999999977e-01
3.846149999999999847e-01
1.086960000000000010e-01
-2.372879999999999989e-01
1.250000000000000000e-01
2.427179999999999893e-01
-3.614459999999999895e-02
-3.495929999999999871e-01
-1.538460000000000001e-02
9.708740000000000425e-03
-2.666669999999999874e-01
-4.560000000000000164e-01
2.187500000000000000e-01
3.846149999999999847e-01
1.724140000000000117e-01
-1.833329999999999960e-01
2.307690000000000019e-01
4.257429999999999826e-01
2.421049999999999869e-01
-1.562500000000000000e-01
2.187500000000000000e-01
2.427179999999999893e-01
-3.157890000000000003e-02
-2.812500000000000000e-01
