-2.500000000000000000e-01
4.363639999999999741e-01
4.047620000000000107e-01
8.264459999999999515e-03
-2.258060000000000067e-01
3.636360000000000148e-01
3.684209999999999985e-01
1.562500000000000000e-02
-1.250000000000000000e-01
5.339810000000000390e-01
3.684209999999999985e-01
1.562500000000000000e-02
0.000000000000000000e+00
5.384619999999999962e-01
5.000000000000000000e-01
6.779659999999999853e-02
-3.125000000000000000e-02
5.533979999999999455e-01
5.903610000000000246e-01
8.130079999999999599e-03
-1.538460000000000001e-02
4.757279999999999842e-01
4.000000000000000222e-01
8.000000000000000167e-03
-1.562500000000000000e-01
5.384619999999999962e-01
3.793099999999999805e-01
3.333330000000000320e-02
-1.384620000000000017e-01
5.841579999999999551e-01
5.368420000000000414e-01
4.687500000000000000e-02
-3.125000000000000000e-02
6.310679999999999623e-01
5.368420000000000414e-01
4.687500000000000000e-02
