-7.187500000000000000e-01
-2.181819999999999871e-01
-2.857140000000000235e-01
-3.057849999999999735e-01
-7.096770000000000023e-01
-1.636360000000000037e-01
-1.578950000000000076e-01
-2.812500000000000000e-01
-7.187500000000000000e-01
-1.650490000000000013e-01
-2.421049999999999869e-01
-3.281250000000000000e-01
-6.774189999999999934e-01
-2.307690000000000019e-01
-1.304349999999999954e-01
-2.711859999999999826e-01
-6.875000000000000000e-01
-6.796119999999999939e-02
-1.204820000000000023e-02
-2.520330000000000070e-01
-5.692310000000000425e-01
-6.796119999999999939e-02
4.444440000000000196e-02
-1.839999999999999969e-01
-6.875000000000000000e-01
-1.153850000000000015e-01
-5.747130000000000294e-02
-2.500000000000000000e-01
-5.692310000000000425e-01
6.930690000000000461e-02
9.473679999999999601e-02
-1.562500000000000000e-01
-5.937500000000000000e-01
-2.912620000000000139e-02
1.052630000000000059e-02
-2.187500000000000000e-01
