9.375000000000000000e-02
4.727270000000000083e-01
3.809520000000000128e-01
8.264459999999999515e-03
0.000000000000000000e+00
4.727270000000000083e-01
3.473680000000000101e-01
1.562500000000000000e-02
9.375000000000000000e-02
5.728159999999999918e-01
4.526319999999999788e-01
7.812500000000000000e-02
-3.225809999999999789e-02
6.153849999999999598e-01
5.434780000000000166e-01
8.474579999999999613e-02
-6.250000000000000000e-02
5.339810000000000390e-01
3.975899999999999990e-01
-2.439020000000000077e-02
7.692309999999999426e-02
5.339810000000000390e-01
4.222219999999999862e-01
8.799999999999999489e-02
0.000000000000000000e+00
5.192309999999999981e-01
4.252870000000000261e-01
-5.000000000000000278e-02
1.384620000000000017e-01
6.633660000000000112e-01
3.684209999999999985e-01
1.562500000000000000e-02
1.250000000000000000e-01
6.310679999999999623e-01
3.684209999999999985e-01
1.562500000000000000e-02
