9.375000000000000000e-02
1.818180000000000143e-02
-1.190480000000000010e-01
-3.719009999999999816e-01
1.290320000000000078e-01
-5.454549999999999677e-02
5.263160000000000061e-02
-1.562500000000000000e-01
-5.312500000000000000e-01
-5.922330000000000094e-01
1.368419999999999914e-01
2.343750000000000000e-01
-3.225809999999999789e-02
0.000000000000000000e+00
-4.130429999999999935e-01
-4.406780000000000141e-01
-6.250000000000000000e-02
8.737860000000000071e-02
-1.325300000000000089e-01
-3.495929999999999871e-01
7.692309999999999426e-02
8.737860000000000071e-02
1.111110000000000014e-01
-1.039999999999999952e-01
-3.125000000000000000e-02
9.615379999999999761e-02
-1.494250000000000023e-01
-3.666670000000000207e-01
-1.538460000000000001e-02
1.287129999999999941e-01
-2.421049999999999869e-01
-3.281250000000000000e-01
9.375000000000000000e-02
1.067960000000000020e-01
-1.052630000000000059e-02
-3.281250000000000000e-01
