-7.187500000000000000e-01
-1.636360000000000037e-01
-1.904760000000000064e-01
-3.057849999999999735e-01
-7.096770000000000023e-01
-2.181819999999999871e-01
-2.421049999999999869e-01
-3.281250000000000000e-01
-6.250000000000000000e-01
-1.650490000000000013e-01
-3.263159999999999950e-01
-2.812500000000000000e-01
-6.774189999999999934e-01
-7.692309999999999426e-02
-4.347829999999999750e-02
-2.033899999999999875e-01
-5.937500000000000000e-01
-6.796119999999999939e-02
-1.204820000000000023e-02
-2.520330000000000070e-01
-5.692310000000000425e-01
-1.456310000000000104e-01
-1.333330000000000071e-01
-2.959999999999999853e-01
-5.937500000000000000e-01
3.846150000000000263e-02
1.264369999999999938e-01
-1.833329999999999960e-01
-5.692310000000000425e-01
-9.900990000000000138e-03
1.052630000000000059e-02
-2.187500000000000000e-01
-5.937500000000000000e-01
4.854370000000000213e-02
1.052630000000000059e-02
-2.187500000000000000e-01
