-7.812500000000000000e-01
-2.727269999999999972e-01
-2.142860000000000043e-01
-3.388430000000000053e-01
-7.741940000000000488e-01
-2.000000000000000111e-01
-2.631580000000000030e-01
-3.125000000000000000e-01
-6.875000000000000000e-01
-2.233009999999999995e-01
-2.631580000000000030e-01
-2.656250000000000000e-01
-6.774189999999999934e-01
-2.500000000000000000e-01
-3.695649999999999769e-01
-2.711859999999999826e-01
-6.875000000000000000e-01
-2.427179999999999893e-01
-2.771080000000000210e-01
-3.170729999999999937e-01
-5.692310000000000425e-01
-2.427179999999999893e-01
-2.888890000000000069e-01
-2.479999999999999982e-01
-5.937500000000000000e-01
-2.884619999999999962e-01
-4.022990000000000177e-01
-3.333329999999999904e-01
-5.692310000000000425e-01
-3.267329999999999957e-01
-3.894739999999999869e-01
-4.062500000000000000e-01
-5.000000000000000000e-01
-2.038830000000000087e-01
-3.052630000000000066e-01
-2.968750000000000000e-01
