-3.125000000000000000e-02
1.818180000000000143e-02
-3.095240000000000213e-01
-5.206610000000000404e-01
0.000000000000000000e+00
9.090910000000000657e-02
-2.631580000000000030e-01
-4.062500000000000000e-01
-3.125000000000000000e-02
9.708740000000000425e-03
-2.631580000000000030e-01
-4.062500000000000000e-01
-1.612899999999999889e-01
0.000000000000000000e+00
-3.260870000000000157e-01
-4.915249999999999897e-01
-1.875000000000000000e-01
9.708740000000000425e-03
-3.253010000000000068e-01
-5.284550000000000081e-01
-1.692309999999999925e-01
9.708740000000000425e-03
-2.444439999999999946e-01
-4.560000000000000164e-01
-3.125000000000000000e-02
-1.153850000000000015e-01
-3.333329999999999904e-01
-5.000000000000000000e-01
-1.384620000000000017e-01
-9.900990000000000138e-03
-3.263159999999999950e-01
-4.531250000000000000e-01
-3.125000000000000000e-02
-2.912620000000000139e-02
-3.263159999999999950e-01
-4.531250000000000000e-01
