1.250000000000000000e-01
1.636360000000000037e-01
-4.761900000000000160e-02
-2.066119999999999901e-01
1.612899999999999889e-01
1.818180000000000143e-02
-2.210529999999999995e-01
-4.062500000000000000e-01
-1.250000000000000000e-01
8.737860000000000071e-02
-3.894739999999999869e-01
-4.062500000000000000e-01
1.290320000000000078e-01
3.076920000000000210e-01
1.086960000000000010e-01
-1.525420000000000109e-01
9.375000000000000000e-02
1.650490000000000013e-01
-1.084340000000000026e-01
-3.333329999999999904e-01
-1.538460000000000001e-02
9.708740000000000425e-03
-2.222220000000000029e-01
-3.920000000000000151e-01
6.250000000000000000e-02
3.269230000000000191e-01
3.563220000000000276e-01
-8.333329999999999904e-02
7.692309999999999426e-02
3.663370000000000237e-01
1.368419999999999914e-01
-6.250000000000000000e-02
-6.250000000000000000e-02
1.650490000000000013e-01
-1.157890000000000030e-01
-2.343750000000000000e-01
