-1.875000000000000000e-01
-2.000000000000000111e-01
-5.952380000000000448e-01
-6.363640000000000407e-01
-1.612899999999999889e-01
-1.272729999999999972e-01
-4.526319999999999788e-01
-4.687500000000000000e-01
-1.875000000000000000e-01
9.708740000000000425e-03
-2.842109999999999914e-01
-4.687500000000000000e-01
-1.290320000000000078e-01
-1.153850000000000015e-01
-4.347829999999999750e-01
-5.932199999999999696e-01
-1.562500000000000000e-01
-2.912620000000000139e-02
-3.734939999999999927e-01
-5.772359999999999713e-01
-1.384620000000000017e-01
-1.067960000000000020e-01
-2.000000000000000111e-01
-4.400000000000000022e-01
-2.812500000000000000e-01
-1.538460000000000105e-01
-4.252870000000000261e-01
-5.999999999999999778e-01
-1.384620000000000017e-01
-1.287129999999999941e-01
-4.105260000000000020e-01
-4.843750000000000000e-01
-1.562500000000000000e-01
-6.796119999999999939e-02
-4.105260000000000020e-01
-4.843750000000000000e-01
