-6.250000000000000000e-02
-5.454549999999999677e-02
-5.238099999999999978e-01
-5.702479999999999771e-01
-3.225809999999999789e-02
-5.454549999999999677e-02
-3.684209999999999985e-01
-4.687500000000000000e-01
-6.250000000000000000e-02
-6.796119999999999939e-02
-3.684209999999999985e-01
-5.312500000000000000e-01
0.000000000000000000e+00
3.846150000000000263e-02
-3.695649999999999769e-01
-5.423729999999999940e-01
-1.562500000000000000e-01
-2.912620000000000139e-02
-2.771080000000000210e-01
-5.121949999999999559e-01
-1.384620000000000017e-01
-2.912620000000000139e-02
-2.888890000000000069e-01
-5.040000000000000036e-01
-1.562500000000000000e-01
0.000000000000000000e+00
-4.252870000000000261e-01
-5.333329999999999460e-01
-1.384620000000000017e-01
2.970300000000000024e-02
-3.263159999999999950e-01
-4.843750000000000000e-01
-2.812500000000000000e-01
-1.456310000000000104e-01
-4.105260000000000020e-01
-4.843750000000000000e-01
