1.250000000000000000e-01
5.454549999999999677e-02
-1.904760000000000064e-01
-3.553720000000000212e-01
1.612899999999999889e-01
1.272729999999999972e-01
-7.368420000000000525e-02
-3.906250000000000000e-01
0.000000000000000000e+00
1.262139999999999929e-01
-1.578950000000000076e-01
-3.906250000000000000e-01
1.612899999999999889e-01
1.538460000000000105e-01
-6.521739999999999482e-02
-3.728810000000000180e-01
1.250000000000000000e-01
2.427179999999999893e-01
-3.614459999999999895e-02
-4.146340000000000026e-01
1.384620000000000017e-01
8.737860000000000071e-02
2.222220000000000098e-02
-3.439999999999999725e-01
2.187500000000000000e-01
2.307690000000000019e-01
-1.149430000000000070e-02
-3.833329999999999793e-01
1.076919999999999961e-01
2.673269999999999813e-01
-9.473679999999999601e-02
-3.437500000000000000e-01
9.375000000000000000e-02
8.737860000000000071e-02
-1.789469999999999950e-01
-3.437500000000000000e-01
