1.250000000000000000e-01
1.272729999999999972e-01
0.000000000000000000e+00
-2.892560000000000131e-01
2.903229999999999977e-01
1.272729999999999972e-01
-7.368420000000000525e-02
-2.187500000000000000e-01
2.500000000000000000e-01
2.038830000000000087e-01
1.052630000000000059e-02
-2.187500000000000000e-01
2.903229999999999977e-01
4.615380000000000038e-01
-6.521739999999999482e-02
-1.864409999999999956e-01
3.750000000000000000e-01
3.203880000000000061e-01
6.024100000000000288e-02
-2.845530000000000004e-01
3.846149999999999847e-01
3.203880000000000061e-01
1.111110000000000014e-01
-2.159999999999999976e-01
3.750000000000000000e-01
3.846149999999999847e-01
8.045979999999999799e-02
-2.500000000000000000e-01
3.846149999999999847e-01
3.465349999999999819e-01
1.368419999999999914e-01
-2.187500000000000000e-01
2.187500000000000000e-01
3.203880000000000061e-01
-3.157890000000000003e-02
-2.187500000000000000e-01
