-3.125000000000000000e-02
-1.272729999999999972e-01
-3.095240000000000213e-01
-4.380169999999999897e-01
0.000000000000000000e+00
-1.272729999999999972e-01
-2.631580000000000030e-01
-4.062500000000000000e-01
-3.125000000000000000e-02
9.708740000000000425e-03
-3.473680000000000101e-01
-4.062500000000000000e-01
-3.225809999999999789e-02
7.692309999999999426e-02
-3.260870000000000157e-01
-3.728810000000000180e-01
6.250000000000000000e-02
9.708740000000000425e-03
-3.253010000000000068e-01
-4.796750000000000180e-01
-4.615380000000000177e-02
-6.796119999999999939e-02
-2.444439999999999946e-01
-4.079999999999999738e-01
-3.125000000000000000e-02
3.846150000000000263e-02
-3.333329999999999904e-01
-5.000000000000000000e-01
-1.538460000000000001e-02
-9.900990000000000138e-03
-3.894739999999999869e-01
-3.906250000000000000e-01
-3.125000000000000000e-02
4.854370000000000213e-02
-3.263159999999999950e-01
-3.906250000000000000e-01
