1.875000000000000000e-01
1.818180000000000074e-01
-1.190480000000000010e-01
-3.388430000000000053e-01
-3.225809999999999789e-02
3.636360000000000287e-02
-2.631580000000000030e-01
-4.843750000000000000e-01
-1.562500000000000000e-01
9.708740000000000425e-03
-2.631580000000000030e-01
-4.375000000000000000e-01
1.612899999999999889e-01
2.884619999999999962e-01
-1.086960000000000010e-01
-3.389829999999999788e-01
1.250000000000000000e-01
2.038830000000000087e-01
-1.807229999999999948e-01
-4.471539999999999959e-01
1.538460000000000001e-02
4.854370000000000213e-02
-2.888890000000000069e-01
-4.879999999999999893e-01
1.250000000000000000e-01
1.538460000000000105e-01
-1.264369999999999938e-01
-4.500000000000000111e-01
1.384620000000000017e-01
2.673269999999999813e-01
-3.157890000000000003e-02
-2.968750000000000000e-01
1.250000000000000000e-01
1.650490000000000013e-01
-3.157890000000000003e-02
-3.593750000000000000e-01
