5.312500000000000000e-01
4.363639999999999741e-01
3.809520000000000128e-01
-1.735540000000000138e-01
3.548390000000000155e-01
3.636360000000000148e-01
1.578950000000000076e-01
-1.562500000000000000e-01
1.875000000000000000e-01
4.563110000000000221e-01
1.578950000000000076e-01
-1.562500000000000000e-01
4.193549999999999778e-01
4.423079999999999790e-01
6.521739999999999482e-02
-1.525420000000000109e-01
2.500000000000000000e-01
3.786410000000000053e-01
1.204820000000000023e-02
-2.682930000000000037e-01
3.846149999999999847e-01
3.786410000000000053e-01
2.444439999999999946e-01
-1.360000000000000098e-01
3.750000000000000000e-01
3.846149999999999847e-01
1.724140000000000117e-01
-2.166669999999999985e-01
2.615379999999999927e-01
3.465349999999999819e-01
-1.368419999999999914e-01
-2.968750000000000000e-01
1.250000000000000000e-01
1.650490000000000013e-01
-3.157890000000000003e-02
-3.593750000000000000e-01
