-5.000000000000000000e-01
-4.545449999999999768e-01
-1.000000000000000000e+00
-8.016529999999999490e-01
-3.548390000000000155e-01
-4.545449999999999768e-01
-6.421050000000000368e-01
-6.875000000000000000e-01
-3.750000000000000000e-01
-4.174760000000000137e-01
-6.421050000000000368e-01
-6.875000000000000000e-01
-5.161289999999999489e-01
-4.807690000000000019e-01
-7.826089999999999991e-01
-7.796610000000000484e-01
-4.062500000000000000e-01
-5.339810000000000390e-01
-7.349400000000000377e-01
-8.048779999999999824e-01
-3.846149999999999847e-01
-5.339810000000000390e-01
-6.222220000000000528e-01
-6.640000000000000346e-01
-4.062500000000000000e-01
-4.423079999999999790e-01
-7.931030000000000024e-01
-8.333329999999999904e-01
-3.846149999999999847e-01
-4.851489999999999969e-01
-7.473680000000000323e-01
-7.656250000000000000e-01
-4.062500000000000000e-01
-4.368929999999999758e-01
-6.631580000000000252e-01
-7.656250000000000000e-01
