4.687500000000000000e-01
3.818179999999999907e-01
3.809520000000000128e-01
-5.785119999999999846e-02
6.774189999999999934e-01
4.727270000000000083e-01
3.473680000000000101e-01
7.812500000000000000e-02
4.687500000000000000e-01
6.504849999999999799e-01
3.473680000000000101e-01
1.562500000000000000e-02
5.806449999999999667e-01
5.192309999999999981e-01
3.260870000000000157e-01
3.389829999999999927e-02
4.062500000000000000e-01
5.339810000000000390e-01
3.975899999999999990e-01
-2.439020000000000077e-02
2.000000000000000111e-01
4.563110000000000221e-01
5.333329999999999460e-01
-2.400000000000000050e-02
3.750000000000000000e-01
5.192309999999999981e-01
3.333329999999999904e-01
0.000000000000000000e+00
1.384620000000000017e-01
4.851489999999999969e-01
2.842109999999999914e-01
-3.125000000000000000e-02
-2.500000000000000000e-01
3.786410000000000053e-01
2.842109999999999914e-01
-3.125000000000000000e-02
