-4.687500000000000000e-01
-2.909089999999999732e-01
-3.809520000000000128e-01
-3.553720000000000212e-01
-3.548390000000000155e-01
-9.090910000000000657e-02
-1.578950000000000076e-01
-1.562500000000000000e-01
-3.750000000000000000e-01
-2.427179999999999893e-01
9.473679999999999601e-02
-3.125000000000000000e-02
-4.838709999999999956e-01
-2.115380000000000038e-01
-2.608699999999999908e-01
-3.050849999999999951e-01
-3.750000000000000000e-01
-1.456310000000000104e-01
-1.566269999999999885e-01
-2.357720000000000093e-01
-3.538459999999999939e-01
-2.815529999999999977e-01
2.000000000000000111e-01
1.199999999999999956e-01
-4.062500000000000000e-01
0.000000000000000000e+00
-1.724140000000000117e-01
-3.833329999999999793e-01
-2.615379999999999927e-01
2.970300000000000024e-02
-9.473679999999999601e-02
-2.812500000000000000e-01
-2.812500000000000000e-01
-2.038830000000000087e-01
2.421049999999999869e-01
-1.562500000000000000e-02
