6.250000000000000000e-02
3.636360000000000287e-02
-3.809520000000000128e-01
-4.049590000000000134e-01
9.677420000000000466e-02
3.636360000000000287e-02
-2.631580000000000030e-01
-3.750000000000000000e-01
6.250000000000000000e-02
1.067960000000000020e-01
-2.631580000000000030e-01
-3.750000000000000000e-01
1.612899999999999889e-01
3.846150000000000263e-02
-2.826089999999999991e-01
-3.389829999999999788e-01
0.000000000000000000e+00
4.854370000000000213e-02
-1.807229999999999948e-01
-3.821140000000000092e-01
1.538460000000000001e-02
-2.912620000000000139e-02
-1.111110000000000014e-01
-3.119999999999999996e-01
2.500000000000000000e-01
1.538460000000000105e-01
8.045979999999999799e-02
-3.333329999999999904e-01
-1.538460000000000001e-02
-4.950500000000000039e-02
-2.210529999999999995e-01
-2.968750000000000000e-01
-2.500000000000000000e-01
-1.456310000000000104e-01
-2.210529999999999995e-01
-2.343750000000000000e-01
