-2.812500000000000000e-01
5.272729999999999917e-01
5.000000000000000000e-01
5.785119999999999846e-02
-2.580649999999999888e-01
4.363639999999999741e-01
4.526319999999999788e-01
-4.687500000000000000e-02
-3.750000000000000000e-01
3.592230000000000145e-01
3.473680000000000101e-01
1.562500000000000000e-02
-3.548390000000000155e-01
5.192309999999999981e-01
3.478260000000000240e-01
1.016949999999999937e-01
-2.500000000000000000e-01
5.339810000000000390e-01
5.421690000000000120e-01
4.065040000000000320e-02
-2.307690000000000019e-01
4.563110000000000221e-01
4.444440000000000057e-01
4.000000000000000083e-02
-3.750000000000000000e-01
4.615380000000000038e-01
4.942529999999999979e-01
-3.333330000000000320e-02
-2.307690000000000019e-01
5.841579999999999551e-01
4.315789999999999904e-01
4.687500000000000000e-02
-2.500000000000000000e-01
6.504849999999999799e-01
4.315789999999999904e-01
4.687500000000000000e-02
