-1.562500000000000000e-01
-5.454549999999999677e-02
-3.095240000000000213e-01
-4.380169999999999897e-01
-1.290320000000000078e-01
-5.454549999999999677e-02
-3.473680000000000101e-01
-4.843750000000000000e-01
-1.562500000000000000e-01
9.708740000000000425e-03
-3.473680000000000101e-01
-4.062500000000000000e-01
9.677420000000000466e-02
1.538460000000000105e-01
-2.391300000000000092e-01
-3.728810000000000180e-01
-6.250000000000000000e-02
8.737860000000000071e-02
-3.253010000000000068e-01
-4.796750000000000180e-01
-1.692309999999999925e-01
-6.796119999999999939e-02
-3.333329999999999904e-01
-4.560000000000000164e-01
-1.562500000000000000e-01
9.615379999999999761e-02
-4.022990000000000177e-01
-4.333330000000000237e-01
-1.538460000000000001e-02
2.673269999999999813e-01
-1.578950000000000076e-01
-3.281250000000000000e-01
-1.562500000000000000e-01
1.067960000000000020e-01
-1.578950000000000076e-01
-4.531250000000000000e-01
