-4.687500000000000000e-01
-4.909089999999999843e-01
-9.523810000000000608e-02
-1.074380000000000057e-01
-4.516129999999999867e-01
-4.909089999999999843e-01
-1.578950000000000076e-01
-1.562500000000000000e-01
-4.687500000000000000e-01
-4.563110000000000221e-01
-2.421049999999999869e-01
-2.187500000000000000e-01
-4.838709999999999956e-01
-4.230769999999999809e-01
-2.608699999999999908e-01
-2.372879999999999989e-01
-3.750000000000000000e-01
-4.174760000000000137e-01
-2.530120000000000147e-01
-2.845530000000000004e-01
-4.769229999999999858e-01
-4.174760000000000137e-01
-2.666669999999999874e-01
-3.439999999999999725e-01
-4.062500000000000000e-01
-4.038459999999999828e-01
-5.172409999999999508e-01
-5.333329999999999460e-01
-3.846149999999999847e-01
-3.861390000000000100e-01
-3.473680000000000101e-01
-3.437500000000000000e-01
-5.312500000000000000e-01
-4.757279999999999842e-01
-2.631580000000000030e-01
-3.437500000000000000e-01
