1.250000000000000000e-01
1.636360000000000037e-01
1.428570000000000118e-01
-3.223139999999999894e-01
1.612899999999999889e-01
2.363639999999999908e-01
5.263160000000000061e-02
-2.343750000000000000e-01
1.250000000000000000e-01
2.427179999999999893e-01
5.263160000000000061e-02
-2.968750000000000000e-01
1.290320000000000078e-01
2.307690000000000019e-01
-6.521739999999999482e-02
-3.559320000000000261e-01
2.187500000000000000e-01
1.650490000000000013e-01
-1.084340000000000026e-01
-3.983740000000000059e-01
2.307690000000000019e-01
1.650490000000000013e-01
-4.444440000000000196e-02
-3.920000000000000151e-01
6.250000000000000000e-02
1.538460000000000105e-01
-1.954019999999999924e-01
-4.000000000000000222e-01
2.000000000000000111e-01
1.881190000000000084e-01
-2.842109999999999914e-01
-3.593750000000000000e-01
6.250000000000000000e-02
1.650490000000000013e-01
-2.000000000000000111e-01
-4.218750000000000000e-01
