0.000000000000000000e+00
-9.090910000000000657e-02
-5.714289999999999647e-01
-6.033060000000000089e-01
-9.677420000000000466e-02
-9.090910000000000657e-02
-4.947369999999999823e-01
-5.625000000000000000e-01
-2.500000000000000000e-01
-1.067960000000000020e-01
-3.263159999999999950e-01
-5.000000000000000000e-01
-9.677420000000000466e-02
-7.692309999999999426e-02
-5.217389999999999528e-01
-5.593219999999999859e-01
-2.500000000000000000e-01
-6.796119999999999939e-02
-5.421690000000000120e-01
-7.073169999999999735e-01
-2.307690000000000019e-01
-2.038830000000000087e-01
-4.444440000000000057e-01
-5.679999999999999494e-01
-1.562500000000000000e-01
-7.692309999999999426e-02
-5.172409999999999508e-01
-5.999999999999999778e-01
-1.538460000000000001e-02
-4.950500000000000039e-02
-4.315789999999999904e-01
-6.093750000000000000e-01
-1.562500000000000000e-01
-1.262139999999999929e-01
-4.947369999999999823e-01
-6.093750000000000000e-01
