-7.812500000000000000e-01
-8.727270000000000305e-01
1.904760000000000064e-01
3.223139999999999894e-01
-7.741940000000000488e-01
-8.727270000000000305e-01
1.789469999999999950e-01
3.593750000000000000e-01
-8.750000000000000000e-01
-9.223299999999999832e-01
2.842109999999999914e-01
4.843750000000000000e-01
-8.064519999999999467e-01
-8.653849999999999598e-01
2.173910000000000078e-02
2.542369999999999908e-01
-9.062500000000000000e-01
-8.252429999999999488e-01
1.566269999999999885e-01
3.008129999999999971e-01
-7.846149999999999514e-01
-8.640780000000000127e-01
2.888890000000000069e-01
4.719999999999999751e-01
-8.750000000000000000e-01
-9.038460000000000383e-01
1.724140000000000117e-01
2.999999999999999889e-01
-8.461539999999999617e-01
-8.613859999999999850e-01
2.421049999999999869e-01
2.968750000000000000e-01
-9.687500000000000000e-01
-8.058250000000000135e-01
1.368419999999999914e-01
3.593750000000000000e-01
