9.375000000000000000e-02
1.636360000000000037e-01
-2.142860000000000043e-01
-3.057849999999999735e-01
1.290320000000000078e-01
1.636360000000000037e-01
-9.473679999999999601e-02
-2.812500000000000000e-01
9.375000000000000000e-02
2.427179999999999893e-01
5.263160000000000061e-02
-2.812500000000000000e-01
2.258060000000000067e-01
1.538460000000000105e-01
-1.521740000000000037e-01
-3.728810000000000180e-01
1.875000000000000000e-01
2.427179999999999893e-01
-3.614459999999999895e-02
-3.495929999999999871e-01
2.000000000000000111e-01
3.398059999999999969e-01
1.111110000000000014e-01
-2.800000000000000266e-01
9.375000000000000000e-02
2.307690000000000019e-01
1.149430000000000070e-02
-3.666670000000000207e-01
1.076919999999999961e-01
1.287129999999999941e-01
-9.473679999999999601e-02
-2.812500000000000000e-01
2.187500000000000000e-01
2.427179999999999893e-01
7.368420000000000525e-02
-2.187500000000000000e-01
