4.375000000000000000e-01
3.272729999999999806e-01
3.333329999999999904e-01
-1.404960000000000098e-01
3.548390000000000155e-01
2.545450000000000212e-01
5.263160000000000061e-02
-1.875000000000000000e-01
1.875000000000000000e-01
8.737860000000000071e-02
-2.842109999999999914e-01
-3.593750000000000000e-01
3.870970000000000244e-01
4.615380000000000038e-01
1.304349999999999954e-01
-1.525420000000000109e-01
4.687500000000000000e-01
4.757279999999999842e-01
1.807229999999999948e-01
-2.032519999999999882e-01
2.307690000000000019e-01
1.844659999999999911e-01
4.444440000000000196e-02
-3.119999999999999996e-01
3.125000000000000000e-01
5.192309999999999981e-01
1.954019999999999924e-01
-1.166670000000000068e-01
3.230770000000000031e-01
3.861390000000000100e-01
1.578950000000000076e-01
-9.375000000000000000e-02
3.125000000000000000e-01
3.592230000000000145e-01
1.578950000000000076e-01
-2.031250000000000000e-01
