-3.125000000000000000e-02
1.818180000000000143e-02
-4.047620000000000107e-01
-5.206610000000000404e-01
-5.161289999999999489e-01
-3.818179999999999907e-01
-7.263159999999999616e-01
-7.343750000000000000e-01
-6.562500000000000000e-01
-4.757279999999999842e-01
-6.421050000000000368e-01
-6.718750000000000000e-01
2.258060000000000067e-01
3.269230000000000191e-01
1.086960000000000010e-01
-1.864409999999999956e-01
-1.875000000000000000e-01
9.708740000000000425e-03
-5.180719999999999770e-01
-5.934960000000000235e-01
-3.846149999999999847e-01
-4.368929999999999758e-01
-6.444440000000000168e-01
-7.600000000000000089e-01
2.187500000000000000e-01
3.076920000000000210e-01
1.954019999999999924e-01
-1.833329999999999960e-01
1.076919999999999961e-01
1.287129999999999941e-01
-1.578950000000000076e-01
-3.906250000000000000e-01
-2.812500000000000000e-01
-2.427179999999999893e-01
-6.210529999999999662e-01
-6.875000000000000000e-01
