-5.000000000000000000e-01
-3.272729999999999806e-01
2.380950000000000011e-01
4.132229999999999931e-02
-2.258060000000000067e-01
-2.000000000000000111e-01
2.210529999999999995e-01
4.687500000000000000e-02
-1.250000000000000000e-01
-6.796119999999999939e-02
2.210529999999999995e-01
4.687500000000000000e-02
-3.870970000000000244e-01
-7.692309999999999426e-02
2.173910000000000009e-01
6.779659999999999853e-02
-1.562500000000000000e-01
1.650490000000000013e-01
3.734939999999999927e-01
8.130079999999999599e-03
-1.384620000000000017e-01
3.203880000000000061e-01
3.111110000000000264e-01
8.000000000000000167e-03
-2.812500000000000000e-01
0.000000000000000000e+00
2.643679999999999919e-01
-3.333330000000000320e-02
-1.692309999999999925e-01
1.089109999999999939e-01
2.210529999999999995e-01
4.687500000000000000e-02
-1.875000000000000000e-01
1.650490000000000013e-01
1.368419999999999914e-01
-6.250000000000000000e-02
