-1.562500000000000000e-01
3.818179999999999907e-01
2.619049999999999989e-01
-1.074380000000000057e-01
-2.580649999999999888e-01
1.636360000000000037e-01
2.421049999999999869e-01
-9.375000000000000000e-02
-4.062500000000000000e-01
-6.796119999999999939e-02
-3.157890000000000003e-02
-2.187500000000000000e-01
-1.612899999999999889e-01
4.038459999999999828e-01
1.956519999999999926e-01
-5.084749999999999687e-02
-1.875000000000000000e-01
3.398059999999999969e-01
2.530120000000000147e-01
-5.691059999999999869e-02
-3.846149999999999847e-01
2.427179999999999893e-01
1.111110000000000014e-01
-1.039999999999999952e-01
-4.062500000000000000e-01
9.615379999999999761e-02
-8.045979999999999799e-02
-2.500000000000000000e-01
-3.846149999999999847e-01
2.079209999999999947e-01
1.578950000000000076e-01
-1.093750000000000000e-01
-2.812500000000000000e-01
3.203880000000000061e-01
2.631580000000000030e-01
-1.093750000000000000e-01
