9.375000000000000000e-02
5.454550000000000232e-01
5.000000000000000000e-01
7.438019999999999354e-02
1.290320000000000078e-01
4.727270000000000083e-01
3.473680000000000101e-01
1.562500000000000000e-02
-3.125000000000000000e-02
5.728159999999999918e-01
3.473680000000000101e-01
1.562500000000000000e-02
9.677420000000000466e-02
6.153849999999999598e-01
3.260870000000000157e-01
8.474579999999999613e-02
-6.250000000000000000e-02
6.310679999999999623e-01
6.385539999999999550e-01
2.439020000000000077e-02
-4.615380000000000177e-02
5.339810000000000390e-01
4.222219999999999862e-01
4.000000000000000083e-02
0.000000000000000000e+00
5.192309999999999981e-01
4.252870000000000261e-01
0.000000000000000000e+00
1.538460000000000001e-02
5.643559999999999688e-01
3.684209999999999985e-01
-3.125000000000000000e-02
1.250000000000000000e-01
6.310679999999999623e-01
3.684209999999999985e-01
1.562500000000000000e-02
