-8.125000000000000000e-01
-9.636360000000000481e-01
6.904759999999999787e-01
7.024789999999999646e-01
-8.064519999999999467e-01
-9.090909999999999824e-01
5.157890000000000530e-01
6.718750000000000000e-01
-6.250000000000000000e-01
-7.475730000000000430e-01
3.052630000000000066e-01
3.281250000000000000e-01
-8.064519999999999467e-01
-9.038460000000000383e-01
5.434780000000000166e-01
7.966100000000000403e-01
-9.375000000000000000e-01
-8.640780000000000127e-01
6.385539999999999550e-01
6.422759999999999581e-01
-7.846149999999999514e-01
-8.058250000000000135e-01
5.333329999999999460e-01
6.320000000000000062e-01
-8.750000000000000000e-01
-8.653849999999999598e-01
5.172409999999999508e-01
6.999999999999999556e-01
-8.461539999999999617e-01
-8.613859999999999850e-01
6.631580000000000252e-01
6.718750000000000000e-01
-8.750000000000000000e-01
-9.223299999999999832e-01
5.578950000000000298e-01
6.718750000000000000e-01
