-1.562500000000000000e-01
4.545449999999999768e-01
4.761900000000000022e-01
4.132229999999999931e-02
2.580649999999999888e-01
5.272729999999999917e-01
4.315789999999999904e-01
4.687500000000000000e-02
3.750000000000000000e-01
7.281549999999999967e-01
4.315789999999999904e-01
4.687500000000000000e-02
-1.612899999999999889e-01
4.038459999999999828e-01
2.826089999999999991e-01
0.000000000000000000e+00
-1.875000000000000000e-01
3.398059999999999969e-01
3.493979999999999864e-01
-5.691059999999999869e-02
-4.615380000000000177e-02
4.174760000000000137e-01
4.888890000000000180e-01
8.000000000000000167e-03
-4.062500000000000000e-01
3.076920000000000210e-01
1.954019999999999924e-01
-6.666669999999999541e-02
-2.615379999999999927e-01
3.465349999999999819e-01
7.368420000000000525e-02
-1.093750000000000000e-01
-2.812500000000000000e-01
4.757279999999999842e-01
3.473680000000000101e-01
1.562500000000000000e-02
