2.500000000000000000e-01
2.181819999999999871e-01
9.523810000000000608e-02
-2.396689999999999932e-01
2.903229999999999977e-01
2.909089999999999732e-01
-7.368420000000000525e-02
-2.656250000000000000e-01
3.750000000000000000e-01
3.009709999999999885e-01
1.052630000000000059e-02
-2.187500000000000000e-01
2.903229999999999977e-01
3.076920000000000210e-01
2.173910000000000078e-02
-1.864409999999999956e-01
3.750000000000000000e-01
3.203880000000000061e-01
6.024100000000000288e-02
-1.707319999999999949e-01
3.846149999999999847e-01
4.757279999999999842e-01
2.888890000000000069e-01
8.000000000000000167e-03
5.000000000000000000e-01
4.615380000000000038e-01
2.873560000000000003e-01
-1.166670000000000068e-01
6.615379999999999594e-01
5.841579999999999551e-01
3.263159999999999950e-01
-1.562500000000000000e-02
6.562500000000000000e-01
6.310679999999999623e-01
5.368420000000000414e-01
4.687500000000000000e-02
