-5.937500000000000000e-01
1.272729999999999972e-01
1.904760000000000064e-01
-1.074380000000000057e-01
-4.516129999999999867e-01
2.181819999999999871e-01
2.842109999999999914e-01
-9.375000000000000000e-02
-4.687500000000000000e-01
3.009709999999999885e-01
1.789469999999999950e-01
-1.562500000000000000e-01
-4.838709999999999956e-01
3.076920000000000210e-01
1.956519999999999926e-01
0.000000000000000000e+00
-5.000000000000000000e-01
1.650490000000000013e-01
2.530120000000000147e-01
-1.707319999999999949e-01
-4.769229999999999858e-01
8.737860000000000071e-02
1.111110000000000014e-01
-1.039999999999999952e-01
-4.062500000000000000e-01
3.076920000000000210e-01
3.793099999999999805e-01
-3.333330000000000320e-02
-2.615379999999999927e-01
3.465349999999999819e-01
2.421049999999999869e-01
-9.375000000000000000e-02
-2.812500000000000000e-01
1.650490000000000013e-01
5.263160000000000061e-02
-1.562500000000000000e-01
