5.000000000000000000e-01
3.636360000000000148e-01
1.904760000000000064e-01
-1.074380000000000057e-01
5.483869999999999578e-01
3.636360000000000148e-01
2.842109999999999914e-01
-1.562500000000000000e-01
5.000000000000000000e-01
6.310679999999999623e-01
2.842109999999999914e-01
-3.125000000000000000e-02
5.483869999999999578e-01
5.384619999999999962e-01
1.956519999999999926e-01
-6.779659999999999853e-02
5.000000000000000000e-01
4.757279999999999842e-01
1.566269999999999885e-01
-1.707319999999999949e-01
5.076920000000000321e-01
4.757279999999999842e-01
4.000000000000000222e-01
-1.039999999999999952e-01
5.000000000000000000e-01
5.384619999999999962e-01
3.793099999999999805e-01
-1.166670000000000068e-01
5.076920000000000321e-01
5.049500000000000099e-01
1.368419999999999914e-01
-1.562500000000000000e-01
5.000000000000000000e-01
5.533979999999999455e-01
2.421049999999999869e-01
-9.375000000000000000e-02
