-1.562500000000000000e-01
3.818179999999999907e-01
6.190480000000000427e-01
8.264459999999999515e-03
-1.290320000000000078e-01
4.727270000000000083e-01
3.473680000000000101e-01
7.812500000000000000e-02
9.375000000000000000e-02
5.728159999999999918e-01
3.473680000000000101e-01
7.812500000000000000e-02
-1.290320000000000078e-01
6.153849999999999598e-01
4.347829999999999750e-01
3.389829999999999927e-02
-1.562500000000000000e-01
5.339810000000000390e-01
5.180719999999999770e-01
2.439020000000000077e-02
-4.615380000000000177e-02
6.310679999999999623e-01
5.333329999999999460e-01
8.799999999999999489e-02
-2.500000000000000000e-01
5.192309999999999981e-01
4.252870000000000261e-01
0.000000000000000000e+00
-1.076919999999999961e-01
6.633660000000000112e-01
4.736839999999999939e-01
7.812500000000000000e-02
0.000000000000000000e+00
6.310679999999999623e-01
4.736839999999999939e-01
7.812500000000000000e-02
