-1.562500000000000000e-01
3.636360000000000148e-01
3.809520000000000128e-01
-5.785119999999999846e-02
-2.580649999999999888e-01
3.636360000000000148e-01
3.473680000000000101e-01
-4.687500000000000000e-02
-2.812500000000000000e-01
5.339810000000000390e-01
3.473680000000000101e-01
-4.687500000000000000e-02
-3.548390000000000155e-01
1.153850000000000015e-01
6.521739999999999482e-02
-1.525420000000000109e-01
-2.500000000000000000e-01
3.786410000000000053e-01
4.216869999999999785e-01
-7.317070000000000518e-02
-1.076919999999999961e-01
5.339810000000000390e-01
4.444440000000000057e-01
4.000000000000000083e-02
-5.000000000000000000e-01
-2.115380000000000038e-01
-3.103449999999999820e-01
-3.333329999999999904e-01
-2.307690000000000019e-01
1.089109999999999939e-01
-3.157890000000000003e-02
-7.812500000000000000e-02
-1.250000000000000000e-01
3.980580000000000229e-01
3.263159999999999950e-01
-7.812500000000000000e-02
