-1.562500000000000000e-01
-1.818180000000000074e-01
-5.714289999999999647e-01
-5.867769999999999930e-01
0.000000000000000000e+00
-1.818180000000000074e-01
-4.947369999999999823e-01
-5.468750000000000000e-01
-1.562500000000000000e-01
-6.796119999999999939e-02
-4.315789999999999904e-01
-5.468750000000000000e-01
-3.225809999999999789e-02
-1.538460000000000105e-01
-5.652169999999999694e-01
-6.271189999999999820e-01
-1.875000000000000000e-01
-1.456310000000000104e-01
-5.903610000000000246e-01
-5.934960000000000235e-01
-4.615380000000000177e-02
-6.796119999999999939e-02
-3.333329999999999904e-01
-5.200000000000000178e-01
-3.125000000000000000e-02
-3.846150000000000263e-02
-5.632179999999999964e-01
-5.000000000000000000e-01
-1.538460000000000001e-02
6.930690000000000461e-02
-3.263159999999999950e-01
-4.531250000000000000e-01
-3.125000000000000000e-02
4.854370000000000213e-02
-2.421049999999999869e-01
-3.906250000000000000e-01
