3.125000000000000000e-01
2.545450000000000212e-01
4.761900000000000160e-02
-2.066119999999999901e-01
3.548390000000000155e-01
1.636360000000000037e-01
1.368419999999999914e-01
-2.343750000000000000e-01
4.375000000000000000e-01
4.174760000000000137e-01
2.210529999999999995e-01
-1.250000000000000000e-01
3.870970000000000244e-01
3.076920000000000210e-01
4.347829999999999750e-02
-2.203390000000000071e-01
3.437500000000000000e-01
3.203880000000000061e-01
1.807229999999999948e-01
-2.032519999999999882e-01
6.307690000000000241e-01
4.757279999999999842e-01
3.333329999999999904e-01
-2.400000000000000050e-02
4.062500000000000000e-01
5.192309999999999981e-01
1.954019999999999924e-01
-2.333330000000000126e-01
6.615379999999999594e-01
6.633660000000000112e-01
3.473680000000000101e-01
-4.687500000000000000e-02
6.562500000000000000e-01
7.087379999999999791e-01
3.473680000000000101e-01
1.562500000000000000e-02
