5.312500000000000000e-01
4.363639999999999741e-01
3.809520000000000128e-01
-1.074380000000000057e-01
5.806449999999999667e-01
4.363639999999999741e-01
2.631580000000000030e-01
-9.375000000000000000e-02
5.312500000000000000e-01
5.339810000000000390e-01
3.473680000000000101e-01
-4.687500000000000000e-02
6.774189999999999934e-01
6.153849999999999598e-01
3.478260000000000240e-01
-1.694920000000000107e-02
7.812500000000000000e-01
6.310679999999999623e-01
5.421690000000000120e-01
-7.317070000000000518e-02
6.307690000000000241e-01
6.310679999999999623e-01
3.555559999999999832e-01
-7.199999999999999456e-02
6.250000000000000000e-01
6.346150000000000402e-01
4.942529999999999979e-01
-3.333330000000000320e-02
6.307690000000000241e-01
6.831679999999999975e-01
4.315789999999999904e-01
-1.562500000000000000e-02
6.250000000000000000e-01
5.533979999999999455e-01
4.315789999999999904e-01
-7.812500000000000000e-02
