-1.250000000000000000e-01
-5.454549999999999677e-02
-3.571429999999999882e-01
-5.041320000000000245e-01
-9.677420000000000466e-02
1.818180000000000143e-02
-3.052630000000000066e-01
-4.062500000000000000e-01
-1.250000000000000000e-01
8.737860000000000071e-02
-3.052630000000000066e-01
-4.687500000000000000e-01
-2.580649999999999888e-01
-7.692309999999999426e-02
-3.043480000000000074e-01
-5.084750000000000103e-01
-1.562500000000000000e-01
9.708740000000000425e-03
-3.012050000000000005e-01
-4.634150000000000214e-01
-1.538460000000000001e-02
9.708740000000000425e-03
-2.222220000000000029e-01
-3.920000000000000151e-01
-1.875000000000000000e-01
0.000000000000000000e+00
-3.793099999999999805e-01
-4.666669999999999985e-01
-2.615379999999999927e-01
1.089109999999999939e-01
-3.684209999999999985e-01
-4.687500000000000000e-01
-1.875000000000000000e-01
8.737860000000000071e-02
-2.842109999999999914e-01
-4.218750000000000000e-01
