2.187500000000000000e-01
1.636360000000000037e-01
-4.761900000000000160e-02
-2.396689999999999932e-01
2.580649999999999888e-01
1.636360000000000037e-01
-3.157890000000000003e-02
-2.812500000000000000e-01
9.375000000000000000e-02
9.708740000000000425e-03
-1.789469999999999950e-01
-2.812500000000000000e-01
9.677420000000000466e-02
2.307690000000000019e-01
-6.521739999999999482e-02
-3.728810000000000180e-01
3.125000000000000000e-01
2.427179999999999893e-01
-3.614459999999999895e-02
-2.357720000000000093e-01
3.230770000000000031e-01
2.427179999999999893e-01
1.111110000000000014e-01
-2.159999999999999976e-01
-1.562500000000000000e-01
9.615379999999999761e-02
-3.333329999999999904e-01
-4.333330000000000237e-01
1.076919999999999961e-01
2.673269999999999813e-01
-1.052630000000000059e-02
-2.187500000000000000e-01
2.187500000000000000e-01
3.203880000000000061e-01
7.368420000000000525e-02
-2.187500000000000000e-01
