-4.062500000000000000e-01
2.363639999999999908e-01
2.857140000000000235e-01
-5.785119999999999846e-02
-3.870970000000000244e-01
3.090910000000000046e-01
3.473680000000000101e-01
-4.687500000000000000e-02
-4.062500000000000000e-01
3.980580000000000229e-01
3.473680000000000101e-01
-4.687500000000000000e-02
-4.516129999999999867e-01
1.730770000000000086e-01
1.304349999999999954e-01
-1.525420000000000109e-01
-3.750000000000000000e-01
1.844659999999999911e-01
3.012050000000000005e-01
-2.032519999999999882e-01
-4.461539999999999950e-01
2.621359999999999801e-01
3.333329999999999904e-01
-7.199999999999999456e-02
-5.937500000000000000e-01
1.153850000000000015e-01
-5.747130000000000294e-02
-2.999999999999999889e-01
-4.461539999999999950e-01
1.485150000000000081e-01
1.052630000000000059e-02
-1.562500000000000000e-01
-3.750000000000000000e-01
3.009709999999999885e-01
1.789469999999999950e-01
-9.375000000000000000e-02
