-1.250000000000000000e-01
-1.636360000000000037e-01
-4.761900000000000022e-01
-5.371899999999999453e-01
3.225809999999999789e-02
-9.090910000000000657e-02
-4.105260000000000020e-01
-5.625000000000000000e-01
-1.250000000000000000e-01
-1.067960000000000020e-01
-4.105260000000000020e-01
-5.625000000000000000e-01
-9.677420000000000466e-02
-1.538460000000000105e-01
-6.086960000000000148e-01
-5.593219999999999859e-01
-1.250000000000000000e-01
-6.796119999999999939e-02
-6.385539999999999550e-01
-6.422759999999999581e-01
-1.076919999999999961e-01
-1.456310000000000104e-01
-4.444440000000000057e-01
-5.679999999999999494e-01
-1.562500000000000000e-01
-1.346150000000000124e-01
-5.172409999999999508e-01
-5.999999999999999778e-01
-1.538460000000000001e-02
-1.089109999999999939e-01
-4.947369999999999823e-01
-5.468750000000000000e-01
-1.562500000000000000e-01
-6.796119999999999939e-02
-4.315789999999999904e-01
-5.468750000000000000e-01
