3.750000000000000000e-01
3.090910000000000046e-01
4.761900000000000160e-02
-2.396689999999999932e-01
4.193549999999999778e-01
2.363639999999999908e-01
1.368419999999999914e-01
-2.187500000000000000e-01
2.187500000000000000e-01
3.203880000000000061e-01
-3.157890000000000003e-02
-2.187500000000000000e-01
3.548390000000000155e-01
3.269230000000000191e-01
1.086960000000000010e-01
-2.372879999999999989e-01
1.875000000000000000e-01
3.398059999999999969e-01
1.566269999999999885e-01
-2.845530000000000004e-01
3.230770000000000031e-01
3.398059999999999969e-01
1.111110000000000014e-01
-1.680000000000000104e-01
2.187500000000000000e-01
3.076920000000000210e-01
1.034479999999999983e-01
-1.833329999999999960e-01
2.307690000000000019e-01
3.465349999999999819e-01
-1.052630000000000059e-02
-2.187500000000000000e-01
2.187500000000000000e-01
2.427179999999999893e-01
7.368420000000000525e-02
-2.812500000000000000e-01
