-5.000000000000000000e-01
-7.272729999999999473e-01
-2.380950000000000080e-02
3.223139999999999894e-01
-8.064519999999999467e-01
-8.727270000000000305e-01
-9.473679999999999601e-02
1.875000000000000000e-01
-7.187500000000000000e-01
-8.058250000000000135e-01
-1.052630000000000059e-02
7.812500000000000000e-02
-3.225809999999999789e-02
-2.307690000000000019e-01
4.347829999999999750e-02
3.389829999999999927e-02
-5.937500000000000000e-01
-6.893200000000000438e-01
-1.204820000000000023e-02
8.943089999999999373e-02
-5.692310000000000425e-01
-5.728159999999999918e-01
-4.444440000000000196e-02
-2.400000000000000050e-02
0.000000000000000000e+00
1.153850000000000015e-01
-1.494250000000000023e-01
-2.999999999999999889e-01
-2.307690000000000019e-01
-8.910890000000000477e-02
-2.421049999999999869e-01
-3.281250000000000000e-01
-1.250000000000000000e-01
4.854370000000000213e-02
-1.578950000000000076e-01
-3.906250000000000000e-01
