4.687500000000000000e-01
7.272729999999999473e-01
7.619050000000000544e-01
1.239669999999999939e-01
6.774189999999999934e-01
8.181819999999999649e-01
7.894740000000000091e-01
1.875000000000000000e-01
6.250000000000000000e-01
8.446599999999999664e-01
6.842110000000000136e-01
1.875000000000000000e-01
5.806449999999999667e-01
8.846150000000000402e-01
6.521740000000000315e-01
2.033899999999999875e-01
6.562500000000000000e-01
9.029129999999999656e-01
7.590360000000000440e-01
1.382110000000000005e-01
7.846149999999999514e-01
9.029129999999999656e-01
6.444440000000000168e-01
1.519999999999999962e-01
5.000000000000000000e-01
8.846150000000000402e-01
6.551719999999999766e-01
1.333330000000000071e-01
6.307690000000000241e-01
8.415839999999999987e-01
4.736839999999999939e-01
7.812500000000000000e-02
7.812500000000000000e-01
7.087379999999999791e-01
4.736839999999999939e-01
1.562500000000000000e-02
