-1.250000000000000000e-01
-2.363639999999999908e-01
-5.714289999999999647e-01
-6.033060000000000089e-01
-2.258060000000000067e-01
-2.909089999999999732e-01
-6.421050000000000368e-01
-6.093750000000000000e-01
-2.500000000000000000e-01
-2.427179999999999893e-01
-5.578950000000000298e-01
-5.625000000000000000e-01
-2.258060000000000067e-01
-1.538460000000000105e-01
-4.347829999999999750e-01
-5.593219999999999859e-01
-1.250000000000000000e-01
-1.456310000000000104e-01
-6.385539999999999550e-01
-5.934960000000000235e-01
-2.307690000000000019e-01
-2.038830000000000087e-01
-5.333329999999999460e-01
-5.200000000000000178e-01
-1.562500000000000000e-01
-1.346150000000000124e-01
-5.172409999999999508e-01
-5.333329999999999460e-01
-1.538460000000000001e-02
-4.950500000000000039e-02
-4.315789999999999904e-01
-4.062500000000000000e-01
-3.125000000000000000e-02
-6.796119999999999939e-02
-4.947369999999999823e-01
-4.843750000000000000e-01
