6.250000000000000000e-01
5.454550000000000232e-01
3.809520000000000128e-01
-5.785119999999999846e-02
6.774189999999999934e-01
4.727270000000000083e-01
3.473680000000000101e-01
-4.687500000000000000e-02
6.250000000000000000e-01
5.728159999999999918e-01
4.526319999999999788e-01
-4.687500000000000000e-02
5.806449999999999667e-01
5.192309999999999981e-01
3.260870000000000157e-01
-8.474579999999999613e-02
4.062500000000000000e-01
5.339810000000000390e-01
3.012050000000000005e-01
-2.032519999999999882e-01
4.153850000000000042e-01
3.592230000000000145e-01
2.222220000000000029e-01
-2.479999999999999982e-01
5.000000000000000000e-01
3.653850000000000153e-01
2.183910000000000018e-01
-2.500000000000000000e-01
3.846149999999999847e-01
4.059409999999999963e-01
1.052630000000000059e-02
-2.187500000000000000e-01
2.500000000000000000e-01
2.038830000000000087e-01
-7.368420000000000525e-02
-2.656250000000000000e-01
