-3.750000000000000000e-01
-4.545449999999999768e-01
-7.380949999999999456e-01
-7.355369999999999964e-01
-3.548390000000000155e-01
-4.545449999999999768e-01
-6.421050000000000368e-01
-6.875000000000000000e-01
-5.000000000000000000e-01
-4.757279999999999842e-01
-6.421050000000000368e-01
-6.875000000000000000e-01
-3.870970000000000244e-01
-5.384619999999999962e-01
-6.956520000000000481e-01
-7.796610000000000484e-01
-4.062500000000000000e-01
-5.339810000000000390e-01
-7.349400000000000377e-01
-7.398369999999999669e-01
-5.076920000000000321e-01
-4.757279999999999842e-01
-6.222220000000000528e-01
-6.640000000000000346e-01
-4.062500000000000000e-01
-5.000000000000000000e-01
-7.931030000000000024e-01
-8.333329999999999904e-01
-3.846149999999999847e-01
-4.257429999999999826e-01
-6.631580000000000252e-01
-7.656250000000000000e-01
-5.000000000000000000e-01
-4.368929999999999758e-01
-5.157890000000000530e-01
-6.406250000000000000e-01
