-6.875000000000000000e-01
-2.000000000000000111e-01
-2.142860000000000043e-01
-2.231400000000000050e-01
-6.774189999999999934e-01
-1.272729999999999972e-01
7.368420000000000525e-02
-2.031250000000000000e-01
-7.812500000000000000e-01
-6.796119999999999939e-02
-1.052630000000000059e-02
-2.031250000000000000e-01
-6.774189999999999934e-01
-1.923080000000000067e-01
-1.956519999999999926e-01
-2.711859999999999826e-01
-6.875000000000000000e-01
-1.844659999999999911e-01
-1.807229999999999948e-01
-3.170729999999999937e-01
-6.615379999999999594e-01
-1.067960000000000020e-01
-2.222220000000000098e-02
-2.479999999999999982e-01
-8.125000000000000000e-01
-1.538460000000000105e-01
-2.183910000000000018e-01
-3.333329999999999904e-01
-6.615379999999999594e-01
-1.287129999999999941e-01
-2.210529999999999995e-01
-2.968750000000000000e-01
-6.875000000000000000e-01
-6.796119999999999939e-02
-1.368419999999999914e-01
-2.343750000000000000e-01
