7.812500000000000000e-01
8.000000000000000444e-01
7.142859999999999765e-01
1.735540000000000138e-01
1.000000000000000000e+00
1.000000000000000000e+00
8.736840000000000162e-01
2.343750000000000000e-01
9.375000000000000000e-01
9.223299999999999832e-01
7.684210000000000207e-01
1.718750000000000000e-01
6.129029999999999756e-01
5.769229999999999636e-01
2.826089999999999991e-01
-5.084749999999999687e-02
5.625000000000000000e-01
5.922330000000000094e-01
3.493979999999999864e-01
-1.056909999999999933e-01
5.692310000000000425e-01
6.699030000000000262e-01
4.888890000000000180e-01
8.000000000000000167e-03
7.500000000000000000e-01
5.576919999999999655e-01
5.172409999999999508e-01
-6.666669999999999541e-02
6.307690000000000241e-01
5.049500000000000099e-01
2.631580000000000030e-01
-1.093750000000000000e-01
4.687500000000000000e-01
5.728159999999999918e-01
3.473680000000000101e-01
-1.093750000000000000e-01
