6.250000000000000000e-02
3.636360000000000287e-02
-3.095240000000000213e-01
-4.049590000000000134e-01
-1.290320000000000078e-01
-1.272729999999999972e-01
-3.263159999999999950e-01
-3.750000000000000000e-01
-6.250000000000000000e-02
-6.796119999999999939e-02
-2.631580000000000030e-01
-3.750000000000000000e-01
3.225809999999999789e-02
-3.846150000000000263e-02
-1.956519999999999926e-01
-3.389829999999999788e-01
-1.250000000000000000e-01
-2.912620000000000139e-02
-1.807229999999999948e-01
-3.821140000000000092e-01
-1.076919999999999961e-01
-1.067960000000000020e-01
-2.000000000000000111e-01
-3.119999999999999996e-01
-2.500000000000000000e-01
-1.538460000000000105e-01
-2.183910000000000018e-01
-2.666669999999999874e-01
-2.307690000000000019e-01
-2.673269999999999813e-01
-2.210529999999999995e-01
-2.343750000000000000e-01
-2.500000000000000000e-01
-2.038830000000000087e-01
-2.210529999999999995e-01
-2.343750000000000000e-01
