-3.125000000000000000e-02
-9.090910000000000657e-02
-1.190480000000000010e-01
-2.396689999999999932e-01
0.000000000000000000e+00
-1.636360000000000037e-01
-9.473679999999999601e-02
-2.187500000000000000e-01
-1.562500000000000000e-01
-1.067960000000000020e-01
-1.578950000000000076e-01
-2.812500000000000000e-01
-3.225809999999999789e-02
9.615379999999999761e-02
-4.347829999999999750e-02
-2.033899999999999875e-01
-6.250000000000000000e-02
-6.796119999999999939e-02
-1.084340000000000026e-01
-3.170729999999999937e-01
-1.384620000000000017e-01
-6.796119999999999939e-02
-1.333330000000000071e-01
-2.479999999999999982e-01
0.000000000000000000e+00
3.846150000000000263e-02
-1.494250000000000023e-01
-2.999999999999999889e-01
1.538460000000000001e-02
6.930690000000000461e-02
1.052630000000000059e-02
-2.187500000000000000e-01
0.000000000000000000e+00
1.262139999999999929e-01
-7.368420000000000525e-02
-1.562500000000000000e-01
