-5.312500000000000000e-01
1.636360000000000037e-01
1.428570000000000118e-01
-1.074380000000000057e-01
-2.580649999999999888e-01
2.363639999999999908e-01
2.421049999999999869e-01
-9.375000000000000000e-02
-1.562500000000000000e-01
3.980580000000000229e-01
2.421049999999999869e-01
-1.562500000000000000e-02
-4.838709999999999956e-01
1.538460000000000105e-01
2.173910000000000078e-02
-1.186439999999999995e-01
-2.812500000000000000e-01
1.650490000000000013e-01
2.530120000000000147e-01
-1.707319999999999949e-01
-2.615379999999999927e-01
3.398059999999999969e-01
3.777780000000000027e-01
-4.000000000000000083e-02
-5.000000000000000000e-01
9.615379999999999761e-02
1.954019999999999924e-01
-1.333330000000000071e-01
-3.846149999999999847e-01
6.930690000000000461e-02
1.578950000000000076e-01
-1.093750000000000000e-01
-4.062500000000000000e-01
1.844659999999999911e-01
1.578950000000000076e-01
-1.093750000000000000e-01
