-1.562500000000000000e-01
-1.272729999999999972e-01
-5.000000000000000000e-01
-5.867769999999999930e-01
0.000000000000000000e+00
-1.272729999999999972e-01
-4.315789999999999904e-01
-4.062500000000000000e-01
-3.125000000000000000e-02
9.708740000000000425e-03
-3.473680000000000101e-01
-4.062500000000000000e-01
-3.225809999999999789e-02
-7.692309999999999426e-02
-4.130429999999999935e-01
-5.593219999999999859e-01
-6.250000000000000000e-02
9.708740000000000425e-03
-2.289160000000000084e-01
-4.796750000000000180e-01
7.692309999999999426e-02
9.708740000000000425e-03
-1.555559999999999998e-01
-4.079999999999999738e-01
-3.125000000000000000e-02
3.846150000000000263e-02
-2.413790000000000102e-01
-4.333330000000000237e-01
-1.538460000000000001e-02
6.930690000000000461e-02
-3.894739999999999869e-01
-4.531250000000000000e-01
-1.562500000000000000e-01
-1.067960000000000020e-01
-3.894739999999999869e-01
-5.156250000000000000e-01
