-2.812500000000000000e-01
3.272729999999999806e-01
3.333329999999999904e-01
-2.479340000000000016e-02
-2.580649999999999888e-01
4.909089999999999843e-01
5.157890000000000530e-01
4.687500000000000000e-02
-2.812500000000000000e-01
4.174760000000000137e-01
4.105260000000000020e-01
4.687500000000000000e-02
-1.290320000000000078e-01
3.076920000000000210e-01
4.347829999999999750e-02
-1.016949999999999937e-01
-1.562500000000000000e-01
3.980580000000000229e-01
3.975899999999999990e-01
-1.544719999999999982e-01
-1.384620000000000017e-01
4.757279999999999842e-01
3.333329999999999904e-01
4.000000000000000083e-02
-2.812500000000000000e-01
0.000000000000000000e+00
-2.643679999999999919e-01
-3.499999999999999778e-01
-1.384620000000000017e-01
1.287129999999999941e-01
-9.473679999999999601e-02
-2.656250000000000000e-01
-1.562500000000000000e-01
2.621359999999999801e-01
7.368420000000000525e-02
-2.656250000000000000e-01
