-5.937500000000000000e-01
-1.636360000000000037e-01
-1.904760000000000064e-01
-2.892560000000000131e-01
-5.806449999999999667e-01
-1.636360000000000037e-01
-1.578950000000000076e-01
-2.187500000000000000e-01
-4.687500000000000000e-01
-1.067960000000000020e-01
-1.578950000000000076e-01
-2.656250000000000000e-01
-3.548390000000000155e-01
7.692309999999999426e-02
2.173910000000000078e-02
-2.372879999999999989e-01
-5.937500000000000000e-01
-6.796119999999999939e-02
-2.530120000000000147e-01
-3.495929999999999871e-01
-4.769229999999999858e-01
9.708740000000000425e-03
2.222220000000000098e-02
-2.159999999999999976e-01
-2.812500000000000000e-01
1.538460000000000105e-01
-1.149430000000000070e-02
-1.833329999999999960e-01
-3.846149999999999847e-01
1.089109999999999939e-01
-1.789469999999999950e-01
-2.187500000000000000e-01
-4.062500000000000000e-01
3.203880000000000061e-01
2.421049999999999869e-01
-9.375000000000000000e-02
