-2.812500000000000000e-01
-2.000000000000000111e-01
-2.380950000000000011e-01
-3.884299999999999975e-01
-2.580649999999999888e-01
-3.454550000000000121e-01
-2.000000000000000111e-01
-2.968750000000000000e-01
-2.812500000000000000e-01
-3.592230000000000145e-01
-2.000000000000000111e-01
-1.250000000000000000e-01
-3.870970000000000244e-01
-3.653850000000000153e-01
-1.956519999999999926e-01
-1.525420000000000109e-01
-4.062500000000000000e-01
-4.174760000000000137e-01
-1.204820000000000023e-02
-1.544719999999999982e-01
-3.846149999999999847e-01
-4.174760000000000137e-01
4.444440000000000196e-02
-8.799999999999999489e-02
-4.687500000000000000e-01
-4.423079999999999790e-01
-8.045979999999999799e-02
-6.666669999999999541e-02
-4.461539999999999950e-01
-4.257429999999999826e-01
-1.052630000000000059e-02
1.562500000000000000e-02
-5.937500000000000000e-01
-4.368929999999999758e-01
-1.052630000000000059e-02
-4.687500000000000000e-02
