3.125000000000000000e-01
2.545450000000000212e-01
1.428570000000000118e-01
-2.561979999999999813e-01
2.258060000000000067e-01
2.545450000000000212e-01
1.368419999999999914e-01
-2.343750000000000000e-01
3.125000000000000000e-01
3.398059999999999969e-01
5.263160000000000061e-02
-1.875000000000000000e-01
2.580649999999999888e-01
3.076920000000000210e-01
4.347829999999999750e-02
-1.525420000000000109e-01
2.187500000000000000e-01
3.203880000000000061e-01
-1.204820000000000023e-02
-2.682930000000000037e-01
2.307690000000000019e-01
2.427179999999999893e-01
1.333330000000000071e-01
-2.640000000000000124e-01
3.125000000000000000e-01
2.500000000000000000e-01
1.034479999999999983e-01
-2.999999999999999889e-01
2.000000000000000111e-01
2.871290000000000231e-01
-1.052630000000000059e-02
-2.656250000000000000e-01
3.125000000000000000e-01
2.621359999999999801e-01
-1.052630000000000059e-02
-2.031250000000000000e-01
