-2.812500000000000000e-01
2.363639999999999908e-01
2.619049999999999989e-01
-2.479340000000000016e-02
-1.290320000000000078e-01
4.545449999999999768e-01
4.315789999999999904e-01
4.687500000000000000e-02
-3.125000000000000000e-02
5.533979999999999455e-01
4.315789999999999904e-01
4.687500000000000000e-02
-6.129029999999999756e-01
7.692309999999999426e-02
2.173910000000000078e-02
-1.864409999999999956e-01
-4.062500000000000000e-01
1.650490000000000013e-01
2.530120000000000147e-01
-1.707319999999999949e-01
-2.615379999999999927e-01
3.398059999999999969e-01
3.777780000000000027e-01
8.000000000000000167e-03
-5.000000000000000000e-01
9.615379999999999761e-02
1.149430000000000070e-02
-2.500000000000000000e-01
-3.846149999999999847e-01
2.079209999999999947e-01
7.368420000000000525e-02
-1.093750000000000000e-01
-4.062500000000000000e-01
2.427179999999999893e-01
1.578950000000000076e-01
-1.093750000000000000e-01
