7.812500000000000000e-01
5.272729999999999917e-01
3.571429999999999882e-01
-2.479340000000000016e-02
7.096770000000000023e-01
5.272729999999999917e-01
4.315789999999999904e-01
-1.562500000000000000e-02
7.812500000000000000e-01
6.310679999999999623e-01
4.315789999999999904e-01
-1.562500000000000000e-02
6.129029999999999756e-01
4.807690000000000019e-01
3.913039999999999852e-01
-5.084749999999999687e-02
7.187500000000000000e-01
5.922330000000000094e-01
3.493979999999999864e-01
-1.056909999999999933e-01
7.230769999999999698e-01
6.699030000000000262e-01
4.888890000000000180e-01
-4.000000000000000083e-02
6.250000000000000000e-01
5.576919999999999655e-01
4.022990000000000177e-01
-6.666669999999999541e-02
7.538460000000000161e-01
6.039600000000000524e-01
2.631580000000000030e-01
-4.687500000000000000e-02
7.500000000000000000e-01
6.504849999999999799e-01
3.473680000000000101e-01
1.562500000000000000e-02
