-2.500000000000000000e-01
5.999999999999999778e-01
6.428570000000000118e-01
1.404960000000000098e-01
-2.258060000000000067e-01
5.999999999999999778e-01
5.789469999999999894e-01
7.812500000000000000e-02
-3.750000000000000000e-01
6.310679999999999623e-01
4.736839999999999939e-01
7.812500000000000000e-02
-2.258060000000000067e-01
6.346150000000000402e-01
6.304349999999999676e-01
1.864409999999999956e-01
-2.500000000000000000e-01
7.281549999999999967e-01
5.903610000000000246e-01
5.691059999999999869e-02
-2.307690000000000019e-01
8.252429999999999488e-01
5.999999999999999778e-01
7.199999999999999456e-02
-1.562500000000000000e-01
6.153849999999999598e-01
6.091950000000000420e-01
1.000000000000000056e-01
-1.384620000000000017e-01
7.623760000000000536e-01
5.368420000000000414e-01
1.093750000000000000e-01
-3.125000000000000000e-02
6.310679999999999623e-01
6.421050000000000368e-01
1.093750000000000000e-01
