-5.937500000000000000e-01
-5.999999999999999778e-01
2.857140000000000235e-01
2.396689999999999932e-01
-7.741940000000000488e-01
-7.636359999999999815e-01
4.526319999999999788e-01
4.531250000000000000e-01
-9.375000000000000000e-01
-8.058250000000000135e-01
4.526319999999999788e-01
5.625000000000000000e-01
-7.741940000000000488e-01
-8.653849999999999598e-01
6.956520000000000481e-01
7.288139999999999619e-01
-7.812500000000000000e-01
-8.640780000000000127e-01
6.626509999999999900e-01
6.422759999999999581e-01
-8.461539999999999617e-01
-8.640780000000000127e-01
8.000000000000000444e-01
6.320000000000000062e-01
-9.062500000000000000e-01
-9.230770000000000364e-01
9.770109999999999628e-01
8.666669999999999652e-01
-8.769230000000000080e-01
-9.207920000000000549e-01
8.736840000000000162e-01
7.812500000000000000e-01
-9.062500000000000000e-01
-9.223299999999999832e-01
7.473680000000000323e-01
7.187500000000000000e-01
