-2.500000000000000000e-01
-1.636360000000000037e-01
-4.761900000000000022e-01
-6.033060000000000089e-01
-2.258060000000000067e-01
-1.636360000000000037e-01
-4.105260000000000020e-01
-5.000000000000000000e-01
-2.500000000000000000e-01
-1.067960000000000020e-01
-4.105260000000000020e-01
-5.000000000000000000e-01
-9.677420000000000466e-02
-7.692309999999999426e-02
-5.217389999999999528e-01
-5.593219999999999859e-01
-1.250000000000000000e-01
9.708740000000000425e-03
-4.457829999999999848e-01
-5.284550000000000081e-01
-2.307690000000000019e-01
-6.796119999999999939e-02
-3.555559999999999832e-01
-5.200000000000000178e-01
-3.125000000000000000e-02
0.000000000000000000e+00
-3.563220000000000276e-01
-5.999999999999999778e-01
-1.384620000000000017e-01
2.970300000000000024e-02
-4.315789999999999904e-01
-5.468750000000000000e-01
-1.562500000000000000e-01
-6.796119999999999939e-02
-3.473680000000000101e-01
-5.468750000000000000e-01
