-1.562500000000000000e-01
-1.818180000000000074e-01
-6.666670000000000096e-01
-6.528929999999999456e-01
0.000000000000000000e+00
-1.818180000000000074e-01
-4.947369999999999823e-01
-5.468750000000000000e-01
-1.562500000000000000e-01
-6.796119999999999939e-02
-4.947369999999999823e-01
-5.468750000000000000e-01
-2.580649999999999888e-01
-1.538460000000000105e-01
-6.521740000000000315e-01
-6.271189999999999820e-01
-2.812500000000000000e-01
-2.233009999999999995e-01
-5.903610000000000246e-01
-6.585370000000000390e-01
-1.692309999999999925e-01
-1.456310000000000104e-01
-4.888890000000000180e-01
-5.839999999999999636e-01
-2.812500000000000000e-01
-1.730770000000000086e-01
-6.551719999999999766e-01
-6.833329999999999682e-01
-1.384620000000000017e-01
-1.485150000000000081e-01
-5.368420000000000414e-01
-5.625000000000000000e-01
-1.562500000000000000e-01
-1.067960000000000020e-01
-3.894739999999999869e-01
-5.625000000000000000e-01
