3.750000000000000000e-01
3.818179999999999907e-01
2.380950000000000011e-01
-2.066119999999999901e-01
5.483869999999999578e-01
4.545449999999999768e-01
3.263159999999999950e-01
-7.812500000000000000e-02
5.000000000000000000e-01
6.504849999999999799e-01
5.157890000000000530e-01
-1.562500000000000000e-02
5.483869999999999578e-01
4.615380000000000038e-01
2.173910000000000009e-01
-1.525420000000000109e-01
5.000000000000000000e-01
4.757279999999999842e-01
2.771080000000000210e-01
-2.032519999999999882e-01
5.076920000000000321e-01
5.533979999999999455e-01
3.111110000000000264e-01
-7.199999999999999456e-02
5.625000000000000000e-01
4.038459999999999828e-01
8.045979999999999799e-02
-2.166669999999999985e-01
4.461539999999999950e-01
4.455450000000000244e-01
2.210529999999999995e-01
-1.875000000000000000e-01
4.375000000000000000e-01
4.174760000000000137e-01
1.368419999999999914e-01
-1.875000000000000000e-01
