6.250000000000000000e-01
4.545449999999999768e-01
4.761900000000000022e-01
-2.479340000000000016e-02
8.387099999999999556e-01
5.454550000000000232e-01
5.157890000000000530e-01
-7.812500000000000000e-02
9.062500000000000000e-01
6.504849999999999799e-01
4.315789999999999904e-01
-1.562500000000000000e-02
8.387099999999999556e-01
6.153849999999999598e-01
2.173910000000000009e-01
-8.474579999999999613e-02
7.812500000000000000e-01
6.310679999999999623e-01
3.734939999999999927e-01
-1.382110000000000005e-01
6.615379999999999594e-01
5.533979999999999455e-01
4.000000000000000222e-01
8.000000000000000167e-03
7.187500000000000000e-01
5.769229999999999636e-01
4.712640000000000162e-01
-8.333329999999999904e-02
7.230769999999999698e-01
6.237620000000000386e-01
4.105260000000000020e-01
-6.250000000000000000e-02
5.625000000000000000e-01
6.699030000000000262e-01
3.052630000000000066e-01
-1.562500000000000000e-02
