3.437500000000000000e-01
3.090910000000000046e-01
2.857140000000000235e-01
-1.735540000000000138e-01
5.161289999999999489e-01
3.090910000000000046e-01
1.578950000000000076e-01
-1.093750000000000000e-01
4.687500000000000000e-01
4.757279999999999842e-01
1.578950000000000076e-01
-1.093750000000000000e-01
4.516129999999999867e-01
3.461540000000000172e-01
1.304349999999999954e-01
-1.525420000000000109e-01
3.125000000000000000e-01
3.592230000000000145e-01
1.807229999999999948e-01
-2.032519999999999882e-01
6.615379999999999594e-01
5.339810000000000390e-01
4.222219999999999862e-01
-2.400000000000000050e-02
5.000000000000000000e-01
4.423079999999999790e-01
4.252870000000000261e-01
-1.166670000000000068e-01
3.846149999999999847e-01
6.633660000000000112e-01
1.789469999999999950e-01
-9.375000000000000000e-02
3.750000000000000000e-01
5.339810000000000390e-01
2.842109999999999914e-01
-9.375000000000000000e-02
