3.750000000000000000e-01
3.636360000000000148e-01
9.523810000000000608e-02
-1.735540000000000138e-01
2.903229999999999977e-01
3.636360000000000148e-01
9.473679999999999601e-02
-2.187500000000000000e-01
3.750000000000000000e-01
3.009709999999999885e-01
9.473679999999999601e-02
-2.187500000000000000e-01
4.193549999999999778e-01
4.615380000000000038e-01
1.086960000000000010e-01
-1.864409999999999956e-01
3.750000000000000000e-01
3.980580000000000229e-01
1.566269999999999885e-01
-2.845530000000000004e-01
3.846149999999999847e-01
3.980580000000000229e-01
2.000000000000000111e-01
-1.680000000000000104e-01
3.750000000000000000e-01
5.384619999999999962e-01
3.793099999999999805e-01
-1.166670000000000068e-01
3.846149999999999847e-01
4.257429999999999826e-01
1.368419999999999914e-01
-2.187500000000000000e-01
3.750000000000000000e-01
3.980580000000000229e-01
1.368419999999999914e-01
-2.187500000000000000e-01
