-2.500000000000000000e-01
3.818179999999999907e-01
3.571429999999999882e-01
-9.090910000000000657e-02
-3.548390000000000155e-01
1.636360000000000037e-01
1.368419999999999914e-01
-1.875000000000000000e-01
-2.500000000000000000e-01
1.650490000000000013e-01
-3.157890000000000003e-02
-1.875000000000000000e-01
0.000000000000000000e+00
5.384619999999999962e-01
4.130429999999999935e-01
6.779659999999999853e-02
-1.562500000000000000e-01
3.980580000000000229e-01
2.771080000000000210e-01
-2.032519999999999882e-01
-1.384620000000000017e-01
2.427179999999999893e-01
-4.444440000000000196e-02
-2.000000000000000111e-01
-6.250000000000000000e-02
7.500000000000000000e-01
7.011490000000000222e-01
1.000000000000000056e-01
-4.615380000000000177e-02
7.029699999999999838e-01
5.157890000000000530e-01
4.687500000000000000e-02
-1.875000000000000000e-01
4.174760000000000137e-01
1.368419999999999914e-01
-6.250000000000000000e-02
