-1.562500000000000000e-01
1.818180000000000143e-02
-4.761900000000000160e-02
-2.396689999999999932e-01
-3.870970000000000244e-01
-1.818180000000000074e-01
-2.631580000000000030e-01
-3.437500000000000000e-01
-5.312500000000000000e-01
-2.038830000000000087e-01
-2.631580000000000030e-01
-2.812500000000000000e-01
-3.225809999999999789e-02
3.269230000000000191e-01
1.086960000000000010e-01
-5.084749999999999687e-02
-2.812500000000000000e-01
9.708740000000000425e-03
-2.289160000000000084e-01
-2.845530000000000004e-01
-4.769229999999999858e-01
-3.009709999999999885e-01
-2.444439999999999946e-01
-3.439999999999999725e-01
-4.062500000000000000e-01
-1.153850000000000015e-01
1.149430000000000070e-02
-2.500000000000000000e-01
-3.846149999999999847e-01
-8.910890000000000477e-02
-9.473679999999999601e-02
-2.812500000000000000e-01
-2.812500000000000000e-01
-1.067960000000000020e-01
-9.473679999999999601e-02
-2.812500000000000000e-01
