-6.562500000000000000e-01
-6.727269999999999639e-01
1.428570000000000118e-01
3.057849999999999735e-01
-8.709679999999999644e-01
-9.636360000000000481e-01
6.421050000000000368e-01
8.281250000000000000e-01
-9.687500000000000000e-01
-1.000000000000000000e+00
7.684210000000000207e-01
8.281250000000000000e-01
-4.838709999999999956e-01
-5.769229999999999636e-01
-3.260870000000000157e-01
-3.728810000000000180e-01
-6.250000000000000000e-01
-6.893200000000000438e-01
1.566269999999999885e-01
7.317070000000000518e-02
-7.846149999999999514e-01
-9.611650000000000471e-01
4.888890000000000180e-01
6.640000000000000346e-01
-4.062500000000000000e-01
-4.807690000000000019e-01
-3.333329999999999904e-01
-3.666670000000000207e-01
-3.846149999999999847e-01
-5.841579999999999551e-01
-1.578950000000000076e-01
-4.687500000000000000e-02
-6.250000000000000000e-01
-8.058250000000000135e-01
2.631580000000000030e-01
3.593750000000000000e-01
