3.750000000000000000e-01
4.363639999999999741e-01
4.047620000000000107e-01
-4.132229999999999931e-02
4.193549999999999778e-01
3.636360000000000148e-01
2.842109999999999914e-01
-9.375000000000000000e-02
3.750000000000000000e-01
4.563110000000000221e-01
2.842109999999999914e-01
-9.375000000000000000e-02
5.483869999999999578e-01
5.384619999999999962e-01
3.043480000000000074e-01
-6.779659999999999853e-02
5.000000000000000000e-01
4.757279999999999842e-01
3.734939999999999927e-01
-1.707319999999999949e-01
5.076920000000000321e-01
5.533979999999999455e-01
4.000000000000000222e-01
-1.039999999999999952e-01
6.562500000000000000e-01
5.384619999999999962e-01
3.793099999999999805e-01
-3.333330000000000320e-02
5.076920000000000321e-01
5.841579999999999551e-01
3.263159999999999950e-01
-9.375000000000000000e-02
5.000000000000000000e-01
4.757279999999999842e-01
2.421049999999999869e-01
-9.375000000000000000e-02
