6.250000000000000000e-02
-5.454549999999999677e-02
-3.095240000000000213e-01
-4.049590000000000134e-01
-1.290320000000000078e-01
-5.454549999999999677e-02
-3.263159999999999950e-01
-4.375000000000000000e-01
-6.250000000000000000e-02
9.708740000000000425e-03
-3.263159999999999950e-01
-4.843750000000000000e-01
3.225809999999999789e-02
1.153850000000000015e-01
-2.826089999999999991e-01
-3.389829999999999788e-01
0.000000000000000000e+00
4.854370000000000213e-02
-3.734939999999999927e-01
-4.471539999999999959e-01
1.538460000000000001e-02
4.854370000000000213e-02
-2.000000000000000111e-01
-3.760000000000000009e-01
1.250000000000000000e-01
1.538460000000000105e-01
-1.264369999999999938e-01
-4.000000000000000222e-01
1.384620000000000017e-01
1.089109999999999939e-01
-2.210529999999999995e-01
-4.062500000000000000e-01
-3.125000000000000000e-02
9.708740000000000425e-03
-3.052630000000000066e-01
-4.062500000000000000e-01
