-7.812500000000000000e-01
-8.727270000000000305e-01
3.095240000000000213e-01
3.719009999999999816e-01
-8.709679999999999644e-01
-9.636360000000000481e-01
3.684209999999999985e-01
4.843750000000000000e-01
-8.750000000000000000e-01
-9.611650000000000471e-01
1.789469999999999950e-01
3.125000000000000000e-01
-9.032259999999999733e-01
-9.615380000000000038e-01
5.000000000000000000e-01
7.966100000000000403e-01
-9.062500000000000000e-01
-9.611650000000000471e-01
5.903610000000000246e-01
6.422759999999999581e-01
-8.769230000000000080e-01
-9.611650000000000471e-01
5.999999999999999778e-01
5.839999999999999636e-01
-8.750000000000000000e-01
-9.615380000000000038e-01
7.241379999999999484e-01
8.666669999999999652e-01
-9.384620000000000184e-01
-1.000000000000000000e+00
7.684210000000000207e-01
8.281250000000000000e-01
-9.687500000000000000e-01
-1.000000000000000000e+00
7.684210000000000207e-01
6.875000000000000000e-01
