-3.125000000000000000e-02
-5.454549999999999677e-02
-2.619049999999999989e-01
-3.884299999999999975e-01
-9.677420000000000466e-02
-1.272729999999999972e-01
-2.210529999999999995e-01
-4.062500000000000000e-01
1.250000000000000000e-01
8.737860000000000071e-02
-1.368419999999999914e-01
-2.968750000000000000e-01
-2.580649999999999888e-01
-4.038459999999999828e-01
-3.913039999999999852e-01
-4.237290000000000223e-01
-2.812500000000000000e-01
-2.038830000000000087e-01
-3.012050000000000005e-01
-4.634150000000000214e-01
-1.538460000000000001e-02
2.427179999999999893e-01
-4.444440000000000196e-02
-2.640000000000000124e-01
-5.000000000000000000e-01
-5.769229999999999636e-01
-3.793099999999999805e-01
-4.666669999999999985e-01
-4.769229999999999858e-01
-4.851489999999999969e-01
-5.157890000000000530e-01
-4.218750000000000000e-01
-6.250000000000000000e-02
9.708740000000000425e-03
-2.842109999999999914e-01
-4.218750000000000000e-01
