2.187500000000000000e-01
9.090910000000000657e-02
-4.761900000000000160e-02
-3.719009999999999816e-01
1.290320000000000078e-01
9.090910000000000657e-02
-9.473679999999999601e-02
-3.437500000000000000e-01
9.375000000000000000e-02
1.650490000000000013e-01
-1.789469999999999950e-01
-4.062500000000000000e-01
9.677420000000000466e-02
2.307690000000000019e-01
-1.521740000000000037e-01
-3.728810000000000180e-01
6.250000000000000000e-02
1.650490000000000013e-01
-1.325300000000000089e-01
-4.796750000000000180e-01
7.692309999999999426e-02
1.650490000000000013e-01
-6.666669999999999541e-02
-4.079999999999999738e-01
9.375000000000000000e-02
9.615379999999999761e-02
-3.333329999999999904e-01
-4.333330000000000237e-01
-1.538460000000000001e-02
6.930690000000000461e-02
-3.263159999999999950e-01
-4.531250000000000000e-01
-1.562500000000000000e-01
-1.067960000000000020e-01
-3.263159999999999950e-01
-5.156250000000000000e-01
