-6.250000000000000000e-02
9.090910000000000657e-02
-1.428570000000000118e-01
-2.561979999999999813e-01
-3.225809999999999789e-02
-5.454549999999999677e-02
-2.842109999999999914e-01
-3.593750000000000000e-01
-1.875000000000000000e-01
9.708740000000000425e-03
-3.684209999999999985e-01
-3.593750000000000000e-01
0.000000000000000000e+00
1.730770000000000086e-01
-4.347829999999999750e-02
-1.525420000000000109e-01
-1.562500000000000000e-01
1.067960000000000020e-01
-1.084340000000000026e-01
-3.821140000000000092e-01
-1.538460000000000001e-02
4.854370000000000213e-02
-1.111110000000000014e-01
-3.119999999999999996e-01
-1.562500000000000000e-01
2.500000000000000000e-01
1.954019999999999924e-01
-1.166670000000000068e-01
-1.384620000000000017e-01
1.287129999999999941e-01
-1.052630000000000059e-02
-2.031250000000000000e-01
-1.562500000000000000e-01
1.067960000000000020e-01
-9.473679999999999601e-02
-2.656250000000000000e-01
