-2.812500000000000000e-01
-4.727270000000000083e-01
-5.238099999999999978e-01
-6.363640000000000407e-01
-2.580649999999999888e-01
-4.000000000000000222e-01
-3.684209999999999985e-01
-5.312500000000000000e-01
1.875000000000000000e-01
8.737860000000000071e-02
5.263160000000000061e-02
-2.343750000000000000e-01
-2.580649999999999888e-01
-3.076920000000000210e-01
-4.347829999999999750e-01
-5.932199999999999696e-01
-2.812500000000000000e-01
-1.650490000000000013e-01
-2.771080000000000210e-01
-3.821140000000000092e-01
2.307690000000000019e-01
2.427179999999999893e-01
1.333330000000000071e-01
-1.360000000000000098e-01
-1.562500000000000000e-01
-1.538460000000000105e-01
-4.252870000000000261e-01
-5.333329999999999460e-01
7.692309999999999426e-02
2.970300000000000024e-02
-1.789469999999999950e-01
-3.125000000000000000e-01
1.875000000000000000e-01
2.621359999999999801e-01
-1.052630000000000059e-02
-9.375000000000000000e-02
