-8.750000000000000000e-01
-9.272730000000000139e-01
3.809520000000000128e-01
4.710739999999999927e-01
-7.741940000000000488e-01
-8.727270000000000305e-01
3.473680000000000101e-01
5.156250000000000000e-01
-7.812500000000000000e-01
-8.058250000000000135e-01
3.473680000000000101e-01
4.531250000000000000e-01
-7.741940000000000488e-01
-9.230770000000000364e-01
5.652169999999999694e-01
6.101689999999999614e-01
-7.812500000000000000e-01
-9.223299999999999832e-01
5.421690000000000120e-01
4.634150000000000214e-01
-7.538460000000000161e-01
-8.640780000000000127e-01
4.444440000000000057e-01
4.560000000000000164e-01
-9.062500000000000000e-01
-9.615380000000000038e-01
8.390800000000000480e-01
6.833329999999999682e-01
-7.846149999999999514e-01
-9.207920000000000549e-01
5.157890000000000530e-01
5.000000000000000000e-01
-6.875000000000000000e-01
-8.640780000000000127e-01
3.263159999999999950e-01
3.281250000000000000e-01
