-1.562500000000000000e-01
-9.090910000000000657e-02
-2.857140000000000235e-01
-5.537189999999999612e-01
-1.290320000000000078e-01
-1.636360000000000037e-01
-3.263159999999999950e-01
-5.156250000000000000e-01
-2.812500000000000000e-01
-1.067960000000000020e-01
-4.736839999999999939e-01
-5.156250000000000000e-01
-1.290320000000000078e-01
-7.692309999999999426e-02
-3.695649999999999769e-01
-5.762709999999999777e-01
-6.250000000000000000e-02
9.708740000000000425e-03
-5.662650000000000183e-01
-6.097559999999999647e-01
-2.615379999999999927e-01
-6.796119999999999939e-02
-4.666669999999999985e-01
-5.839999999999999636e-01
-1.250000000000000000e-01
-3.846150000000000263e-02
-5.172409999999999508e-01
-6.166669999999999652e-01
-1.076919999999999961e-01
-8.910890000000000477e-02
-4.105260000000000020e-01
-6.093750000000000000e-01
-1.250000000000000000e-01
-1.067960000000000020e-01
-4.947369999999999823e-01
-6.093750000000000000e-01
