-1.562500000000000000e-01
1.818180000000000143e-02
-4.047620000000000107e-01
-4.380169999999999897e-01
-1.290320000000000078e-01
-5.454549999999999677e-02
-3.473680000000000101e-01
-4.843750000000000000e-01
-1.562500000000000000e-01
9.708740000000000425e-03
-4.315789999999999904e-01
-4.843750000000000000e-01
-1.612899999999999889e-01
0.000000000000000000e+00
-4.130429999999999935e-01
-4.915249999999999897e-01
-1.875000000000000000e-01
-6.796119999999999939e-02
-3.253010000000000068e-01
-5.284550000000000081e-01
-1.692309999999999925e-01
-6.796119999999999939e-02
-2.444439999999999946e-01
-4.560000000000000164e-01
-2.812500000000000000e-01
-1.730770000000000086e-01
-3.333329999999999904e-01
-4.333330000000000237e-01
-2.615379999999999927e-01
-2.277230000000000087e-01
-9.473679999999999601e-02
-2.187500000000000000e-01
-2.812500000000000000e-01
-3.009709999999999885e-01
-9.473679999999999601e-02
-1.562500000000000000e-01
