-4.687500000000000000e-01
-1.272729999999999972e-01
-2.380950000000000080e-02
-2.892560000000000131e-01
-4.516129999999999867e-01
-5.454549999999999677e-02
-9.473679999999999601e-02
-2.031250000000000000e-01
-3.750000000000000000e-01
1.067960000000000020e-01
-9.473679999999999601e-02
-2.031250000000000000e-01
-5.806449999999999667e-01
-1.153850000000000015e-01
-1.956519999999999926e-01
-2.711859999999999826e-01
-4.687500000000000000e-01
-2.912620000000000139e-02
-8.433730000000000393e-02
-2.682930000000000037e-01
-3.538459999999999939e-01
4.854370000000000213e-02
6.666669999999999541e-02
-2.000000000000000111e-01
-5.000000000000000000e-01
-7.692309999999999426e-02
-1.149430000000000070e-02
-3.333329999999999904e-01
-3.538459999999999939e-01
2.970300000000000024e-02
-1.368419999999999914e-01
-1.875000000000000000e-01
-2.500000000000000000e-01
1.650490000000000013e-01
5.263160000000000061e-02
-1.250000000000000000e-01
