-4.687500000000000000e-01
1.090909999999999935e-01
1.666670000000000096e-01
-1.735540000000000138e-01
-4.516129999999999867e-01
1.818180000000000074e-01
1.578950000000000076e-01
-1.562500000000000000e-01
-5.937500000000000000e-01
2.621359999999999801e-01
1.578950000000000076e-01
-9.375000000000000000e-02
-5.806449999999999667e-01
3.846150000000000263e-02
6.521739999999999482e-02
-1.525420000000000109e-01
-5.937500000000000000e-01
1.262139999999999929e-01
-8.433730000000000393e-02
-2.032519999999999882e-01
-5.692310000000000425e-01
1.262139999999999929e-01
6.666669999999999541e-02
-1.360000000000000098e-01
-5.937500000000000000e-01
7.692309999999999426e-02
8.045979999999999799e-02
-2.166669999999999985e-01
-5.692310000000000425e-01
2.970300000000000024e-02
-3.157890000000000003e-02
-2.343750000000000000e-01
-8.125000000000000000e-01
9.708740000000000425e-03
-2.210529999999999995e-01
-2.343750000000000000e-01
