-1.875000000000000000e-01
-3.454550000000000121e-01
4.761900000000000160e-02
-2.479340000000000016e-02
-4.838709999999999956e-01
-5.272729999999999917e-01
2.210529999999999995e-01
2.187500000000000000e-01
-7.187500000000000000e-01
-8.058250000000000135e-01
5.157890000000000530e-01
5.000000000000000000e-01
-7.096770000000000023e-01
-8.076919999999999655e-01
6.739129999999999843e-01
6.610169999999999657e-01
-8.125000000000000000e-01
-8.640780000000000127e-01
7.831329999999999680e-01
6.422759999999999581e-01
-9.076920000000000543e-01
-9.029129999999999656e-01
7.777779999999999694e-01
6.959999999999999520e-01
-8.750000000000000000e-01
-8.653849999999999598e-01
7.471259999999999568e-01
8.166670000000000318e-01
-8.461539999999999617e-01
-9.207920000000000549e-01
6.631580000000000252e-01
7.343750000000000000e-01
-8.750000000000000000e-01
-8.640780000000000127e-01
5.578950000000000298e-01
6.250000000000000000e-01
