-3.750000000000000000e-01
-3.818179999999999907e-01
1.428570000000000118e-01
1.570249999999999979e-01
-8.064519999999999467e-01
-8.727270000000000305e-01
1.368419999999999914e-01
2.656250000000000000e-01
-8.125000000000000000e-01
-8.640780000000000127e-01
5.263160000000000061e-02
2.187500000000000000e-01
1.290320000000000078e-01
0.000000000000000000e+00
2.173910000000000078e-02
-1.525420000000000109e-01
-5.312500000000000000e-01
-5.922330000000000094e-01
1.566269999999999885e-01
2.032519999999999882e-01
-8.461539999999999617e-01
-9.029129999999999656e-01
2.000000000000000111e-01
3.280000000000000138e-01
-6.250000000000000000e-02
7.692309999999999426e-02
-1.034479999999999983e-01
-3.333329999999999904e-01
7.692309999999999426e-02
1.089109999999999939e-01
5.263160000000000061e-02
-1.250000000000000000e-01
-4.062500000000000000e-01
-5.728159999999999918e-01
1.368419999999999914e-01
2.187500000000000000e-01
