2.187500000000000000e-01
2.363639999999999908e-01
4.761900000000000160e-02
-3.057849999999999735e-01
1.290320000000000078e-01
9.090910000000000657e-02
-9.473679999999999601e-02
-3.437500000000000000e-01
9.375000000000000000e-02
8.737860000000000071e-02
-2.631580000000000030e-01
-3.437500000000000000e-01
4.838709999999999956e-01
4.038459999999999828e-01
2.826089999999999991e-01
-1.186439999999999995e-01
4.375000000000000000e-01
4.174760000000000137e-01
3.493979999999999864e-01
-1.707319999999999949e-01
3.230770000000000031e-01
3.398059999999999969e-01
1.111110000000000014e-01
-1.680000000000000104e-01
3.437500000000000000e-01
4.615380000000000038e-01
1.954019999999999924e-01
-2.500000000000000000e-01
3.538459999999999939e-01
5.049500000000000099e-01
1.578950000000000076e-01
-1.562500000000000000e-01
4.687500000000000000e-01
4.757279999999999842e-01
1.578950000000000076e-01
-1.562500000000000000e-01
