1.875000000000000000e-01
1.090909999999999935e-01
-1.190480000000000010e-01
-2.892560000000000131e-01
2.258060000000000067e-01
1.090909999999999935e-01
-1.052630000000000059e-02
-2.656250000000000000e-01
4.062500000000000000e-01
4.563110000000000221e-01
1.578950000000000076e-01
-1.562500000000000000e-01
1.612899999999999889e-01
1.153850000000000015e-01
-1.956519999999999926e-01
-3.389829999999999788e-01
1.250000000000000000e-01
3.009709999999999885e-01
-8.433730000000000393e-02
-3.170729999999999937e-01
2.615379999999999927e-01
4.563110000000000221e-01
1.555559999999999998e-01
-2.000000000000000111e-01
1.250000000000000000e-01
2.307690000000000019e-01
-1.149430000000000070e-02
-3.333329999999999904e-01
1.384620000000000017e-01
2.673269999999999813e-01
-3.157890000000000003e-02
-2.968750000000000000e-01
1.250000000000000000e-01
2.427179999999999893e-01
-3.157890000000000003e-02
-2.968750000000000000e-01
