7.500000000000000000e-01
5.454550000000000232e-01
2.857140000000000235e-01
8.264459999999999515e-03
8.064519999999999467e-01
4.727270000000000083e-01
3.473680000000000101e-01
-4.687500000000000000e-02
6.250000000000000000e-01
4.757279999999999842e-01
2.631580000000000030e-01
-1.093750000000000000e-01
7.096770000000000023e-01
6.153849999999999598e-01
3.260870000000000157e-01
3.389829999999999927e-02
5.312500000000000000e-01
4.563110000000000221e-01
3.012050000000000005e-01
-1.382110000000000005e-01
4.153850000000000042e-01
3.592230000000000145e-01
3.333329999999999904e-01
-1.360000000000000098e-01
3.750000000000000000e-01
4.423079999999999790e-01
1.264369999999999938e-01
-2.500000000000000000e-01
2.615379999999999927e-01
3.267329999999999957e-01
-7.368420000000000525e-02
-2.656250000000000000e-01
2.500000000000000000e-01
3.009709999999999885e-01
1.052630000000000059e-02
-2.187500000000000000e-01
