-2.812500000000000000e-01
-2.181819999999999871e-01
-6.190480000000000427e-01
-6.033060000000000089e-01
-1.290320000000000078e-01
-9.090910000000000657e-02
-5.368420000000000414e-01
-5.156250000000000000e-01
-3.125000000000000000e-02
-2.912620000000000139e-02
-5.368420000000000414e-01
-4.531250000000000000e-01
-3.225809999999999789e-02
-7.692309999999999426e-02
-3.695649999999999769e-01
-5.084750000000000103e-01
-6.250000000000000000e-02
9.708740000000000425e-03
-3.734939999999999927e-01
-4.959350000000000147e-01
-4.615380000000000177e-02
9.708740000000000425e-03
-2.222220000000000029e-01
-4.239999999999999880e-01
-1.250000000000000000e-01
-3.846150000000000263e-02
-5.172409999999999508e-01
-5.500000000000000444e-01
-1.076919999999999961e-01
-9.900990000000000138e-03
-4.105260000000000020e-01
-5.000000000000000000e-01
0.000000000000000000e+00
4.854370000000000213e-02
-3.263159999999999950e-01
-4.375000000000000000e-01
