3.750000000000000000e-01
2.181819999999999871e-01
0.000000000000000000e+00
-2.396689999999999932e-01
5.483869999999999578e-01
4.363639999999999741e-01
1.789469999999999950e-01
-9.375000000000000000e-02
6.250000000000000000e-01
7.087379999999999791e-01
3.684209999999999985e-01
1.562500000000000000e-02
4.193549999999999778e-01
4.615380000000000038e-01
1.956519999999999926e-01
0.000000000000000000e+00
6.250000000000000000e-01
5.533979999999999455e-01
4.939760000000000262e-01
8.130079999999999599e-03
7.846149999999999514e-01
6.504849999999999799e-01
5.999999999999999778e-01
8.000000000000000167e-03
6.562500000000000000e-01
6.153849999999999598e-01
6.091950000000000420e-01
3.333330000000000320e-02
7.846149999999999514e-01
6.633660000000000112e-01
5.368420000000000414e-01
4.687500000000000000e-02
6.562500000000000000e-01
6.310679999999999623e-01
4.315789999999999904e-01
4.687500000000000000e-02
