-5.312500000000000000e-01
-5.636360000000000259e-01
-4.047620000000000107e-01
-3.719009999999999816e-01
-5.161289999999999489e-01
-6.181820000000000093e-01
-4.315789999999999904e-01
-4.843750000000000000e-01
-5.312500000000000000e-01
-5.922330000000000094e-01
-4.947369999999999823e-01
-4.843750000000000000e-01
-2.580649999999999888e-01
-3.653850000000000153e-01
-4.130429999999999935e-01
-4.406780000000000141e-01
-4.062500000000000000e-01
-4.951459999999999750e-01
-3.253010000000000068e-01
-4.146340000000000026e-01
-5.999999999999999778e-01
-5.728159999999999918e-01
-4.222219999999999862e-01
-4.079999999999999738e-01
-4.062500000000000000e-01
-3.653850000000000153e-01
-3.333329999999999904e-01
-4.333330000000000237e-01
-3.846149999999999847e-01
-4.059409999999999963e-01
-3.263159999999999950e-01
-3.906250000000000000e-01
-4.062500000000000000e-01
-4.757279999999999842e-01
-3.263159999999999950e-01
-3.281250000000000000e-01
