9.375000000000000000e-02
2.363639999999999908e-01
1.428570000000000118e-01
-1.074380000000000057e-01
0.000000000000000000e+00
2.363639999999999908e-01
1.368419999999999914e-01
-9.375000000000000000e-02
9.375000000000000000e-02
2.427179999999999893e-01
2.421049999999999869e-01
-1.562500000000000000e-02
-1.612899999999999889e-01
1.538460000000000105e-01
2.173910000000000078e-02
-1.186439999999999995e-01
-1.875000000000000000e-01
8.737860000000000071e-02
6.024100000000000288e-02
-2.357720000000000093e-01
-1.692309999999999925e-01
8.737860000000000071e-02
2.222220000000000098e-02
-1.680000000000000104e-01
-4.062500000000000000e-01
1.730770000000000086e-01
1.034479999999999983e-01
-1.833329999999999960e-01
-1.384620000000000017e-01
1.287129999999999941e-01
-9.473679999999999601e-02
-1.562500000000000000e-01
-1.562500000000000000e-01
1.067960000000000020e-01
-1.052630000000000059e-02
-1.562500000000000000e-01
