3.750000000000000000e-01
3.636360000000000148e-01
3.095240000000000213e-01
-1.074380000000000057e-01
5.483869999999999578e-01
4.363639999999999741e-01
9.473679999999999601e-02
-3.125000000000000000e-02
3.750000000000000000e-01
3.786410000000000053e-01
9.473679999999999601e-02
-9.375000000000000000e-02
5.483869999999999578e-01
4.615380000000000038e-01
1.956519999999999926e-01
-6.779659999999999853e-02
5.000000000000000000e-01
3.980580000000000229e-01
3.734939999999999927e-01
-5.691059999999999869e-02
1.384620000000000017e-01
3.203880000000000061e-01
2.000000000000000111e-01
-5.600000000000000117e-02
5.000000000000000000e-01
4.615380000000000038e-01
2.873560000000000003e-01
-3.333330000000000320e-02
2.307690000000000019e-01
3.465349999999999819e-01
5.263160000000000061e-02
-9.375000000000000000e-02
-1.562500000000000000e-01
3.203880000000000061e-01
2.421049999999999869e-01
-1.562500000000000000e-02
