-2.500000000000000000e-01
-2.000000000000000111e-01
-7.380949999999999456e-01
-5.702479999999999771e-01
-9.677420000000000466e-02
-2.000000000000000111e-01
-4.736839999999999939e-01
-5.312500000000000000e-01
-2.500000000000000000e-01
-6.796119999999999939e-02
-4.736839999999999939e-01
-5.781250000000000000e-01
-1.290320000000000078e-01
-1.346150000000000124e-01
-4.782609999999999917e-01
-6.440679999999999739e-01
-1.562500000000000000e-01
-1.262139999999999929e-01
-5.662650000000000183e-01
-6.747969999999999802e-01
-1.384620000000000017e-01
-2.038830000000000087e-01
-4.666669999999999985e-01
-5.999999999999999778e-01
-1.875000000000000000e-01
-7.692309999999999426e-02
-4.712640000000000162e-01
-5.833329999999999904e-01
-1.692309999999999925e-01
2.970300000000000024e-02
-3.684209999999999985e-01
-5.312500000000000000e-01
-1.875000000000000000e-01
-1.456310000000000104e-01
-5.157890000000000530e-01
-5.937500000000000000e-01
