-8.750000000000000000e-01
-8.181819999999999649e-01
7.142859999999999765e-01
7.190079999999999805e-01
-9.677419999999999911e-01
-9.090909999999999824e-01
8.736840000000000162e-01
8.906250000000000000e-01
-8.750000000000000000e-01
-9.029129999999999656e-01
8.736840000000000162e-01
9.531250000000000000e-01
-6.129029999999999756e-01
-7.500000000000000000e-01
2.826089999999999991e-01
3.728810000000000180e-01
-6.250000000000000000e-01
-8.058250000000000135e-01
4.698800000000000199e-01
4.308939999999999992e-01
-7.846149999999999514e-01
-9.611650000000000471e-01
9.555559999999999610e-01
9.519999999999999574e-01
-8.125000000000000000e-01
-8.076919999999999655e-01
5.172409999999999508e-01
6.166669999999999652e-01
-5.999999999999999778e-01
-6.435640000000000249e-01
2.631580000000000030e-01
2.500000000000000000e-01
-8.125000000000000000e-01
-7.475730000000000430e-01
4.526319999999999788e-01
7.187500000000000000e-01
