3.125000000000000000e-01
1.818180000000000074e-01
-1.190480000000000010e-01
-1.735540000000000138e-01
2.258060000000000067e-01
1.818180000000000074e-01
7.368420000000000525e-02
-2.031250000000000000e-01
1.875000000000000000e-01
2.621359999999999801e-01
-1.052630000000000059e-02
-2.656250000000000000e-01
2.903229999999999977e-01
3.653850000000000153e-01
6.521739999999999482e-02
-1.525420000000000109e-01
2.500000000000000000e-01
3.009709999999999885e-01
1.084340000000000026e-01
-2.682930000000000037e-01
1.384620000000000017e-01
1.262139999999999929e-01
-1.111110000000000014e-01
-3.760000000000000009e-01
3.750000000000000000e-01
3.076920000000000210e-01
1.724140000000000117e-01
-2.166669999999999985e-01
1.384620000000000017e-01
1.881190000000000084e-01
-3.157890000000000003e-02
-3.593750000000000000e-01
1.250000000000000000e-01
8.737860000000000071e-02
-2.210529999999999995e-01
-3.593750000000000000e-01
