-2.500000000000000000e-01
-1.636360000000000037e-01
-5.714289999999999647e-01
-4.710739999999999927e-01
3.225809999999999789e-02
-1.818180000000000143e-02
-2.421049999999999869e-01
-3.281250000000000000e-01
1.250000000000000000e-01
1.262139999999999929e-01
1.052630000000000059e-02
-2.187500000000000000e-01
-9.677420000000000466e-02
7.692309999999999426e-02
-3.478260000000000240e-01
-3.728810000000000180e-01
-1.250000000000000000e-01
9.708740000000000425e-03
-3.493979999999999864e-01
-4.634150000000000214e-01
-1.538460000000000001e-02
8.737860000000000071e-02
2.222220000000000098e-02
-2.800000000000000266e-01
-2.812500000000000000e-01
-7.692309999999999426e-02
-3.563220000000000276e-01
-4.500000000000000111e-01
-1.384620000000000017e-01
2.970300000000000024e-02
-2.631580000000000030e-01
-4.062500000000000000e-01
9.375000000000000000e-02
9.708740000000000425e-03
-1.789469999999999950e-01
-3.437500000000000000e-01
