5.000000000000000000e-01
5.272729999999999917e-01
5.952380000000000448e-01
4.132229999999999931e-02
7.096770000000000023e-01
6.181820000000000093e-01
4.315789999999999904e-01
4.687500000000000000e-02
5.000000000000000000e-01
6.310679999999999623e-01
3.263159999999999950e-01
-9.375000000000000000e-02
6.129029999999999756e-01
6.538460000000000383e-01
5.000000000000000000e-01
6.779659999999999853e-02
7.187500000000000000e-01
6.699030000000000262e-01
4.698800000000000199e-01
8.130079999999999599e-03
7.230769999999999698e-01
6.699030000000000262e-01
3.777780000000000027e-01
8.000000000000000167e-03
6.250000000000000000e-01
5.576919999999999655e-01
4.022990000000000177e-01
-6.666669999999999541e-02
6.307690000000000241e-01
5.049500000000000099e-01
2.631580000000000030e-01
-1.093750000000000000e-01
6.250000000000000000e-01
3.980580000000000229e-01
7.368420000000000525e-02
-1.562500000000000000e-01
