3.750000000000000000e-01
3.818179999999999907e-01
2.380950000000000011e-01
-9.090910000000000657e-02
0.000000000000000000e+00
-1.272729999999999972e-01
-3.052630000000000066e-01
-5.312500000000000000e-01
-3.750000000000000000e-01
-2.038830000000000087e-01
-5.578950000000000298e-01
-5.312500000000000000e-01
5.483869999999999578e-01
7.115380000000000038e-01
5.217389999999999528e-01
1.355929999999999913e-01
3.750000000000000000e-01
3.980580000000000229e-01
1.566269999999999885e-01
-2.682930000000000037e-01
-1.538460000000000001e-02
2.427179999999999893e-01
-4.444440000000000196e-02
-3.280000000000000138e-01
4.375000000000000000e-01
6.538460000000000383e-01
5.862070000000000336e-01
1.000000000000000056e-01
4.461539999999999950e-01
8.019800000000000262e-01
5.157890000000000530e-01
1.093750000000000000e-01
3.125000000000000000e-01
5.922330000000000094e-01
3.052630000000000066e-01
-1.562500000000000000e-02
