-1.875000000000000000e-01
4.909089999999999843e-01
5.714289999999999647e-01
4.132229999999999931e-02
-1.612899999999999889e-01
4.909089999999999843e-01
5.157890000000000530e-01
4.687500000000000000e-02
-1.875000000000000000e-01
6.699030000000000262e-01
5.157890000000000530e-01
4.687500000000000000e-02
-1.290320000000000078e-01
4.615380000000000038e-01
5.434780000000000166e-01
3.389829999999999927e-02
-1.562500000000000000e-01
5.728159999999999918e-01
6.385539999999999550e-01
-2.439020000000000077e-02
-1.384620000000000017e-01
6.504849999999999799e-01
6.444440000000000168e-01
1.039999999999999952e-01
-2.812500000000000000e-01
5.192309999999999981e-01
4.022990000000000177e-01
-6.666669999999999541e-02
-2.615379999999999927e-01
5.643559999999999688e-01
3.473680000000000101e-01
-4.687500000000000000e-02
6.250000000000000000e-02
6.310679999999999623e-01
3.473680000000000101e-01
-4.687500000000000000e-02
