2.187500000000000000e-01
1.090909999999999935e-01
-2.380950000000000080e-02
-3.553720000000000212e-01
2.580649999999999888e-01
1.090909999999999935e-01
-9.473679999999999601e-02
-3.281250000000000000e-01
9.375000000000000000e-02
2.427179999999999893e-01
-1.052630000000000059e-02
-3.281250000000000000e-01
2.258060000000000067e-01
2.500000000000000000e-01
-4.347829999999999750e-02
-3.220339999999999869e-01
1.875000000000000000e-01
2.621359999999999801e-01
-1.084340000000000026e-01
-3.658540000000000125e-01
3.230770000000000031e-01
1.844659999999999911e-01
4.444440000000000196e-02
-3.599999999999999867e-01
2.500000000000000000e-01
2.884619999999999962e-01
-5.747130000000000294e-02
-3.666670000000000207e-01
2.615379999999999927e-01
3.267329999999999957e-01
-7.368420000000000525e-02
-2.656250000000000000e-01
2.500000000000000000e-01
3.009709999999999885e-01
-7.368420000000000525e-02
-3.281250000000000000e-01
