-3.125000000000000000e-02
5.272729999999999917e-01
5.952380000000000448e-01
1.074380000000000057e-01
0.000000000000000000e+00
5.272729999999999917e-01
5.368420000000000414e-01
4.687500000000000000e-02
-3.125000000000000000e-02
5.533979999999999455e-01
4.315789999999999904e-01
4.687500000000000000e-02
-2.580649999999999888e-01
5.769229999999999636e-01
5.000000000000000000e-01
6.779659999999999853e-02
-2.812500000000000000e-01
5.922330000000000094e-01
5.903610000000000246e-01
8.130079999999999599e-03
-2.615379999999999927e-01
5.922330000000000094e-01
4.888890000000000180e-01
1.360000000000000098e-01
-2.812500000000000000e-01
5.576919999999999655e-01
4.022990000000000177e-01
0.000000000000000000e+00
-2.615379999999999927e-01
5.049500000000000099e-01
3.473680000000000101e-01
1.562500000000000000e-02
-2.812500000000000000e-01
4.757279999999999842e-01
4.526319999999999788e-01
-4.687500000000000000e-02
