-7.187500000000000000e-01
-7.636359999999999815e-01
-1.428570000000000118e-01
-2.479340000000000016e-02
-9.032259999999999733e-01
-9.090909999999999824e-01
1.368419999999999914e-01
2.187500000000000000e-01
-9.062500000000000000e-01
-9.611650000000000471e-01
1.368419999999999914e-01
2.187500000000000000e-01
-7.096770000000000023e-01
-7.500000000000000000e-01
-4.347829999999999750e-02
1.525420000000000109e-01
-8.125000000000000000e-01
-9.029129999999999656e-01
3.012050000000000005e-01
2.845530000000000004e-01
-1.000000000000000000e+00
-9.417480000000000295e-01
1.333330000000000071e-01
3.439999999999999725e-01
-8.750000000000000000e-01
-8.653849999999999598e-01
3.103449999999999820e-01
4.666669999999999985e-01
-6.615379999999999594e-01
-8.019800000000000262e-01
2.631580000000000030e-01
4.062500000000000000e-01
-8.750000000000000000e-01
-9.611650000000000471e-01
3.473680000000000101e-01
5.156250000000000000e-01
