7.812500000000000000e-01
5.272729999999999917e-01
5.000000000000000000e-01
8.264459999999999515e-03
7.096770000000000023e-01
4.363639999999999741e-01
3.473680000000000101e-01
-4.687500000000000000e-02
5.312500000000000000e-01
5.339810000000000390e-01
7.368420000000000525e-02
-2.031250000000000000e-01
5.483869999999999578e-01
6.153849999999999598e-01
2.608699999999999908e-01
-8.474579999999999613e-02
6.250000000000000000e-01
5.339810000000000390e-01
4.216869999999999785e-01
-7.317070000000000518e-02
5.076920000000000321e-01
4.563110000000000221e-01
3.555559999999999832e-01
-1.360000000000000098e-01
5.000000000000000000e-01
5.384619999999999962e-01
3.793099999999999805e-01
-1.000000000000000056e-01
5.076920000000000321e-01
5.049500000000000099e-01
2.210529999999999995e-01
-1.250000000000000000e-01
3.750000000000000000e-01
3.203880000000000061e-01
5.263160000000000061e-02
-1.250000000000000000e-01
