5.000000000000000000e-01
6.181820000000000093e-01
5.714289999999999647e-01
4.132229999999999931e-02
4.193549999999999778e-01
4.545449999999999768e-01
3.263159999999999950e-01
-1.250000000000000000e-01
3.750000000000000000e-01
3.980580000000000229e-01
1.368419999999999914e-01
-2.343750000000000000e-01
5.483869999999999578e-01
4.615380000000000038e-01
2.173910000000000009e-01
-8.474579999999999613e-02
3.750000000000000000e-01
5.533979999999999455e-01
3.734939999999999927e-01
-1.382110000000000005e-01
3.846149999999999847e-01
4.757279999999999842e-01
2.000000000000000111e-01
-1.360000000000000098e-01
5.625000000000000000e-01
6.538460000000000383e-01
5.862070000000000336e-01
-3.333330000000000320e-02
5.692310000000000425e-01
6.237620000000000386e-01
3.052630000000000066e-01
-1.562500000000000000e-02
4.375000000000000000e-01
6.699030000000000262e-01
3.052630000000000066e-01
-6.250000000000000000e-02
