5.000000000000000000e-01
4.545449999999999768e-01
3.571429999999999882e-01
-2.479340000000000016e-02
5.483869999999999578e-01
4.545449999999999768e-01
4.315789999999999904e-01
-1.562500000000000000e-02
5.000000000000000000e-01
6.310679999999999623e-01
4.315789999999999904e-01
1.093750000000000000e-01
6.129029999999999756e-01
5.769229999999999636e-01
3.913039999999999852e-01
0.000000000000000000e+00
4.375000000000000000e-01
4.951459999999999750e-01
3.493979999999999864e-01
-1.056909999999999933e-01
4.461539999999999950e-01
4.951459999999999750e-01
3.777780000000000027e-01
8.000000000000000167e-03
4.687500000000000000e-01
3.846149999999999847e-01
1.954019999999999924e-01
-6.666669999999999541e-02
3.538459999999999939e-01
5.049500000000000099e-01
3.473680000000000101e-01
-4.687500000000000000e-02
3.437500000000000000e-01
6.504849999999999799e-01
5.578950000000000298e-01
1.562500000000000000e-02
