-1.562500000000000000e-01
3.636360000000000148e-01
3.809520000000000128e-01
-5.785119999999999846e-02
-3.225809999999999789e-02
4.363639999999999741e-01
4.526319999999999788e-01
1.562500000000000000e-02
-1.562500000000000000e-01
5.339810000000000390e-01
2.631580000000000030e-01
-4.687500000000000000e-02
-9.677420000000000466e-02
5.192309999999999981e-01
3.478260000000000240e-01
3.389829999999999927e-02
0.000000000000000000e+00
5.339810000000000390e-01
4.216869999999999785e-01
4.065040000000000320e-02
1.538460000000000001e-02
5.339810000000000390e-01
4.444440000000000057e-01
4.000000000000000083e-02
-3.125000000000000000e-02
4.615380000000000038e-01
4.942529999999999979e-01
-3.333330000000000320e-02
-1.538460000000000001e-02
5.049500000000000099e-01
4.315789999999999904e-01
4.687500000000000000e-02
-1.250000000000000000e-01
5.533979999999999455e-01
5.157890000000000530e-01
4.687500000000000000e-02
