-2.812500000000000000e-01
-3.818179999999999907e-01
-5.714289999999999647e-01
-6.528929999999999456e-01
-3.870970000000000244e-01
-5.090909999999999602e-01
-4.315789999999999904e-01
-6.093750000000000000e-01
-3.125000000000000000e-02
9.708740000000000425e-03
-9.473679999999999601e-02
-2.812500000000000000e-01
-3.225809999999999789e-02
-7.692309999999999426e-02
-3.260870000000000157e-01
-4.406780000000000141e-01
-2.812500000000000000e-01
-4.368929999999999758e-01
-5.180719999999999770e-01
-6.585370000000000390e-01
-2.615379999999999927e-01
-3.592230000000000145e-01
-3.333329999999999904e-01
-5.200000000000000178e-01
9.375000000000000000e-02
3.846150000000000263e-02
-2.413790000000000102e-01
-4.333330000000000237e-01
-2.615379999999999927e-01
-2.871290000000000231e-01
-3.894739999999999869e-01
-5.625000000000000000e-01
-2.812500000000000000e-01
-1.650490000000000013e-01
-2.421049999999999869e-01
-3.281250000000000000e-01
