4.687500000000000000e-01
3.818179999999999907e-01
2.857140000000000235e-01
-1.239669999999999939e-01
5.161289999999999489e-01
3.818179999999999907e-01
2.631580000000000030e-01
-1.093750000000000000e-01
4.687500000000000000e-01
4.757279999999999842e-01
1.578950000000000076e-01
-1.093750000000000000e-01
4.516129999999999867e-01
5.192309999999999981e-01
2.391300000000000092e-01
-3.389829999999999927e-02
5.312500000000000000e-01
5.339810000000000390e-01
3.975899999999999990e-01
-8.943089999999999373e-02
5.384619999999999962e-01
5.339810000000000390e-01
3.333329999999999904e-01
-2.400000000000000050e-02
3.750000000000000000e-01
4.423079999999999790e-01
1.264369999999999938e-01
-1.166670000000000068e-01
5.076920000000000321e-01
5.643559999999999688e-01
2.842109999999999914e-01
-9.375000000000000000e-02
5.000000000000000000e-01
5.339810000000000390e-01
2.842109999999999914e-01
-9.375000000000000000e-02
