-6.250000000000000000e-01
-2.181819999999999871e-01
-1.904760000000000064e-01
-3.057849999999999735e-01
-6.129029999999999756e-01
-1.636360000000000037e-01
-1.578950000000000076e-01
-2.812500000000000000e-01
-5.000000000000000000e-01
1.067960000000000020e-01
-1.052630000000000059e-02
-2.187500000000000000e-01
-6.774189999999999934e-01
-1.538460000000000105e-01
-2.173910000000000009e-01
-2.711859999999999826e-01
-6.875000000000000000e-01
-6.796119999999999939e-02
-2.048190000000000011e-01
-2.520330000000000070e-01
-5.692310000000000425e-01
1.067960000000000020e-01
4.444440000000000196e-02
-1.839999999999999969e-01
-3.750000000000000000e-01
-1.153850000000000015e-01
-2.413790000000000102e-01
-2.999999999999999889e-01
-3.538459999999999939e-01
-9.900990000000000138e-03
-7.368420000000000525e-02
-2.187500000000000000e-01
-3.750000000000000000e-01
2.038830000000000087e-01
1.052630000000000059e-02
-1.562500000000000000e-01
