-1.562500000000000000e-01
3.090910000000000046e-01
2.857140000000000235e-01
-1.239669999999999939e-01
0.000000000000000000e+00
5.454550000000000232e-01
4.526319999999999788e-01
7.812500000000000000e-02
-3.125000000000000000e-02
5.728159999999999918e-01
4.526319999999999788e-01
7.812500000000000000e-02
-2.580649999999999888e-01
1.730770000000000086e-01
1.304349999999999954e-01
-1.525420000000000109e-01
-1.562500000000000000e-01
3.592230000000000145e-01
3.012050000000000005e-01
-1.382110000000000005e-01
-1.384620000000000017e-01
6.310679999999999623e-01
4.222219999999999862e-01
4.000000000000000083e-02
-3.750000000000000000e-01
1.153850000000000015e-01
-5.747130000000000294e-02
-2.500000000000000000e-01
-2.307690000000000019e-01
2.277230000000000087e-01
1.052630000000000059e-02
-1.562500000000000000e-01
-2.500000000000000000e-01
3.786410000000000053e-01
1.789469999999999950e-01
-3.125000000000000000e-02
