-5.937500000000000000e-01
-6.727269999999999639e-01
2.380950000000000011e-01
1.570249999999999979e-01
-6.774189999999999934e-01
-8.363639999999999963e-01
4.315789999999999904e-01
5.468750000000000000e-01
-9.062500000000000000e-01
-9.223299999999999832e-01
8.736840000000000162e-01
7.812500000000000000e-01
-7.419350000000000112e-01
-7.500000000000000000e-01
4.130429999999999935e-01
3.389829999999999788e-01
-6.562500000000000000e-01
-6.504849999999999799e-01
1.566269999999999885e-01
7.317070000000000518e-02
-7.230769999999999698e-01
-8.058250000000000135e-01
6.222220000000000528e-01
5.999999999999999778e-01
-8.125000000000000000e-01
-9.038460000000000383e-01
5.862070000000000336e-01
5.833329999999999904e-01
-6.923080000000000345e-01
-8.019800000000000262e-01
3.052630000000000066e-01
3.906250000000000000e-01
-6.250000000000000000e-01
-6.893200000000000438e-01
1.368419999999999914e-01
1.562500000000000000e-01
