5.625000000000000000e-01
5.636360000000000259e-01
5.714289999999999647e-01
4.132229999999999931e-02
6.129029999999999756e-01
5.636360000000000259e-01
3.052630000000000066e-01
-1.562500000000000000e-02
5.625000000000000000e-01
6.699030000000000262e-01
3.052630000000000066e-01
-1.562500000000000000e-02
6.774189999999999934e-01
5.576919999999999655e-01
4.347829999999999750e-01
-3.389829999999999927e-02
6.250000000000000000e-01
4.757279999999999842e-01
1.807229999999999948e-01
-2.032519999999999882e-01
3.538459999999999939e-01
3.980580000000000229e-01
1.333330000000000071e-01
-1.360000000000000098e-01
4.062500000000000000e-01
3.461540000000000172e-01
1.954019999999999924e-01
-2.999999999999999889e-01
3.230770000000000031e-01
2.871290000000000231e-01
7.368420000000000525e-02
-2.656250000000000000e-01
1.875000000000000000e-01
1.844659999999999911e-01
-9.473679999999999601e-02
-3.125000000000000000e-01
