-4.062500000000000000e-01
-3.272729999999999806e-01
-5.000000000000000000e-01
-3.719009999999999816e-01
-5.161289999999999489e-01
-3.272729999999999806e-01
-3.473680000000000101e-01
-4.062500000000000000e-01
-1.562500000000000000e-01
-2.815529999999999977e-01
-2.631580000000000030e-01
-4.062500000000000000e-01
9.677420000000000466e-02
7.692309999999999426e-02
-1.521740000000000037e-01
-3.050849999999999951e-01
-2.812500000000000000e-01
-2.233009999999999995e-01
-4.216869999999999785e-01
-4.146340000000000026e-01
-3.846149999999999847e-01
-3.009709999999999885e-01
-4.888890000000000180e-01
-4.079999999999999738e-01
9.375000000000000000e-02
1.730770000000000086e-01
1.149430000000000070e-02
-2.500000000000000000e-01
1.076919999999999961e-01
6.930690000000000461e-02
-2.421049999999999869e-01
-2.812500000000000000e-01
-2.812500000000000000e-01
-2.427179999999999893e-01
-3.894739999999999869e-01
-3.906250000000000000e-01
