-1.562500000000000000e-01
-1.818180000000000074e-01
-4.047620000000000107e-01
-4.380169999999999897e-01
0.000000000000000000e+00
-1.818180000000000074e-01
-4.315789999999999904e-01
-4.062500000000000000e-01
-1.562500000000000000e-01
-2.038830000000000087e-01
-3.473680000000000101e-01
-4.062500000000000000e-01
-1.612899999999999889e-01
-1.538460000000000105e-01
-3.260870000000000157e-01
-3.728810000000000180e-01
-1.875000000000000000e-01
-1.456310000000000104e-01
-4.216869999999999785e-01
-4.796750000000000180e-01
-1.692309999999999925e-01
-1.456310000000000104e-01
-3.333329999999999904e-01
-4.079999999999999738e-01
-2.812500000000000000e-01
-1.730770000000000086e-01
-2.413790000000000102e-01
-3.166669999999999763e-01
-2.615379999999999927e-01
-1.485150000000000081e-01
-3.263159999999999950e-01
-3.281250000000000000e-01
-2.812500000000000000e-01
-2.427179999999999893e-01
-3.263159999999999950e-01
-3.906250000000000000e-01
