-6.250000000000000000e-01
-5.999999999999999778e-01
-7.619050000000000544e-01
-8.181819999999999649e-01
-6.129029999999999756e-01
-4.727270000000000083e-01
-5.999999999999999778e-01
-5.937500000000000000e-01
-5.000000000000000000e-01
-3.592230000000000145e-01
-5.157890000000000530e-01
-5.312500000000000000e-01
-7.096770000000000023e-01
-5.961539999999999617e-01
-6.739129999999999843e-01
-7.288139999999999619e-01
-7.187500000000000000e-01
-4.757279999999999842e-01
-7.108430000000000026e-01
-6.910570000000000324e-01
-4.769229999999999858e-01
-3.592230000000000145e-01
-4.444440000000000057e-01
-4.400000000000000022e-01
-6.875000000000000000e-01
-5.769229999999999636e-01
-6.781610000000000138e-01
-7.166670000000000540e-01
-6.615379999999999594e-01
-4.851489999999999969e-01
-4.947369999999999823e-01
-5.468750000000000000e-01
-6.875000000000000000e-01
-4.951459999999999750e-01
-3.263159999999999950e-01
-3.750000000000000000e-01
