6.250000000000000000e-02
1.090909999999999935e-01
-1.190480000000000010e-01
-3.388430000000000053e-01
2.258060000000000067e-01
1.818180000000000074e-01
-1.052630000000000059e-02
-2.031250000000000000e-01
1.875000000000000000e-01
2.621359999999999801e-01
-1.052630000000000059e-02
-2.031250000000000000e-01
1.612899999999999889e-01
1.923080000000000067e-01
-1.086960000000000010e-01
-2.711859999999999826e-01
2.500000000000000000e-01
3.786410000000000053e-01
1.084340000000000026e-01
-3.170729999999999937e-01
2.615379999999999927e-01
3.786410000000000053e-01
1.555559999999999998e-01
-2.479999999999999982e-01
1.250000000000000000e-01
1.538460000000000105e-01
-1.149430000000000070e-02
-3.333329999999999904e-01
2.615379999999999927e-01
2.673269999999999813e-01
5.263160000000000061e-02
-2.343750000000000000e-01
2.500000000000000000e-01
3.203880000000000061e-01
1.368419999999999914e-01
-2.343750000000000000e-01
