-7.187500000000000000e-01
-1.636360000000000037e-01
-2.857140000000000235e-01
-2.396689999999999932e-01
-7.096770000000000023e-01
-1.636360000000000037e-01
-9.473679999999999601e-02
-2.187500000000000000e-01
-6.250000000000000000e-01
-2.912620000000000139e-02
-9.473679999999999601e-02
-2.812500000000000000e-01
-6.774189999999999934e-01
-7.692309999999999426e-02
-2.173910000000000009e-01
-2.711859999999999826e-01
-6.875000000000000000e-01
9.708740000000000425e-03
-2.048190000000000011e-01
-3.170729999999999937e-01
-6.615379999999999594e-01
9.708740000000000425e-03
-4.444440000000000196e-02
-2.479999999999999982e-01
-5.937500000000000000e-01
-3.846150000000000263e-02
-5.747130000000000294e-02
-2.999999999999999889e-01
-6.615379999999999594e-01
-8.910890000000000477e-02
-1.578950000000000076e-01
-2.656250000000000000e-01
-6.875000000000000000e-01
-2.912620000000000139e-02
1.052630000000000059e-02
-2.187500000000000000e-01
