-9.062500000000000000e-01
-9.090909999999999824e-01
4.761900000000000160e-02
1.570249999999999979e-01
-1.000000000000000000e+00
-9.090909999999999824e-01
5.263160000000000061e-02
2.187500000000000000e-01
-9.062500000000000000e-01
-9.611650000000000471e-01
1.368419999999999914e-01
2.187500000000000000e-01
-9.354839999999999822e-01
-9.423080000000000345e-01
1.304349999999999954e-01
4.067799999999999749e-01
-9.375000000000000000e-01
-9.029129999999999656e-01
1.807229999999999948e-01
2.195120000000000127e-01
-9.076920000000000543e-01
-9.417480000000000295e-01
1.333330000000000071e-01
2.800000000000000266e-01
-8.750000000000000000e-01
-9.615380000000000038e-01
1.034479999999999983e-01
3.499999999999999778e-01
-8.461539999999999617e-01
-8.613859999999999850e-01
1.578950000000000076e-01
1.718750000000000000e-01
-7.812500000000000000e-01
-6.893200000000000438e-01
7.368420000000000525e-02
6.250000000000000000e-02
