-5.000000000000000000e-01
-2.000000000000000111e-01
-4.523809999999999776e-01
-3.223139999999999894e-01
-4.838709999999999956e-01
-1.272729999999999972e-01
-2.210529999999999995e-01
-2.968750000000000000e-01
-5.000000000000000000e-01
-6.796119999999999939e-02
-3.157890000000000003e-02
-2.968750000000000000e-01
-5.161289999999999489e-01
-1.346150000000000124e-01
-3.913039999999999852e-01
-3.559320000000000261e-01
-5.312500000000000000e-01
-1.262139999999999929e-01
-3.012050000000000005e-01
-3.333329999999999904e-01
-3.846149999999999847e-01
9.708740000000000425e-03
-4.444440000000000196e-02
-2.000000000000000111e-01
-6.250000000000000000e-01
0.000000000000000000e+00
-1.034479999999999983e-01
-3.333329999999999904e-01
-4.769229999999999858e-01
-4.950500000000000039e-02
-1.157890000000000030e-01
-2.968750000000000000e-01
-5.000000000000000000e-01
9.708740000000000425e-03
-3.157890000000000003e-02
-2.343750000000000000e-01
