-1.875000000000000000e-01
4.909089999999999843e-01
5.714289999999999647e-01
4.132229999999999931e-02
-2.580649999999999888e-01
4.000000000000000222e-01
2.210529999999999995e-01
-6.250000000000000000e-02
-2.812500000000000000e-01
2.427179999999999893e-01
1.368419999999999914e-01
-2.343750000000000000e-01
1.290320000000000078e-01
5.576919999999999655e-01
3.260870000000000157e-01
1.016949999999999937e-01
-1.562500000000000000e-01
3.980580000000000229e-01
3.012050000000000005e-01
-1.544719999999999982e-01
-1.384620000000000017e-01
2.427179999999999893e-01
1.333330000000000071e-01
-2.000000000000000111e-01
-6.250000000000000000e-02
6.153849999999999598e-01
5.172409999999999508e-01
5.000000000000000278e-02
-2.615379999999999927e-01
4.851489999999999969e-01
3.473680000000000101e-01
-4.687500000000000000e-02
-2.812500000000000000e-01
2.621359999999999801e-01
1.578950000000000076e-01
-2.031250000000000000e-01
