9.375000000000000000e-01
1.000000000000000000e+00
9.761900000000000022e-01
2.396689999999999932e-01
1.000000000000000000e+00
8.000000000000000444e-01
7.684210000000000207e-01
1.718750000000000000e-01
5.000000000000000000e-01
8.252429999999999488e-01
6.421050000000000368e-01
1.093750000000000000e-01
6.129029999999999756e-01
5.769229999999999636e-01
2.826089999999999991e-01
-5.084749999999999687e-02
5.625000000000000000e-01
6.699030000000000262e-01
4.698800000000000199e-01
-5.691059999999999869e-02
5.692310000000000425e-01
6.699030000000000262e-01
5.999999999999999778e-01
7.199999999999999456e-02
6.250000000000000000e-01
4.615380000000000038e-01
3.103449999999999820e-01
-1.333330000000000071e-01
4.769229999999999858e-01
6.039600000000000524e-01
3.473680000000000101e-01
-1.093750000000000000e-01
4.687500000000000000e-01
4.757279999999999842e-01
3.473680000000000101e-01
-4.687500000000000000e-02
