-9.062500000000000000e-01
-9.272730000000000139e-01
1.428570000000000118e-01
2.231400000000000050e-01
-1.000000000000000000e+00
-9.272730000000000139e-01
1.368419999999999914e-01
2.656250000000000000e-01
-1.000000000000000000e+00
-9.223299999999999832e-01
1.368419999999999914e-01
2.187500000000000000e-01
-7.419350000000000112e-01
-9.615380000000000038e-01
2.173910000000000078e-02
1.355929999999999913e-01
-8.750000000000000000e-01
-9.611650000000000471e-01
6.024100000000000288e-02
7.317070000000000518e-02
-8.461539999999999617e-01
-9.029129999999999656e-01
2.000000000000000111e-01
2.000000000000000111e-01
-7.187500000000000000e-01
-7.500000000000000000e-01
-1.149430000000000070e-02
1.000000000000000056e-01
-6.923080000000000345e-01
-7.425739999999999563e-01
-1.157890000000000030e-01
-1.562500000000000000e-02
-9.062500000000000000e-01
-9.029129999999999656e-01
1.368419999999999914e-01
2.187500000000000000e-01
