5.000000000000000000e-01
5.272729999999999917e-01
4.047620000000000107e-01
-1.074380000000000057e-01
5.483869999999999578e-01
5.272729999999999917e-01
3.684209999999999985e-01
-9.375000000000000000e-02
6.250000000000000000e-01
6.310679999999999623e-01
3.684209999999999985e-01
-9.375000000000000000e-02
5.483869999999999578e-01
5.384619999999999962e-01
3.043480000000000074e-01
-1.186439999999999995e-01
5.000000000000000000e-01
5.533979999999999455e-01
3.734939999999999927e-01
-1.219510000000000038e-01
6.307690000000000241e-01
4.757279999999999842e-01
4.000000000000000222e-01
-5.600000000000000117e-02
5.000000000000000000e-01
6.153849999999999598e-01
4.942529999999999979e-01
-3.333330000000000320e-02
5.076920000000000321e-01
5.841579999999999551e-01
3.263159999999999950e-01
-1.562500000000000000e-02
6.562500000000000000e-01
6.310679999999999623e-01
4.315789999999999904e-01
-9.375000000000000000e-02
