-1.562500000000000000e-01
4.727270000000000083e-01
7.619050000000000544e-01
1.239669999999999939e-01
-1.290320000000000078e-01
5.454550000000000232e-01
5.578950000000000298e-01
7.812500000000000000e-02
-2.812500000000000000e-01
6.504849999999999799e-01
4.526319999999999788e-01
7.812500000000000000e-02
-2.580649999999999888e-01
6.153849999999999598e-01
5.434780000000000166e-01
8.474579999999999613e-02
-2.812500000000000000e-01
6.310679999999999623e-01
6.385539999999999550e-01
8.943089999999999373e-02
-2.615379999999999927e-01
6.310679999999999623e-01
6.444440000000000168e-01
1.519999999999999962e-01
-1.250000000000000000e-01
6.923080000000000345e-01
6.551719999999999766e-01
6.666669999999999541e-02
-3.538459999999999939e-01
6.633660000000000112e-01
5.789469999999999894e-01
7.812500000000000000e-02
-2.500000000000000000e-01
5.339810000000000390e-01
5.789469999999999894e-01
7.812500000000000000e-02
