-2.500000000000000000e-01
-2.545450000000000212e-01
-6.428570000000000118e-01
-6.859499999999999487e-01
-2.258060000000000067e-01
-2.000000000000000111e-01
-6.421050000000000368e-01
-5.312500000000000000e-01
-1.250000000000000000e-01
-1.456310000000000104e-01
-4.736839999999999939e-01
-5.312500000000000000e-01
-1.290320000000000078e-01
-1.346150000000000124e-01
-4.782609999999999917e-01
-6.440679999999999739e-01
-1.562500000000000000e-01
-1.262139999999999929e-01
-4.939760000000000262e-01
-6.747969999999999802e-01
-1.384620000000000017e-01
-1.262139999999999929e-01
-4.666669999999999985e-01
-5.999999999999999778e-01
-1.875000000000000000e-01
-7.692309999999999426e-02
-4.712640000000000162e-01
-5.833329999999999904e-01
-1.692309999999999925e-01
-4.950500000000000039e-02
-4.526319999999999788e-01
-5.312500000000000000e-01
-1.875000000000000000e-01
9.708740000000000425e-03
-3.684209999999999985e-01
-5.312500000000000000e-01
