-1.250000000000000000e-01
-2.545450000000000212e-01
4.761900000000000160e-02
-9.090910000000000657e-02
-4.838709999999999956e-01
-5.090909999999999602e-01
2.210529999999999995e-01
1.562500000000000000e-01
-5.000000000000000000e-01
-4.757279999999999842e-01
1.368419999999999914e-01
-1.562500000000000000e-02
-8.709679999999999644e-01
-8.653849999999999598e-01
6.304349999999999676e-01
6.271189999999999820e-01
-8.750000000000000000e-01
-8.640780000000000127e-01
6.144579999999999487e-01
5.447149999999999492e-01
-7.230769999999999698e-01
-8.058250000000000135e-01
5.111109999999999820e-01
4.719999999999999751e-01
-9.062500000000000000e-01
-8.653849999999999598e-01
7.011490000000000222e-01
6.500000000000000222e-01
-8.769230000000000080e-01
-9.009899999999999576e-01
5.157890000000000530e-01
6.250000000000000000e-01
-8.125000000000000000e-01
-9.611650000000000471e-01
6.210529999999999662e-01
6.718750000000000000e-01
