3.750000000000000000e-01
3.090910000000000046e-01
4.761900000000000160e-02
-2.396689999999999932e-01
4.193549999999999778e-01
3.090910000000000046e-01
1.368419999999999914e-01
-2.187500000000000000e-01
6.562500000000000000e-01
5.533979999999999455e-01
2.421049999999999869e-01
-9.375000000000000000e-02
3.548390000000000155e-01
3.269230000000000191e-01
2.173910000000000078e-02
-2.372879999999999989e-01
3.125000000000000000e-01
3.398059999999999969e-01
6.024100000000000288e-02
-2.845530000000000004e-01
5.692310000000000425e-01
4.951459999999999750e-01
3.777780000000000027e-01
-1.039999999999999952e-01
3.437500000000000000e-01
3.076920000000000210e-01
1.954019999999999924e-01
-2.500000000000000000e-01
3.538459999999999939e-01
3.465349999999999819e-01
7.368420000000000525e-02
-2.187500000000000000e-01
4.687500000000000000e-01
4.757279999999999842e-01
1.578950000000000076e-01
-1.562500000000000000e-01
