2.500000000000000000e-01
1.272729999999999972e-01
-9.523810000000000608e-02
-2.396689999999999932e-01
2.903229999999999977e-01
1.272729999999999972e-01
1.052630000000000059e-02
-2.187500000000000000e-01
3.750000000000000000e-01
3.009709999999999885e-01
1.052630000000000059e-02
-2.656250000000000000e-01
4.193549999999999778e-01
3.076920000000000210e-01
2.173910000000000078e-02
-2.372879999999999989e-01
3.750000000000000000e-01
3.203880000000000061e-01
6.024100000000000288e-02
-2.845530000000000004e-01
2.615379999999999927e-01
2.427179999999999893e-01
2.222220000000000098e-02
-1.680000000000000104e-01
3.750000000000000000e-01
3.076920000000000210e-01
1.724140000000000117e-01
-2.500000000000000000e-01
2.307690000000000019e-01
3.465349999999999819e-01
-3.157890000000000003e-02
-2.187500000000000000e-01
2.187500000000000000e-01
2.427179999999999893e-01
-9.473679999999999601e-02
-2.812500000000000000e-01
