7.812500000000000000e-01
5.999999999999999778e-01
6.190480000000000427e-01
5.785119999999999846e-02
7.096770000000000023e-01
4.363639999999999741e-01
3.473680000000000101e-01
1.562500000000000000e-02
5.312500000000000000e-01
3.592230000000000145e-01
7.368420000000000525e-02
-2.031250000000000000e-01
6.774189999999999934e-01
5.192309999999999981e-01
2.608699999999999908e-01
-8.474579999999999613e-02
5.000000000000000000e-01
4.563110000000000221e-01
2.048190000000000011e-01
-2.032519999999999882e-01
5.076920000000000321e-01
4.563110000000000221e-01
2.444439999999999946e-01
-1.360000000000000098e-01
2.500000000000000000e-01
3.846149999999999847e-01
1.724140000000000117e-01
-2.166669999999999985e-01
3.846149999999999847e-01
5.049500000000000099e-01
1.368419999999999914e-01
-1.875000000000000000e-01
3.750000000000000000e-01
4.757279999999999842e-01
1.368419999999999914e-01
-1.250000000000000000e-01
