-6.250000000000000000e-01
-5.454549999999999677e-02
4.761900000000000160e-02
-2.561979999999999813e-01
-4.838709999999999956e-01
1.818180000000000143e-02
-3.157890000000000003e-02
-1.250000000000000000e-01
-5.000000000000000000e-01
8.737860000000000071e-02
2.210529999999999995e-01
-1.250000000000000000e-01
-7.096770000000000023e-01
-1.153850000000000015e-01
-1.956519999999999926e-01
-2.881360000000000032e-01
-5.000000000000000000e-01
4.854370000000000213e-02
-1.084340000000000026e-01
-2.032519999999999882e-01
-4.769229999999999858e-01
1.844659999999999911e-01
1.333330000000000071e-01
-1.360000000000000098e-01
-6.875000000000000000e-01
9.615379999999999761e-02
-8.045979999999999799e-02
-2.999999999999999889e-01
-5.692310000000000425e-01
2.079209999999999947e-01
-1.052630000000000059e-02
-2.031250000000000000e-01
-4.687500000000000000e-01
1.844659999999999911e-01
1.578950000000000076e-01
-9.375000000000000000e-02
