-1.875000000000000000e-01
-5.454549999999999677e-02
-4.285709999999999797e-01
-5.702479999999999771e-01
-1.612899999999999889e-01
-1.272729999999999972e-01
-3.684209999999999985e-01
-5.312500000000000000e-01
-1.875000000000000000e-01
-6.796119999999999939e-02
-3.684209999999999985e-01
-5.312500000000000000e-01
-2.580649999999999888e-01
-3.846150000000000263e-02
-4.347829999999999750e-01
-5.423729999999999940e-01
-1.562500000000000000e-01
-1.067960000000000020e-01
-5.421690000000000120e-01
-5.772359999999999713e-01
-1.384620000000000017e-01
-1.067960000000000020e-01
-3.555559999999999832e-01
-5.520000000000000462e-01
-1.562500000000000000e-01
-1.538460000000000105e-01
-4.252870000000000261e-01
-5.999999999999999778e-01
-1.384620000000000017e-01
-1.287129999999999941e-01
-3.263159999999999950e-01
-4.843750000000000000e-01
-2.812500000000000000e-01
-6.796119999999999939e-02
-3.263159999999999950e-01
-4.843750000000000000e-01
