5.000000000000000000e-01
4.545449999999999768e-01
2.619049999999999989e-01
-1.735540000000000138e-01
4.193549999999999778e-01
3.090910000000000046e-01
2.421049999999999869e-01
-2.187500000000000000e-01
2.187500000000000000e-01
3.203880000000000061e-01
5.263160000000000061e-02
-2.187500000000000000e-01
4.838709999999999956e-01
4.807690000000000019e-01
2.826089999999999991e-01
-1.186439999999999995e-01
4.375000000000000000e-01
4.951459999999999750e-01
1.566269999999999885e-01
-1.707319999999999949e-01
4.461539999999999950e-01
4.951459999999999750e-01
2.000000000000000111e-01
-1.680000000000000104e-01
3.437500000000000000e-01
5.576919999999999655e-01
4.022990000000000177e-01
-1.333330000000000071e-01
3.538459999999999939e-01
5.049500000000000099e-01
1.578950000000000076e-01
-1.093750000000000000e-01
4.687500000000000000e-01
4.757279999999999842e-01
1.578950000000000076e-01
-1.562500000000000000e-01
