-8.125000000000000000e-01
-9.090909999999999824e-01
2.380950000000000011e-01
4.710739999999999927e-01
-6.129029999999999756e-01
-7.090910000000000268e-01
-1.157890000000000030e-01
-1.562500000000000000e-02
-1.875000000000000000e-01
-2.233009999999999995e-01
-3.684209999999999985e-01
-5.312500000000000000e-01
-3.870970000000000244e-01
-3.076920000000000210e-01
-1.956519999999999926e-01
-2.881360000000000032e-01
-1.562500000000000000e-01
-1.650490000000000013e-01
-2.771080000000000210e-01
-5.121949999999999559e-01
-1.384620000000000017e-01
-2.912620000000000139e-02
-2.000000000000000111e-01
-5.040000000000000036e-01
6.250000000000000000e-02
1.730770000000000086e-01
-2.643679999999999919e-01
-3.499999999999999778e-01
7.692309999999999426e-02
1.287129999999999941e-01
-2.631580000000000030e-01
-3.125000000000000000e-01
-6.250000000000000000e-02
1.067960000000000020e-01
-9.473679999999999601e-02
-4.375000000000000000e-01
