2.500000000000000000e-01
1.636360000000000037e-01
-4.761900000000000160e-02
-2.561979999999999813e-01
2.903229999999999977e-01
2.363639999999999908e-01
5.263160000000000061e-02
-2.343750000000000000e-01
2.500000000000000000e-01
3.203880000000000061e-01
5.263160000000000061e-02
-2.343750000000000000e-01
5.483869999999999578e-01
4.615380000000000038e-01
1.086960000000000010e-01
-1.525420000000000109e-01
3.750000000000000000e-01
3.203880000000000061e-01
6.024100000000000288e-02
-2.682930000000000037e-01
2.307690000000000019e-01
3.980580000000000229e-01
2.222220000000000098e-02
-2.000000000000000111e-01
4.375000000000000000e-01
3.269230000000000191e-01
2.643679999999999919e-01
-2.166669999999999985e-01
4.461539999999999950e-01
5.247519999999999962e-01
2.210529999999999995e-01
-1.875000000000000000e-01
4.375000000000000000e-01
3.398059999999999969e-01
1.368419999999999914e-01
-1.875000000000000000e-01
