-1.250000000000000000e-01
-1.636360000000000037e-01
-5.714289999999999647e-01
-6.033060000000000089e-01
-2.258060000000000067e-01
-1.636360000000000037e-01
-4.947369999999999823e-01
-5.625000000000000000e-01
-1.250000000000000000e-01
-1.067960000000000020e-01
-4.105260000000000020e-01
-5.625000000000000000e-01
-2.258060000000000067e-01
-7.692309999999999426e-02
-6.086960000000000148e-01
-6.101689999999999614e-01
-2.500000000000000000e-01
-1.456310000000000104e-01
-6.385539999999999550e-01
-5.934960000000000235e-01
-1.538460000000000001e-02
-6.796119999999999939e-02
-4.444440000000000057e-01
-5.200000000000000178e-01
-1.562500000000000000e-01
-2.115380000000000038e-01
-5.172409999999999508e-01
-6.666670000000000096e-01
-1.384620000000000017e-01
-1.089109999999999939e-01
-4.947369999999999823e-01
-5.468750000000000000e-01
-1.562500000000000000e-01
-1.262139999999999929e-01
-5.789469999999999894e-01
-5.468750000000000000e-01
