5.000000000000000000e-01
4.363639999999999741e-01
1.904760000000000064e-01
-1.735540000000000138e-01
4.193549999999999778e-01
3.636360000000000148e-01
1.789469999999999950e-01
-1.562500000000000000e-01
5.000000000000000000e-01
5.339810000000000390e-01
1.789469999999999950e-01
-9.375000000000000000e-02
5.483869999999999578e-01
4.615380000000000038e-01
3.043480000000000074e-01
-1.186439999999999995e-01
5.000000000000000000e-01
4.757279999999999842e-01
2.530120000000000147e-01
-1.219510000000000038e-01
6.307690000000000241e-01
5.533979999999999455e-01
4.000000000000000222e-01
-5.600000000000000117e-02
5.000000000000000000e-01
5.384619999999999962e-01
2.873560000000000003e-01
-1.166670000000000068e-01
5.076920000000000321e-01
5.049500000000000099e-01
2.421049999999999869e-01
-9.375000000000000000e-02
5.000000000000000000e-01
6.310679999999999623e-01
2.421049999999999869e-01
-9.375000000000000000e-02
