-1.875000000000000000e-01
-2.000000000000000111e-01
-5.238099999999999978e-01
-5.041320000000000245e-01
-1.612899999999999889e-01
-5.454549999999999677e-02
-3.684209999999999985e-01
-4.687500000000000000e-01
-6.250000000000000000e-02
9.708740000000000425e-03
-1.157890000000000030e-01
-3.593750000000000000e-01
-1.290320000000000078e-01
-2.500000000000000000e-01
-6.739129999999999843e-01
-5.423729999999999940e-01
-3.125000000000000000e-02
-1.067960000000000020e-01
-5.421690000000000120e-01
-5.772359999999999713e-01
-1.538460000000000001e-02
-2.912620000000000139e-02
-3.555559999999999832e-01
-4.400000000000000022e-01
-1.562500000000000000e-01
0.000000000000000000e+00
-3.333329999999999904e-01
-5.333329999999999460e-01
-4.615380000000000177e-02
-4.950500000000000039e-02
-4.105260000000000020e-01
-5.468750000000000000e-01
-1.562500000000000000e-01
-6.796119999999999939e-02
-3.263159999999999950e-01
-3.750000000000000000e-01
