6.250000000000000000e-02
3.636360000000000287e-02
-3.095240000000000213e-01
-3.388430000000000053e-01
-3.225809999999999789e-02
3.636360000000000287e-02
-9.473679999999999601e-02
-4.375000000000000000e-01
-6.250000000000000000e-02
1.067960000000000020e-01
-2.631580000000000030e-01
-4.375000000000000000e-01
1.612899999999999889e-01
1.923080000000000067e-01
-1.086960000000000010e-01
-3.389829999999999788e-01
0.000000000000000000e+00
1.262139999999999929e-01
-2.771080000000000210e-01
-4.471539999999999959e-01
1.538460000000000001e-02
1.262139999999999929e-01
-1.111110000000000014e-01
-3.760000000000000009e-01
-3.125000000000000000e-02
1.538460000000000105e-01
-1.264369999999999938e-01
-4.000000000000000222e-01
-1.538460000000000001e-02
2.673269999999999813e-01
-2.210529999999999995e-01
-3.593750000000000000e-01
1.250000000000000000e-01
8.737860000000000071e-02
-1.368419999999999914e-01
-3.593750000000000000e-01
