-6.250000000000000000e-02
-1.272729999999999972e-01
1.428570000000000118e-01
-1.404960000000000098e-01
9.677420000000000466e-02
9.090910000000000657e-02
-1.157890000000000030e-01
-2.343750000000000000e-01
6.250000000000000000e-02
2.427179999999999893e-01
5.263160000000000061e-02
-1.875000000000000000e-01
-1.290320000000000078e-01
-3.846150000000000263e-02
2.391300000000000092e-01
-3.389829999999999927e-02
9.375000000000000000e-02
2.427179999999999893e-01
-1.204820000000000023e-02
-2.682930000000000037e-01
2.307690000000000019e-01
2.427179999999999893e-01
4.444440000000000196e-02
-1.360000000000000098e-01
-1.562500000000000000e-01
-7.692309999999999426e-02
1.954019999999999924e-01
-6.666669999999999541e-02
7.692309999999999426e-02
2.079209999999999947e-01
1.578950000000000076e-01
-1.562500000000000000e-01
6.250000000000000000e-02
2.621359999999999801e-01
7.368420000000000525e-02
-2.031250000000000000e-01
