3.750000000000000000e-01
3.636360000000000148e-01
1.904760000000000064e-01
-4.132229999999999931e-02
5.483869999999999578e-01
4.363639999999999741e-01
2.842109999999999914e-01
-3.125000000000000000e-02
5.000000000000000000e-01
5.339810000000000390e-01
2.842109999999999914e-01
7.812500000000000000e-02
4.193549999999999778e-01
3.846149999999999847e-01
3.043480000000000074e-01
-6.779659999999999853e-02
3.750000000000000000e-01
3.980580000000000229e-01
2.530120000000000147e-01
-5.691059999999999869e-02
3.846149999999999847e-01
5.533979999999999455e-01
4.000000000000000222e-01
7.199999999999999456e-02
3.750000000000000000e-01
3.846149999999999847e-01
2.873560000000000003e-01
-3.333330000000000320e-02
5.076920000000000321e-01
5.049500000000000099e-01
3.263159999999999950e-01
4.687500000000000000e-02
5.000000000000000000e-01
4.757279999999999842e-01
4.315789999999999904e-01
1.093750000000000000e-01
