5.625000000000000000e-01
5.636360000000000259e-01
3.333329999999999904e-01
-2.479340000000000016e-02
6.129029999999999756e-01
5.636360000000000259e-01
3.052630000000000066e-01
-1.562500000000000000e-02
5.625000000000000000e-01
6.699030000000000262e-01
3.052630000000000066e-01
-6.250000000000000000e-02
6.774189999999999934e-01
4.615380000000000038e-01
1.304349999999999954e-01
-1.525420000000000109e-01
3.437500000000000000e-01
3.980580000000000229e-01
8.433730000000000393e-02
-2.032519999999999882e-01
2.307690000000000019e-01
3.203880000000000061e-01
1.333330000000000071e-01
-2.640000000000000124e-01
3.125000000000000000e-01
2.500000000000000000e-01
1.034479999999999983e-01
-2.999999999999999889e-01
2.000000000000000111e-01
2.079209999999999947e-01
-9.473679999999999601e-02
-3.125000000000000000e-01
1.875000000000000000e-01
1.067960000000000020e-01
-2.631580000000000030e-01
-4.375000000000000000e-01
