4.062500000000000000e-01
2.727269999999999972e-01
1.666670000000000096e-01
-2.231400000000000050e-01
3.548390000000000155e-01
1.090909999999999935e-01
-1.052630000000000059e-02
-3.125000000000000000e-01
1.875000000000000000e-01
1.067960000000000020e-01
-1.789469999999999950e-01
-3.750000000000000000e-01
2.903229999999999977e-01
3.653850000000000153e-01
-2.173910000000000078e-02
-2.711859999999999826e-01
2.500000000000000000e-01
3.009709999999999885e-01
-8.433730000000000393e-02
-3.821140000000000092e-01
1.538460000000000001e-02
1.262139999999999929e-01
-2.888890000000000069e-01
-3.760000000000000009e-01
3.750000000000000000e-01
3.846149999999999847e-01
1.724140000000000117e-01
-2.666669999999999874e-01
1.384620000000000017e-01
1.881190000000000084e-01
-1.368419999999999914e-01
-2.968750000000000000e-01
1.250000000000000000e-01
9.708740000000000425e-03
-2.210529999999999995e-01
-4.687500000000000000e-01
