-3.125000000000000000e-02
4.545449999999999768e-01
5.714289999999999647e-01
4.132229999999999931e-02
0.000000000000000000e+00
3.818179999999999907e-01
3.263159999999999950e-01
-1.562500000000000000e-02
-3.125000000000000000e-02
4.757279999999999842e-01
4.315789999999999904e-01
-1.562500000000000000e-02
-1.290320000000000078e-01
5.384619999999999962e-01
5.217389999999999528e-01
6.779659999999999853e-02
-3.125000000000000000e-02
6.310679999999999623e-01
6.144579999999999487e-01
8.130079999999999599e-03
-1.538460000000000001e-02
4.757279999999999842e-01
5.111109999999999820e-01
7.199999999999999456e-02
-1.875000000000000000e-01
4.038459999999999828e-01
3.563220000000000276e-01
-3.333330000000000320e-02
-1.692309999999999925e-01
5.247519999999999962e-01
4.105260000000000020e-01
-1.562500000000000000e-02
-6.250000000000000000e-02
5.922330000000000094e-01
5.157890000000000530e-01
4.687500000000000000e-02
