5.000000000000000000e-01
4.545449999999999768e-01
3.571429999999999882e-01
-9.090910000000000657e-02
4.193549999999999778e-01
4.545449999999999768e-01
2.210529999999999995e-01
-7.812500000000000000e-02
3.750000000000000000e-01
4.757279999999999842e-01
2.210529999999999995e-01
-1.250000000000000000e-01
4.193549999999999778e-01
5.384619999999999962e-01
1.086960000000000010e-01
-1.525420000000000109e-01
3.750000000000000000e-01
4.757279999999999842e-01
1.566269999999999885e-01
-2.032519999999999882e-01
3.846149999999999847e-01
4.757279999999999842e-01
2.000000000000000111e-01
-1.360000000000000098e-01
3.125000000000000000e-01
4.807690000000000019e-01
2.643679999999999919e-01
-8.333329999999999904e-02
3.230770000000000031e-01
3.663370000000000237e-01
2.210529999999999995e-01
-1.875000000000000000e-01
3.125000000000000000e-01
4.174760000000000137e-01
1.368419999999999914e-01
-1.875000000000000000e-01
