-3.125000000000000000e-02
5.272729999999999917e-01
5.952380000000000448e-01
4.132229999999999931e-02
0.000000000000000000e+00
5.272729999999999917e-01
5.368420000000000414e-01
1.093750000000000000e-01
-3.125000000000000000e-02
6.310679999999999623e-01
4.315789999999999904e-01
1.093750000000000000e-01
-1.612899999999999889e-01
5.769229999999999636e-01
5.000000000000000000e-01
6.779659999999999853e-02
-1.875000000000000000e-01
5.922330000000000094e-01
5.903610000000000246e-01
8.130079999999999599e-03
-1.692309999999999925e-01
6.699030000000000262e-01
5.999999999999999778e-01
7.199999999999999456e-02
-1.562500000000000000e-01
4.615380000000000038e-01
6.321839999999999682e-01
0.000000000000000000e+00
-1.384620000000000017e-01
6.039600000000000524e-01
5.578950000000000298e-01
1.562500000000000000e-02
-1.562500000000000000e-01
6.504849999999999799e-01
5.578950000000000298e-01
7.812500000000000000e-02
