-5.937500000000000000e-01
-7.090910000000000268e-01
3.809520000000000128e-01
4.214879999999999738e-01
-5.806449999999999667e-01
-4.727270000000000083e-01
7.368420000000000525e-02
6.250000000000000000e-02
-3.750000000000000000e-01
-3.009709999999999885e-01
-2.631580000000000030e-01
-3.125000000000000000e-01
-9.677420000000000466e-02
-1.153850000000000015e-01
-4.565219999999999834e-01
-4.576270000000000060e-01
-2.500000000000000000e-01
-1.067960000000000020e-01
-5.662650000000000183e-01
-6.747969999999999802e-01
-1.076919999999999961e-01
-1.844659999999999911e-01
-3.777780000000000027e-01
-5.999999999999999778e-01
-2.500000000000000000e-01
-1.538460000000000105e-01
-4.942529999999999979e-01
-6.333330000000000348e-01
-2.307690000000000019e-01
-1.287129999999999941e-01
-4.736839999999999939e-01
-5.312500000000000000e-01
-3.125000000000000000e-02
-1.456310000000000104e-01
-4.736839999999999939e-01
-6.406250000000000000e-01
